1468512538.681|0.0356903|-0.8662872|-0.4805756
1468512538.786|0.1038818|-0.9017181|-0.382309
1468512538.894|0.0958405|-0.9074402|-0.3596497
1468512538.997|0.0892334|-0.9120941|-0.4048462
1468512539.102|0.0266113|-0.9400177|-0.3624115
1468512539.206|0.097168|-0.9171753|-0.3412781
1468512539.312|0.2643585|-0.8472137|-0.3585815
1468512539.416|0.2350616|-0.8680115|-0.4427185
1468512539.52|0.1170197|-0.8806|-0.3830719
1468512539.624|0.076767|-0.9100952|-0.3684692
1468512539.729|0.1183472|-0.896759|-0.3817596
1468512539.835|0.0357361|-0.9081573|-0.3801575
1468512539.94|-0.0104218|-0.9171906|-0.3888397
1468512540.045|-0.0309753|-0.8901062|-0.425354
1468512540.15|-0.0379181|-0.9098053|-0.4425354
1468512540.254|-0.025116|-0.8769989|-0.4727631
1468512540.36|-0.0455627|-0.8833313|-0.5142212
1468512540.465|-0.0544739|-0.8815002|-0.5005341
1468512540.57|-0.0824432|-0.8957977|-0.4501038
1468512540.675|-0.0927582|-0.8983459|-0.4267578
1468512540.781|-0.0939178|-0.8788147|-0.4292145
1468512540.885|-0.0757294|-0.864502|-0.4364014
1468512540.991|-0.0675354|-0.8451233|-0.4558716
1468512541.097|-0.1113739|-0.8491974|-0.499054
1468512541.202|-0.1295013|-0.8669739|-0.5240173
1468512541.306|-0.1229401|-0.8547516|-0.4950714
1468512541.412|-0.1655273|-0.8451843|-0.488266
1468512541.517|-0.2016907|-0.84758|-0.5198364
1468512541.622|-0.2179413|-0.8358765|-0.530426
1468512541.726|-0.194046|-0.8348236|-0.5078888
1468512541.832|-0.1728973|-0.8476562|-0.5341644
1468512541.936|-0.1885986|-0.8077698|-0.5100555
1468512542.041|-0.1903381|-0.8087921|-0.537262
1468512542.146|-0.1665497|-0.807663|-0.5353088
1468512542.251|-0.1767883|-0.7854309|-0.6039734
1468512542.356|-0.1429901|-0.7547455|-0.6379547
1468512542.461|-0.1496735|-0.7186127|-0.5691528
1468512542.566|-0.0633087|-0.6278229|-0.6382904
1468512542.671|-0.2260132|-0.4684753|-0.8118439
1468512542.776|-0.1089325|-0.5407104|-0.9728241
1468512542.881|-0.3347778|-0.3368378|-1.0606232
1468512542.986|-0.1937561|-0.4433136|-0.8841705
1468512543.091|-0.1536865|-0.3939819|-0.9740601
1468512543.196|-0.1000671|-0.4832306|-0.8700256
1468512543.3|-0.0192413|-0.5710297|-0.9368591
1468512543.405|-0.0099945|-0.5457001|-0.8513184
1468512543.511|-0.0487366|-0.5859375|-0.8079529
1468512543.616|-0.0663757|-0.6111908|-0.7769775
1468512543.721|-0.0444794|-0.6342468|-0.7354584
1468512543.826|-0.0291748|-0.6298676|-0.8167114
1468512543.931|-0.042038|-0.6351166|-0.7695007
1468512544.036|-0.0478058|-0.6393738|-0.9012299
1468512544.142|-0.0755463|-0.6599579|-0.7962341
1468512544.247|-0.0561218|-0.6177826|-0.8954163
1468512544.458|-0.1011505|-0.6468048|-0.7612152
1468512544.563|-0.0734253|-0.6190186|-0.717453
1468512544.668|-0.0891876|-0.661026|-0.7194519
1468512544.773|-0.0980988|-0.638092|-0.7391815
1468512544.878|-0.0957184|-0.6111145|-0.6146088
1468512544.983|-0.0978241|-0.6497955|-0.5673828
1468512545.088|-0.0810547|-0.6714935|-0.631073
1468512545.194|-0.0583344|-0.6711426|-0.7532501
1468512545.404|-0.0315094|-0.6617432|-0.8285217
1468512545.613|-0.1141815|-0.6648407|-0.609375
1468512545.718|-0.0819702|-0.6834106|-0.6004181
1468512545.823|-0.0850525|-0.7010956|-0.6556549
1468512545.928|-0.098526|-0.6778717|-0.719101
1468512546.033|-0.0955963|-0.6877747|-0.7227325
1468512546.138|-0.1021729|-0.6802368|-0.7113495
1468512546.244|-0.095459|-0.6817474|-0.7266998
1468512546.348|-0.0986176|-0.690567|-0.7317352
1468512546.452|-0.0997314|-0.6867065|-0.7250671
1468512546.558|-0.1025696|-0.6823578|-0.7144165
1468512546.663|-0.0988007|-0.6766815|-0.7169647
1468512546.768|-0.1072235|-0.682785|-0.7082977
1468512546.872|-0.1021271|-0.6721497|-0.7431946
1468512546.977|-0.0994415|-0.6860199|-0.7676239
1468512547.082|-0.0935364|-0.6751099|-0.8136444
1468512547.187|-0.097702|-0.6716461|-0.7176514
1468512547.293|-0.1099701|-0.6805725|-0.7061615
1468512547.398|-0.0888824|-0.6951599|-0.7180176
1468512547.503|-0.0780945|-0.6995544|-0.7534943
1468512547.611|-0.1248627|-0.6739044|-0.7224579
1468512547.713|-0.0815582|-0.6898651|-0.7056885
1468512547.819|-0.078598|-0.6871948|-0.7221832
1468512547.923|-0.105423|-0.6860962|-0.6782837
1468512548.032|-0.1131897|-0.6848907|-0.6496887
1468512548.133|-0.0903015|-0.6916046|-0.7019196
1468512548.239|-0.0839691|-0.6910858|-0.7409058
1468512548.344|-0.0915375|-0.6927795|-0.7983856
1468512548.449|-0.0934143|-0.6915741|-0.7425995
1468512548.554|-0.0876617|-0.6895599|-0.8392639
1468512548.66|-0.1185455|-0.6961517|-0.6802826
1468512548.765|-0.0969086|-0.6945038|-0.7201691
1468512548.87|-0.0924683|-0.6937408|-0.6988525
1468512548.975|-0.1059723|-0.6943512|-0.7107391
1468512549.08|-0.0995483|-0.7020874|-0.7325134
1468512549.184|-0.1124268|-0.6806946|-0.7692719
1468512549.288|-0.1039581|-0.686142|-0.6773376
1468512549.394|-0.1065216|-0.698349|-0.7237701
1468512549.5|-0.1092682|-0.6914368|-0.6991425
1468512549.605|-0.1045074|-0.6948547|-0.7083588
1468512549.71|-0.1078949|-0.696991|-0.7039032
1468512549.815|-0.1048126|-0.6897736|-0.7201538
1468512549.92|-0.1041107|-0.7042542|-0.8027496
1468512550.026|-0.1047974|-0.697403|-0.7284698
1468512550.131|-0.1449585|-0.6738281|-0.6976929
1468512550.236|-0.1624298|-0.6764984|-0.7585144
1468512550.341|-0.1504364|-0.6820679|-0.7537842
1468512550.446|-0.1487885|-0.6954193|-0.7368622
1468512550.551|-0.1547394|-0.7053986|-0.6863403
1468512550.656|-0.1394653|-0.6912994|-0.6937866
1468512550.762|-0.1099396|-0.6653595|-0.6225891
1468512550.867|-0.1108246|-0.6958008|-0.6360321
1468512550.972|-0.1701202|-0.655426|-0.705658
1468512551.077|-0.1510773|-0.678833|-0.6764526
1468512551.182|-0.0052948|-0.6559448|-0.7092743
1468512551.288|0.0903778|-0.7024384|-0.7816925
1468512551.392|-0.0635681|-0.6600952|-0.7716064
1468512551.496|-0.0879059|-0.5821228|-0.8170166
1468512551.601|-0.0417328|-0.5889282|-0.8639984
1468512551.706|-0.088974|-0.6415558|-0.9512482
1468512551.811|0.013382|-0.5448456|-1.1720581
1468512551.915|-0.0278015|-0.4246063|-1.0370636
1468512552.02|-0.1653442|-0.3603058|-1.0178223
1468512552.125|-0.0066986|-0.3305054|-0.8968811
1468512552.229|0.0150299|-0.319519|-0.8806763
1468512552.333|-0.0119019|-0.4131165|-0.8499451
1468512552.438|-0.0140228|-0.4356384|-0.9562378
1468512552.543|-0.0335541|-0.369278|-0.9600983
1468512552.648|-0.0409546|-0.3463593|-0.8488312
1468512552.751|-0.0113983|-0.4033966|-0.781311
1468512552.856|-0.0652161|-0.3297577|-1.0797729
1468512552.961|-0.0359802|-0.3895416|-0.8926544
1468512553.065|0.1052856|-0.3334045|-0.9138641
1468512553.169|-0.0223541|-0.2712402|-0.9430847
1468512553.274|-0.0179291|-0.2647247|-0.9704437
1468512553.377|-0.0712891|-0.2190704|-0.9662476
1468512553.482|-0.0730286|-0.2757416|-0.8782196
1468512553.588|-0.0503845|-0.3824158|-0.9063416
1468512553.692|-0.088623|-0.3577271|-0.9098053
1468512553.797|-0.0302734|-0.3241272|-1.0593262
1468512553.901|0.0278931|-0.3355865|-0.8578186
1468512554.006|0.3465881|-0.3706055|-0.8463745
1468512554.11|-0.0094604|-0.3347168|-1.0070801
1468512554.215|-0.1369019|-0.420929|-0.8531494
1468512554.319|0.1463013|-0.3769073|-0.8644104
1468512554.424|0.2806702|-0.3170776|-0.9159088
1468512554.53|0.3989563|-0.3349152|-0.8083954
1468512554.635|0.3775482|-0.3502808|-0.9594116
1468512554.74|0.2054596|-0.3051605|-1.042038
1468512554.845|0.1337128|-0.3478241|-0.8963928
1468512554.95|0.0938416|-0.3604736|-0.8866577
1468512555.055|0.100235|-0.3990936|-0.8391571
1468512555.16|-0.1036377|-0.4002991|-1.086731
1468512555.266|0.0257111|-0.3647308|-0.9339142
1468512555.371|0.1473694|-0.3352661|-0.8771362
1468512555.476|0.2061157|-0.2837524|-1.0002747
1468512555.58|0.0693512|-0.2969055|-0.9359283
1468512555.686|-0.1342316|-0.3818054|-0.9452972
1468512555.791|-0.1604004|-0.4623566|-0.8305511
1468512555.896|-0.0790253|-0.4343414|-0.8798065
1468512556.001|-0.0190125|-0.460083|-0.855957
1468512556.107|-0.0367279|-0.410675|-0.9930115
1468512556.212|0.0813599|-0.3799286|-0.8823395
1468512556.317|0.0148468|-0.4305115|-1.0010529
1468512556.422|0.0166168|-0.3582306|-0.9428711
1468512556.527|-0.100708|-0.3755798|-0.8945923
1468512556.632|-0.1752167|-0.425766|-0.917572
1468512556.737|-0.1322479|-0.37117|-0.9187469
1468512556.842|0.0252075|-0.395813|-0.9674683
1468512556.948|0.0026855|-0.4021759|-1.2295074
1468512557.053|0.0603485|-0.4588318|-0.8827057
1468512557.158|0.1723175|-0.3264313|-1.0654297
1468512557.263|0.0934906|-0.3139954|-0.9924927
1468512557.368|-0.0796661|-0.1776581|-0.9849091
1468512557.471|-0.1968536|-0.1835785|-0.7235413
1468512557.576|-0.3681335|-0.1347656|-0.9690094
1468512557.681|-0.1909332|-0.0853729|-0.956665
1468512557.785|-0.2935638|-0.0211945|-1.0233917
1468512557.891|-0.2520447|-0.1008606|-0.9580994
1468512557.995|-0.1572266|-0.1513214|-1.002655
1468512558.099|-0.2059174|-0.2661591|-0.9555664
1468512558.204|-0.196701|-0.2088776|-1.0045624
1468512558.309|-0.1434021|-0.3302612|-0.9189606
1468512558.415|-0.2152252|-0.3516693|-0.937027
1468512558.52|-0.1273651|-0.3281097|-0.8933868
1468512558.623|-0.0743561|-0.3738251|-0.8812714
1468512558.728|-0.1468506|-0.3224487|-0.9733124
1468512558.833|-0.1726379|-0.3173981|-0.9544373
1468512558.938|-0.155838|-0.2958527|-0.9608459
1468512559.043|-0.0724335|-0.2672577|-0.9904785
1468512559.148|-0.0684662|-0.2920837|-0.9506683
1468512559.253|-0.0166626|-0.3069|-0.9066772
1468512559.358|0.0406342|-0.3092957|-1.0268707
1468512559.464|-0.0402527|-0.314743|-1.0171967
1468512559.569|0.0126343|-0.3972778|-1.0039062
1468512559.674|-0.032959|-0.3937225|-1.0309448
1468512559.779|0.0953369|-0.4176788|-0.9442596
1468512559.884|-0.0154266|-0.411087|-0.9080811
1468512559.988|-0.0239716|-0.3380127|-1.0076141
1468512560.092|-0.1107025|-0.2862854|-0.9107819
1468512560.197|-0.1762085|-0.2902985|-1.0195007
1468512560.304|-0.0918884|-0.3554382|-0.9719696
1468512560.407|-0.0766296|-0.3251801|-1.0310669
1468512560.508|-0.0856018|-0.3460999|-0.894577
1468512560.614|-0.0888519|-0.3688049|-0.9079895
1468512560.719|-0.0239868|-0.37677|-0.9473724
1468512560.824|-0.0455627|-0.3368225|-1.0518799
1468512560.929|-0.0441437|-0.2896881|-0.8619385
1468512561.033|0.0302277|-0.2721405|-0.9517212
1468512561.137|0.0589752|-0.2478333|-0.9370422
1468512561.243|0.1177979|-0.2174988|-0.9669495
1468512561.348|0.0559998|-0.2310028|-1.0201569
1468512561.452|0.0570526|-0.2468719|-0.9784241
1468512561.557|0.0101013|-0.251358|-1.0251312
1468512561.663|-0.0745087|-0.2104034|-0.9522552
1468512561.769|-0.0016174|-0.2138062|-0.9355469
1468512561.872|-0.0094452|-0.228302|-0.8834229
1468512561.977|-0.0028687|-0.216629|-0.9892273
1468512562.082|-0.0936432|-0.2086945|-0.9707336
1468512562.187|-0.0798798|-0.2677765|-0.9992371
1468512562.292|-0.0247192|-0.2787018|-1.0301361
1468512562.396|-0.0709839|-0.2803955|-1.0144348
1468512562.502|-0.036026|-0.2899323|-1.0425415
1468512562.606|-0.0215912|-0.2850952|-0.9710693
1468512562.71|-0.0093079|-0.2959747|-0.8150787
1468512562.815|0.0529022|-0.3103485|-0.8682098
1468512562.92|0.0955658|-0.3353882|-0.9075317
1468512563.027|0.0626068|-0.348053|-1.0169067
1468512563.129|-0.0119476|-0.3113861|-1.044754
1468512563.235|0.0854187|-0.3209991|-0.9968109
1468512563.34|0.0187378|-0.326416|-0.9681854
1468512563.445|0.0037689|-0.3318024|-0.9292603
1468512563.556|0.0444489|-0.3428955|-0.9069977
1468512563.655|0.0005341|-0.3421783|-0.9534302
1468512563.768|-0.0554047|-0.3609467|-0.8520508
1468512563.864|-0.0584717|-0.3570251|-0.9461212
1468512563.968|-0.0581055|-0.3528748|-0.9092255
1468512564.073|-0.1292114|-0.3669128|-0.9130249
1468512564.178|-0.1349182|-0.4078217|-0.9348602
1468512564.283|-0.0991058|-0.3852997|-0.8818665
1468512564.388|-0.1156311|-0.3830261|-0.9266052
1468512564.494|-0.0722656|-0.4055939|-0.935379
1468512564.598|-0.1000977|-0.4073334|-0.9463348
1468512564.702|-0.0911407|-0.3363037|-1.0018616
1468512564.808|-0.046814|-0.3073883|-0.9715271
1468512564.913|-0.0546112|-0.2601929|-0.8518372
1468512565.018|-0.0098877|-0.3012085|-0.9234009
1468512565.123|-0.0308533|-0.3128052|-1.0129089
1468512565.228|0.015976|-0.3487854|-0.9513245
1468512565.333|-0.0301819|-0.346283|-0.9604187
1468512565.437|-0.0411682|-0.3620453|-0.9368896
1468512565.542|-0.0355225|-0.3789978|-0.8875885
1468512565.647|-0.0235901|-0.384201|-0.9102936
1468512565.753|0.0265045|-0.3440399|-0.9427643
1468512565.858|0.0508575|-0.3422394|-0.921875
1468512565.962|0.0237122|-0.3730927|-0.9344482
1468512566.066|0.0085754|-0.3996277|-0.9027557
1468512566.172|-0.0513|-0.3571014|-0.9654999
1468512566.277|-0.0281982|-0.3212128|-0.9810333
1468512566.381|-0.0922241|-0.2917328|-0.9616089
1468512566.485|-0.1004028|-0.3295288|-0.9190979
1468512566.59|-0.1016998|-0.3212433|-0.9360657
1468512566.696|-0.0683594|-0.3170166|-0.9184418
1468512566.801|-0.1087036|-0.3065491|-0.9572601
1468512566.906|-0.0524139|-0.3138733|-0.9496002
1468512567.011|-0.0420532|-0.3454132|-0.9370117
1468512567.116|-0.0033112|-0.3232269|-1.0221252
1468512567.22|0.0230865|-0.34198|-0.9500732
1468512567.325|-0.0637207|-0.3467102|-0.962616
1468512567.43|-0.1124573|-0.3413239|-0.9615173
1468512567.535|-0.1504364|-0.3377228|-0.9315796
1468512567.639|-0.1317444|-0.3256378|-0.9342804
1468512567.745|-0.0726776|-0.3270416|-0.9632111
1468512567.85|-0.0531464|-0.3154755|-0.910141
1468512567.955|-0.0666351|-0.3271942|-0.9570465
1468512568.06|-0.0373383|-0.3296356|-0.9347839
1468512568.164|-0.0079956|-0.3409576|-0.9205933
1468512568.269|-0.0458679|-0.3442841|-0.9514618
1468512568.374|-0.0947723|-0.3424988|-0.9499054
1468512568.48|-0.0050049|-0.3451538|-0.9142456
1468512568.584|-0.0059814|-0.3422546|-0.9581909
1468512568.691|-0.0548859|-0.3669434|-0.9055328
1468512568.795|-0.0138092|-0.3466034|-0.9707642
1468512568.902|-0.0381012|-0.3397675|-0.9284668
1468512569.005|-0.016983|-0.3466949|-0.9353027
1468512569.109|-0.0463867|-0.3507233|-0.959549
1468512569.214|-0.0346832|-0.3575745|-0.9411011
1468512569.319|-0.0467529|-0.3574829|-0.9513092
1468512569.423|-0.0259399|-0.3575287|-0.9408417
1468512569.528|-0.0215149|-0.3627472|-0.9273987
1468512569.633|-0.0395203|-0.3702393|-0.9369507
1468512569.737|-0.0503845|-0.3738556|-0.9346466
1468512569.843|-0.0284119|-0.3686066|-0.9307556
1468512569.948|-0.0444489|-0.3696136|-0.8953552
1468512570.052|-0.0306091|-0.3000488|-0.9184723
1468512570.159|0.0257416|-0.3439484|-0.9061279
1468512570.264|-0.019577|-0.3676147|-0.8773193
1468512570.473|-0.01474|-0.353714|-0.8890076
1468512570.577|-0.0393677|-0.3675537|-0.8986359
1468512570.684|-0.0613403|-0.3154449|-1.0238647
1468512570.787|-0.0150757|-0.3423462|-0.9442596
1468512570.891|0.0297699|-0.3436127|-0.8907166
1468512570.996|0.0259094|-0.3544159|-0.9300537
1468512571.102|0.0748444|-0.3601685|-0.9531555
1468512571.207|0.1207428|-0.3510437|-1.0130157
1468512571.312|0.0858002|-0.2684784|-1.0191498
1468512571.42|-0.052597|-0.241684|-0.8540802
1468512571.521|-0.0870972|-0.2502594|-0.8624878
1468512571.626|-0.0641937|-0.2909546|-0.9064484
1468512571.731|-0.1036224|-0.2931824|-0.9590454
1468512571.836|-0.0959015|-0.2810822|-0.9587097
1468512571.941|-0.0845184|-0.2597809|-0.9873657
1468512572.047|-0.1396637|-0.2749786|-0.9786224
1468512572.151|-0.098465|-0.2460022|-0.9873047
1468512572.255|-0.1022644|-0.1785583|-0.9476013
1468512572.36|0.0323181|-0.2091217|-1.0089569
1468512572.465|0.0484924|-0.2470245|-1.0041962
1468512572.57|0.0270081|-0.2207947|-1.0106964
1468512572.684|0.0194855|-0.2363129|-0.9963989
1468512572.781|-0.027359|-0.2381592|-0.9967804
1468512572.885|-0.0118866|-0.2535706|-0.9675293
1468512572.991|0.0267487|-0.2519989|-0.9726257
1468512573.094|0.0304565|-0.2450562|-0.9349823
1468512573.198|-0.0315552|-0.2350311|-0.9303284
1468512573.303|-0.0474396|-0.2343292|-0.9549561
1468512573.408|-0.0654449|-0.1791382|-0.8966827
1468512573.514|0.0159149|-0.2656097|-0.7041626
1468512573.619|-0.0604858|0.0267029|-1.2470551
1468512573.724|-0.0506439|-0.0036011|-0.9550323
1468512573.829|-0.0911865|0.024231|-1.056839
1468512573.933|-0.1680756|0.1519775|-1.0556793
1468512574.038|-0.1215057|0.2207336|-1.063858
1468512574.143|-0.0761566|0.1245728|-0.9355316
1468512574.248|-0.0745697|0.0574799|-0.9002991
1468512574.353|-0.1663818|0.0730743|-0.9663849
1468512574.458|-0.2368317|0.2142487|-1.128952
1468512574.563|-0.1328278|0.1364441|-1.040802
1468512574.668|-0.1647491|0.1276703|-1.0669556
1468512574.773|-0.1373444|0.1138763|-0.9795074
1468512574.878|-0.1749725|0.1631165|-0.702179
1468512574.983|0.0081329|0.0915527|-1.05896
1468512575.087|0.0142365|0.1065216|-1.0453491
1468512575.193|-0.0272522|0.0134888|-1.0191498
1468512575.298|-0.0276947|0.0088959|-1.0092621
1468512575.402|-0.0229187|0.0109253|-1.0052032
1468512575.508|-0.0245819|0.0095367|-1.0085449
1468512575.613|-0.0292664|0.0112915|-1.0038147
1468512575.718|-0.0254517|0.0126038|-0.9940948
1468512575.823|-0.0263367|0.01297|-1.0106506
1468512575.927|-0.02211|0.0075684|-1.0087891
1468512576.033|-0.0225067|0.0125122|-1.0347443
1468512576.135|-0.0262909|0.0051727|-0.9906158
1468512576.241|-0.0271912|0.0101013|-1.0163574
1468512576.346|-0.0228424|0.0188141|-1.0432281
1468512576.451|-0.0276947|0.0133057|-1.0250854
1468512576.556|-0.0269623|0.0064392|-1.0028992
1468512576.661|-0.0272064|0.0083923|-1.0099792
1468512576.767|-0.0342865|0.0100098|-1.0102234
1468512576.976|-0.0291748|0.0059967|-0.9983978
1468512577.081|-0.0289764|0.0166321|-1.0633545
1468512577.186|-0.0259247|0.0098877|-1.0265198
1468512577.291|-0.0250244|0.0149689|-1.0323639
1468512577.397|-0.023819|0.0604553|-1.2845612
1468512577.5|-0.028183|0.0062103|-1.0005341
1468512577.605|-0.0262451|0.0017853|-0.9870911
1468512577.709|-0.0267334|0.0020599|-0.988739
1468512577.814|-0.0262909|-0.0067444|-0.9188385
1468512577.92|-0.0271759|0.0093994|-1.0170746
1468512578.025|-0.024292|0.0362244|-1.1010132
1468512578.129|-0.1017151|-0.002182|-0.8191986
1468512578.235|-0.0277252|-0.0145874|-0.9283295
1468512578.34|-0.025177|0.0091248|-1.0225067
1468512578.444|-0.1220551|-0.0007172|-0.7346191
1468512578.548|-0.0277863|-0.0185394|-0.9075623
1468512578.653|-0.0239716|0.0071716|-1.0165863
1468512578.759|-0.0240631|0.0097809|-1.0113678
1468512578.864|-0.0248566|0.0087891|-1.0002594
1468512578.969|-0.0719299|-0.0118103|-0.8061981
1468512579.073|-0.0250702|0.0036774|-0.9875336
1468512579.179|-0.0250244|0.0088501|-1.0101929
1468512579.285|-0.028183|0.0069733|-1.0059814
1468512579.389|-0.0272217|0.0079041|-1.0052338
1468512579.494|-0.0257874|0.0088348|-1.0054779
1468512579.599|-0.0243225|0.0075836|-1.0026398
1468512579.705|-0.0922089|0.0196838|-0.8606567
1468512579.81|-0.0250549|0.0093079|-1.0083008
1468512579.915|-0.0240631|0.010025|-1.0123138
1468512580.02|-0.0211029|-0.0484314|-0.8261871
1468512580.125|-0.0240326|0.0095673|-1.016098
1468512580.232|-0.0257568|0.0237885|-1.0607147
1468512580.336|-0.0148773|-0.0408783|-0.8717499
1468512580.441|-0.025238|-0.0092316|-0.9524078
1468512580.546|-0.026474|0.0088806|-1.0111542
1468512580.757|-0.0294189|-0.0032959|-0.9677277
1468512580.862|-0.0228271|0.0090332|-1.0113678
1468512580.967|-0.0228424|0.0119629|-1.0193939
1468512581.072|-0.0232239|0.000351|-0.9979706
1468512581.177|-0.0264587|0.0074158|-1.0083313
1468512581.282|-0.0262604|0.0081177|-1.0045319
1468512581.386|-0.0237885|0.0281372|-1.0769806
1468512581.492|-0.022583|0.0029449|-0.992981
1468512581.597|-0.0257721|0.0069122|-1.004303
1468512581.702|-0.0274048|0.0055084|-1.0064545
1468512581.808|-0.0264435|0.0059662|-1.0066833