1468506788.133|-0.0728302|-0.4870911|-0.893158
1468506788.153|-0.0715027|-0.4933777|-0.8891602
1468506788.174|-0.0614014|-0.5006104|-0.8823395
1468506788.195|-0.0625763|-0.4956055|-0.8712006
1468506788.217|-0.0688324|-0.491684|-0.8576965
1468506788.237|-0.066864|-0.4938812|-0.857254
1468506788.258|-0.0706787|-0.49646|-0.8577423
1468506788.279|-0.0556641|-0.5148315|-0.8573761
1468506788.3|-0.0337067|-0.5219574|-0.8772278
1468506788.321|-0.0210419|-0.5139008|-0.9078674
1468506788.342|-0.037796|-0.5248108|-0.9098663
1468506788.363|-0.0544586|-0.5363312|-0.8896637
1468506788.385|-0.0700684|-0.5239105|-0.8527222
1468506788.405|-0.062088|-0.4980011|-0.8284302
1468506788.426|-0.0274963|-0.4943237|-0.8503113
1468506788.448|-0.0365906|-0.5102997|-0.8870697
1468506788.469|0.0280304|-0.4645691|-0.7944031
1468506788.489|-0.0042267|-0.4551239|-0.9045868
1468506788.509|-0.0656891|-0.4583588|-0.8981476
1468506788.53|-0.077713|-0.396698|-0.9123993
1468506788.552|-0.0634613|-0.4236298|-0.8801575
1468506788.572|-0.0087738|-0.4723969|-0.8893433
1468506788.593|-0.0394592|-0.4557953|-0.9013519
1468506788.614|-0.0312958|-0.466568|-0.8520203
1468506788.635|-0.0281982|-0.4636841|-0.8181458
1468506788.656|-0.0361481|-0.4558563|-0.8536072
1468506788.677|-0.0253754|-0.446991|-0.8960724
1468506788.698|-0.0101166|-0.4686584|-0.8174438
1468506788.719|-0.0328369|-0.4832153|-0.7866364
1468506788.74|-0.081543|-0.4654846|-0.797287
1468506788.762|-0.0922089|-0.4246674|-0.8336792
1468506788.783|-0.0278473|-0.4614716|-0.8763123
1468506788.804|0.0940247|-0.530365|-0.867981
1468506788.825|0.1406708|-0.5649872|-0.8867645
1468506788.846|0.0557251|-0.4912262|-0.8777313
1468506788.867|-0.0079498|-0.4640503|-0.930191
1468506788.889|-0.0340271|-0.4322968|-0.9588776
1468506788.909|-0.0817261|-0.4334717|-0.9455261
1468506788.93|-0.03125|-0.4646912|-0.9356842
1468506788.951|-0.008606|-0.493576|-0.8431702
1468506788.972|0.0209198|-0.5624695|-0.8078461
1468506788.993|-0.0023041|-0.5496979|-0.7586365
1468506789.014|0.0176239|-0.5644073|-0.7433472
1468506789.036|0.0316162|-0.5595703|-0.8120728
1468506789.057|0.0069122|-0.5628052|-0.9208832
1468506789.078|0.005722|-0.5546875|-0.9499207
1468506789.099|0.0458527|-0.5716705|-1.0024261
1468506789.12|0.0578461|-0.5315094|-1.0063782
1468506789.141|0.0912628|-0.5469055|-1.0080414
1468506789.162|0.0948944|-0.5396271|-0.9945221
1468506789.183|0.0943298|-0.5560913|-0.9636536
1468506789.204|0.0351105|-0.5773773|-0.8719788
1468506789.225|0.1075745|-0.5064545|-0.9034729
1468506789.246|0.1508484|-0.5436249|-0.9203949
1468506789.267|0.0381622|-0.5871277|-0.8602295
1468506789.288|0.0352936|-0.5460205|-0.7954102
1468506789.309|0.0881653|-0.5507202|-0.7617493
1468506789.33|0.0995483|-0.5218658|-0.7130585
1468506789.351|0.0791473|-0.5255737|-0.7046204
1468506789.372|0.0626984|-0.5462646|-0.819458
1468506789.394|0.0569153|-0.5490875|-0.8549652
1468506789.414|0.0967407|-0.5440979|-0.8273773
1468506789.435|0.1209564|-0.5408936|-0.7584991
1468506789.456|0.1565857|-0.524765|-0.7271118
1468506789.478|0.1272736|-0.5118256|-0.6817017
1468506789.499|0.1594086|-0.5079956|-0.6321716
1468506789.52|0.1690216|-0.5033264|-0.5966797
1468506789.541|0.1881866|-0.509964|-0.6070557
1468506789.562|0.1540985|-0.5431976|-0.5889435
1468506789.583|0.1081085|-0.568634|-0.6350861
1468506789.604|0.0796204|-0.6495667|-0.7756653
1468506789.625|-0.1307526|-0.8010101|-0.7741852
1468506789.646|-0.1053467|-0.7081604|-0.546051
1468506789.667|-0.1960907|-0.7097931|-0.8753662
1468506789.688|-0.0467224|-0.7590637|-1.2093811
1468506789.709|0.0354462|-0.7186279|-1.2410583
1468506789.73|0.0724487|-0.6720123|-1.0597839
1468506789.751|0.0902863|-0.6628723|-0.8993835
1468506789.772|0.0870667|-0.6559143|-0.7392883
1468506789.793|0.0346985|-0.6259613|-0.7240753
1468506789.814|-0.0026855|-0.6073456|-0.722168
1468506789.835|-0.0236359|-0.6069183|-0.7139435
1468506789.855|-0.0423584|-0.6320801|-0.6999664
1468506789.876|-0.0816803|-0.6741638|-0.6724701
1468506789.897|-0.0793915|-0.6858826|-0.6470184
1468506789.919|-0.0711823|-0.655426|-0.6694794
1468506789.939|-0.0499725|-0.6719208|-0.7272186
1468506789.961|-0.0326233|-0.6691895|-0.6808319
1468506789.982|-0.0393219|-0.6801453|-0.6265411
1468506790.003|-0.0193329|-0.6765442|-0.7127533
1468506790.024|-0.033783|-0.6705475|-0.7869873
1468506790.045|-0.0317841|-0.6809998|-0.727005
1468506790.066|-0.0417786|-0.7061615|-0.6066132
1468506790.087|-0.0398712|-0.7108765|-0.586792
1468506790.108|-0.0621338|-0.7213135|-0.5635223
1468506790.129|-0.0691833|-0.705307|-0.6549225
1468506790.149|-0.0501099|-0.6929626|-0.7077484
1468506790.17|-0.0880127|-0.6971436|-0.665329
1468506790.191|-0.0886993|-0.6884003|-0.6286316
1468506790.212|-0.1333618|-0.6779938|-0.6381073
1468506790.234|-0.1510773|-0.6549072|-0.6521912
1468506790.255|-0.1779175|-0.6477356|-0.6254883
1468506790.276|-0.1730347|-0.6329956|-0.6102448
1468506790.297|-0.1505127|-0.6171112|-0.6143341
1468506790.318|-0.1040497|-0.627182|-0.5863953
1468506790.339|-0.011673|-0.6757202|-0.5285492
1468506790.36|0.0755463|-0.7658539|-0.6384277
1468506790.381|0.151886|-0.7980499|-0.7406006
1468506790.402|0.1630707|-0.8260956|-0.7159271
1468506790.423|0.1481171|-0.8293304|-0.7218933
1468506790.444|0.1328278|-0.8178253|-0.6946716
1468506790.465|0.1267395|-0.7934418|-0.6365967
1468506790.486|0.137619|-0.7408142|-0.6267395
1468506790.507|0.136734|-0.7306061|-0.642746
1468506790.528|0.1212311|-0.7279816|-0.6222076
1468506790.549|0.1145935|-0.7335205|-0.4912872
1468506790.569|0.1803131|-0.7479858|-0.4924011
1468506790.59|0.1639709|-0.7896729|-0.6880188
1468506790.612|0.1000366|-0.7119293|-0.705368
1468506790.633|0.0953674|-0.7409821|-0.6003723
1468506790.654|0.083847|-0.7434235|-0.5443878
1468506790.675|0.1045837|-0.7500763|-0.6027679
1468506790.696|0.102356|-0.7435303|-0.6533356
1468506790.717|0.1148682|-0.7420197|-0.6743317
1468506790.738|0.1051788|-0.7129364|-0.6743774
1468506790.759|0.1251678|-0.7143402|-0.6748047
1468506790.78|0.109848|-0.7232819|-0.6446533
1468506790.799|0.1284332|-0.731781|-0.6661835
1468506790.82|0.1183319|-0.7169495|-0.6973267
1468506790.841|0.1134796|-0.710907|-0.6847534
1468506790.863|0.1108093|-0.7014771|-0.6811676
1468506790.884|0.1136169|-0.7085419|-0.677887
1468506790.905|0.1316223|-0.7148743|-0.6927795
1468506790.926|0.1231689|-0.7025757|-0.7085571
1468506790.947|0.1164398|-0.6861115|-0.7037354
1468506790.968|0.1267548|-0.6795807|-0.7064972
1468506790.989|0.1262512|-0.6689911|-0.7035828
1468506791.011|0.1163025|-0.6672974|-0.7128296
1468506791.031|0.0918121|-0.656189|-0.7555847
1468506791.052|0.0869293|-0.654129|-0.761261
1468506791.074|0.098526|-0.6532288|-0.7534332
1468506791.095|0.1077118|-0.657135|-0.7328644
1468506791.116|0.1238861|-0.65979|-0.7091827
1468506791.136|0.1319885|-0.6606445|-0.71698
1468506791.158|0.1354675|-0.6533203|-0.7512054
1468506791.178|0.1319885|-0.636673|-0.7950745
1468506791.199|0.1423187|-0.6116486|-0.796051
1468506791.22|0.1474915|-0.6114044|-0.7705231
1468506791.241|0.1320801|-0.6173248|-0.7679901
1468506791.262|0.1152344|-0.6131439|-0.8089142
1468506791.283|0.1177063|-0.6082916|-0.8299103
1468506791.304|0.1359558|-0.6162567|-0.8055725
1468506791.326|0.141037|-0.6412201|-0.7906036
1468506791.347|0.1479492|-0.6464539|-0.7875519
1468506791.368|0.1476135|-0.6539154|-0.7849731
1468506791.389|0.1570282|-0.6517334|-0.7816315
1468506791.41|0.1634979|-0.6529236|-0.7646179
1468506791.431|0.1571655|-0.6591492|-0.7400818
1468506791.452|0.1570435|-0.6442566|-0.7402191
1468506791.473|0.1588745|-0.6392212|-0.7427826
1468506791.495|0.1519623|-0.6394196|-0.722229
1468506791.515|0.1448975|-0.6394806|-0.7238922
1468506791.536|0.1338654|-0.6374359|-0.7496948
1468506791.557|0.1400757|-0.6293182|-0.763092
1468506791.579|0.1292419|-0.6321716|-0.7676239
1468506791.6|0.1256104|-0.6306305|-0.773056
1468506791.621|0.1211395|-0.6355438|-0.7802124
1468506791.642|0.1179504|-0.6293793|-0.7953033
1468506791.662|0.1054993|-0.6279144|-0.7931824
1468506791.684|0.1147308|-0.6243896|-0.7702179
1468506791.705|0.1120911|-0.6296997|-0.7588959
1468506791.726|0.125885|-0.6313324|-0.7761536
1468506791.747|0.1290283|-0.6279907|-0.7874756
1468506791.768|0.1404877|-0.6343994|-0.8045044
1468506791.789|0.1348114|-0.6331024|-0.798111
1468506791.81|0.1283112|-0.6274872|-0.7893524
1468506791.832|0.1152802|-0.6260834|-0.77211
1468506791.852|0.0966187|-0.6306763|-0.7327118
1468506791.873|0.1036835|-0.6340027|-0.7230072
1468506791.894|0.1084442|-0.6322327|-0.7140198
1468506791.915|0.1060791|-0.6237488|-0.7182159
1468506791.936|0.0870056|-0.6273804|-0.7223053
1468506791.957|0.0805664|-0.6320953|-0.7601776
1468506791.978|0.0910645|-0.6295776|-0.7378998
1468506792|0.0702667|-0.6207886|-0.716156
1468506792.021|0.0791016|-0.6345062|-0.7514496
1468506792.041|0.0743408|-0.6353912|-0.7949829
1468506792.062|0.0754395|-0.6488495|-0.8028717
1468506792.084|0.0917511|-0.6232605|-0.7537079
1468506792.105|0.1115417|-0.6415558|-0.7419586
1468506792.126|0.1083069|-0.6333771|-0.7256317
1468506792.147|0.1183014|-0.6360474|-0.71875
1468506792.168|0.1199646|-0.6377869|-0.7102356
1468506792.189|0.1333923|-0.6346436|-0.7265015
1468506792.21|0.1335754|-0.6305389|-0.7319031
1468506792.232|0.1376038|-0.6260529|-0.7330475
1468506792.252|0.1297607|-0.6160736|-0.7207031
1468506792.273|0.1246338|-0.6231232|-0.7295227
1468506792.293|0.1283112|-0.6178131|-0.7514648
1468506792.314|0.1269989|-0.6237793|-0.7545776
1468506792.336|0.1246185|-0.6323395|-0.765976
1468506792.356|0.1248016|-0.6309204|-0.7624207
1468506792.377|0.1271057|-0.6429291|-0.7733917
1468506792.397|0.1204529|-0.6374512|-0.7802124
1468506792.424|0.1312408|-0.6128387|-0.7036438
1468506792.461|0.1063538|-0.6145477|-0.9212341
1468506792.482|0.0916901|-0.620636|-0.891037
1468506792.504|0.0645752|-0.6147003|-0.7568207
1468506792.525|0.0753326|-0.6226501|-0.7036438
1468506792.546|0.1096497|-0.6432343|-0.7769775
1468506792.567|0.1223297|-0.638092|-0.8043365
1468506792.588|0.0711823|-0.638916|-0.7493744
1468506792.609|0.0725708|-0.6096039|-0.7021179
1468506792.632|0.0843506|-0.6114502|-0.6751556
1468506792.651|0.1016998|-0.6427002|-0.756424
1468506792.672|0.0816345|-0.6452942|-0.8685455
1468506792.692|0.0504761|-0.5870972|-0.7769775
1468506792.714|0.0933685|-0.6324005|-0.7119141
1468506792.735|0.1100311|-0.6483917|-0.7112732
1468506792.756|0.096817|-0.6280823|-0.76651
1468506792.778|0.0765991|-0.619873|-0.6851807
1468506792.798|0.0667114|-0.6278229|-0.7379608
1468506792.82|0.1031952|-0.6332855|-0.86203
1468506792.841|0.1084442|-0.6339111|-0.81073
1468506792.862|0.0937347|-0.6301117|-0.7357941
1468506792.882|0.0894165|-0.6415253|-0.7427368
1468506792.904|0.0905609|-0.6372833|-0.7800598
1468506792.925|0.0966034|-0.6288147|-0.766037
1468506792.946|0.0972748|-0.6199646|-0.7581635
1468506792.969|0.092804|-0.6263885|-0.7556305
1468506792.987|0.0923615|-0.6260986|-0.7615356
1468506793.008|0.092865|-0.6221924|-0.7768707
1468506793.029|0.0910187|-0.6212769|-0.7595978
1468506793.051|0.09552|-0.6269073|-0.7572784
1468506793.071|0.0965271|-0.6264191|-0.7653198
1468506793.092|0.092453|-0.6244965|-0.747345
1468506793.113|0.0887756|-0.6262207|-0.7719421
1468506793.134|0.0938263|-0.6206665|-0.7477875
1468506793.159|0.0917206|-0.6014709|-0.6854706
1468506793.176|0.1183167|-0.6213379|-0.7716064
1468506793.197|0.0997314|-0.6148682|-0.8782196
1468506793.22|0.0948792|-0.6146698|-0.8463287
1468506793.239|0.1111908|-0.6359711|-0.7480774
1468506793.26|0.1241608|-0.6460571|-0.7601624
1468506793.281|0.1219025|-0.6564789|-0.7834167
1468506793.302|0.1374054|-0.6593018|-0.7661285
1468506793.323|0.1311188|-0.6539612|-0.7528839
1468506793.344|0.1365814|-0.6299744|-0.7106323
1468506793.365|0.0947876|-0.6421967|-0.7770081
1468506793.389|0.1084747|-0.640213|-0.8965912
1468506793.407|0.0938873|-0.6211548|-0.8910522
1468506793.429|0.0969543|-0.6196289|-0.7808533
1468506793.448|0.0513611|-0.6082001|-0.6962585
1468506793.471|0.0438538|-0.6301575|-0.6980896
1468506793.491|0.0449371|-0.6168365|-0.7232971
1468506793.512|0.0672302|-0.6255341|-0.7166748
1468506793.532|0.0694275|-0.6258087|-0.717865
1468506793.554|0.064209|-0.6349945|-0.738266
1468506793.575|0.0478668|-0.6452179|-0.7348175
1468506793.596|0.0609589|-0.6470947|-0.7532349
1468506793.617|0.0641632|-0.6478577|-0.7598724
1468506793.637|0.0687256|-0.6443176|-0.765976
1468506793.658|0.0675964|-0.6434937|-0.7803955
1468506793.679|0.0503387|-0.6371613|-0.7671509
1468506793.701|0.0510254|-0.6367035|-0.7636108
1468506793.721|0.0571289|-0.6419983|-0.7475586
1468506793.742|0.0486603|-0.6478882|-0.7341309
1468506793.763|0.0435638|-0.6460724|-0.7379303
1468506793.785|0.039444|-0.6538544|-0.7505035
1468506793.805|0.0475311|-0.6542358|-0.7580719
1468506793.827|0.043869|-0.6541595|-0.7571411
1468506793.847|0.0376587|-0.6492157|-0.7537994
1468506793.868|0.0395966|-0.6480255|-0.7578125
1468506793.889|0.0421448|-0.641098|-0.7624817
1468506793.91|0.0301819|-0.6391449|-0.7608337
1468506793.931|0.0003967|-0.6390991|-0.7401123
1468506793.952|0.0140686|-0.6442261|-0.7313385
1468506793.973|0.029892|-0.6457977|-0.7315674
1468506793.994|0.0487823|-0.653244|-0.7682037
1468506794.016|0.0472565|-0.6646729|-0.7879181
1468506794.037|0.0523987|-0.6829071|-0.7686462
1468506794.058|0.0440826|-0.6904144|-0.7694397
1468506794.079|0.0469055|-0.684494|-0.8105164
1468506794.1|0.0456543|-0.6837463|-0.8098145
1468506794.121|0.0645447|-0.6997223|-0.7796021
1468506794.142|0.0741882|-0.7053833|-0.7498169
1468506794.163|0.0894775|-0.7091522|-0.7346954
1468506794.184|0.080307|-0.7076874|-0.7476959
1468506794.205|0.0722809|-0.7129669|-0.7638397
1468506794.226|0.0570221|-0.6992188|-0.7498169
1468506794.247|0.0532379|-0.6822052|-0.7171021
1468506794.268|0.0501709|-0.690094|-0.6689301
1468506794.289|0.0413208|-0.6899567|-0.6552429
1468506794.31|0.0054169|-0.6790009|-0.6659088
1468506794.331|-0.0256958|-0.653717|-0.6804657
1468506794.352|-0.0413818|-0.6446381|-0.6955566
1468506794.373|-0.0574341|-0.6536407|-0.6966095
1468506794.394|-0.0713196|-0.6578369|-0.7118073
1468506794.415|-0.089386|-0.6387482|-0.6951904
1468506794.437|-0.0743256|-0.6516418|-0.6869507
1468506794.457|-0.0658875|-0.6681671|-0.6908264
1468506794.478|-0.0509949|-0.6753693|-0.7116394
1468506794.499|-0.0626678|-0.6561432|-0.704422
1468506794.521|-0.0523987|-0.6562653|-0.6777039
1468506794.542|-0.0379181|-0.6768494|-0.6655121
1468506794.563|-0.0129547|-0.6916199|-0.7064667
1468506794.584|0.0046692|-0.7009735|-0.6949005
1468506794.605|0.0250397|-0.7024384|-0.682785
1468506794.626|0.0303497|-0.72995|-0.6905365
1468506794.647|0.0411072|-0.7314453|-0.7274017
1468506794.674|0.0251312|-0.7063904|-0.7164001
1468506794.689|0.0654297|-0.6839447|-0.6168365
1468506794.71|0.0855865|-0.7058258|-0.710556
1468506794.731|0.0569153|-0.6966248|-0.8807831
1468506794.752|0.004715|-0.7254181|-0.758667
1468506794.773|0.0586243|-0.6583862|-0.5975342
1468506794.815|0.0657196|-0.7103577|-0.5328522
1468506794.836|0.0704041|-0.7229919|-0.6712494
1468506794.858|0.09021|-0.7022705|-0.7204437
1468506794.878|0.0573578|-0.6868134|-0.6322632
1468506794.9|0.052475|-0.7098694|-0.6182404
1468506794.92|0.0969849|-0.7355652|-0.7788086
1468506794.941|0.0440216|-0.6849213|-0.7131195
1468506794.962|0.0376892|-0.6824493|-0.6495209
1468506795.003|0.0701294|-0.6788788|-0.6432648
1468506795.024|0.0481415|-0.7209473|-0.6939697
1468506795.045|0.1163025|-0.7034149|-0.798645
1468506795.067|0.066864|-0.7189178|-0.7024231
1468506795.087|0.1137543|-0.7630615|-0.6898346
1468506795.108|0.0696259|-0.7173462|-0.7868042
1468506795.129|0.0616455|-0.7146301|-0.7655334
1468506795.151|0.0579071|-0.6980133|-0.7058563
1468506795.172|0.0051117|-0.696579|-0.5641174
1468506795.191|0.0427551|-0.6885529|-0.6549988
1468506795.212|0.0491638|-0.6770325|-0.7740631
1468506795.234|0.0643616|-0.6806946|-0.7806549
1468506795.255|0.0760803|-0.6639557|-0.6700897
1468506795.298|0.0602722|-0.7055206|-0.7051849
1468506795.318|0.0691681|-0.692215|-0.8057709
1468506795.34|0.0574646|-0.6908875|-0.7353668
1468506795.36|0.0748444|-0.7154694|-0.7068634
1468506795.382|0.0541229|-0.7032318|-0.7032928
1468506795.402|0.0590515|-0.6985779|-0.6938019
1468506795.442|0.0659485|-0.7009583|-0.6325531
1468506795.464|0.0693817|-0.6858215|-0.7875214
1468506795.486|0.0621643|-0.7059937|-0.7661896
1468506795.506|0.0739441|-0.7296448|-0.7045898
1468506795.527|0.05336|-0.7073364|-0.650589
1468506795.548|0.0619354|-0.7199554|-0.6194458
1468506795.569|0.0762177|-0.7080078|-0.6165009
1468506795.59|0.0751953|-0.7075348|-0.6124878
1468506795.611|0.0883179|-0.6957855|-0.6147308
1468506795.632|0.1078339|-0.7023621|-0.6360168
1468506795.658|0.1173706|-0.7219543|-0.7505493
1468506795.674|0.0910492|-0.7199097|-0.8508453
1468506795.695|0.0593414|-0.6585541|-0.7637177
1468506795.717|0.047699|-0.6783447|-0.600769
1468506795.738|0.0718689|-0.6907196|-0.640274
1468506795.759|0.0828705|-0.6981201|-0.6949158
1468506795.78|0.1208344|-0.7082672|-0.6674652
1468506795.801|0.1283264|-0.7140198|-0.609314
1468506795.822|0.138855|-0.7264404|-0.5786438
1468506795.843|0.1255341|-0.6876678|-0.5746307
1468506795.864|0.0973663|-0.6633148|-0.5568085
1468506795.889|0.1069794|-0.6216736|-0.6085205
1468506795.927|0.0747223|-0.584198|-0.7421417
1468506795.949|0.0800629|-0.5550842|-1.1492615
1468506795.971|0.0708923|-0.5142517|-1.2951202
1468506795.99|0.072998|-0.4830322|-1.0069427
1468506796.012|0.0490417|-0.5717926|-0.7991028
1468506796.032|0.0308075|-0.5667877|-0.8508911
1468506796.053|0.0375977|-0.5458984|-0.8798065
1468506796.074|0.0072937|-0.5428772|-0.8656769
1468506796.095|0.0448151|-0.5775452|-0.8369904
1468506796.116|0.064621|-0.6009674|-0.8092041
1468506796.137|0.0587463|-0.575058|-0.8170471
1468506796.158|0.1286926|-0.5962067|-0.8435211
1468506796.179|0.1268768|-0.6228027|-0.8061066
1468506796.2|0.1467285|-0.5942383|-0.7869568
1468506796.222|0.1758575|-0.6410675|-0.8321075
1468506796.242|0.1764069|-0.6360321|-0.9268951
1468506796.263|0.1383057|-0.6007538|-0.7442322
1468506796.285|0.1659241|-0.6774292|-0.6846466
1468506796.306|0.2595062|-0.7399292|-0.8193359
1468506796.327|0.2971954|-0.7642059|-0.8428192
1468506796.348|0.2973022|-0.7530975|-0.7571716
1468506796.369|0.2691193|-0.7675629|-0.6750641
1468506796.39|0.1925964|-0.7473145|-0.582428
1468506796.411|0.1155548|-0.6838226|-0.4824371
1468506796.432|0.3422089|-0.8339539|-0.5159912
1468506796.453|0.3467712|-0.767868|-0.3824158
1468506796.474|0.2978363|-0.6780548|-0.4273224
1468506796.495|0.1238098|-0.3461151|-0.571106
1468506796.516|0.0029755|-0.0227203|-0.8800964
1468506796.537|-0.0341034|0.1610718|-1.1578979
1468506796.558|-0.037735|0.0335999|-1.287384
1468506796.579|0.0925598|-0.1521759|-1.1235504
1468506796.6|0.1975708|-0.2908173|-1.1807404
1468506796.621|0.2591858|-0.3865967|-1.0140991
1468506796.642|0.2517242|-0.3360748|-0.8834991
1468506796.663|0.2253418|-0.2584381|-0.9492188
1468506796.684|0.2763062|-0.1459656|-0.9677124
1468506796.705|0.2100677|-0.3465271|-1.3515167
1468506796.726|0.2260895|-0.3554688|-1.3189392
1468506796.748|0.2102661|-0.3130798|-0.9737396
1468506796.768|0.1787415|-0.2501831|-0.7116852
1468506796.79|0.1140594|-0.3440247|-0.8479767
1468506796.811|0.067276|-0.3822021|-0.9447784
1468506796.832|-0.0035248|-0.3764801|-0.9546204
1468506796.853|-0.1061859|-0.3839569|-0.8835449
1468506796.874|-0.0843506|-0.3300629|-0.8852692
1468506796.895|-0.0738831|-0.3154297|-0.9695129
1468506796.916|-0.0786133|-0.3282776|-0.9776611
1468506796.937|-0.0098877|-0.304718|-0.944458
1468506796.958|0.1182556|-0.3056793|-0.8455658
1468506796.979|0.074646|-0.3348541|-0.8713989
1468506797|0.0601044|-0.3765411|-0.8431244
1468506797.021|0.0947571|-0.4157257|-0.8028717
1468506797.042|-0.0083618|-0.4609375|-0.7812195
1468506797.063|-0.1836243|-0.5215454|-0.8203888
1468506797.084|-0.3060608|-0.5914154|-0.8771973
1468506797.105|-0.3137665|-0.5540771|-0.8055573
1468506797.126|-0.3040771|-0.5409241|-0.7392578
1468506797.147|-0.410965|-0.4469604|-0.681427
1468506797.169|-0.3907928|-0.3867798|-0.6393585
1468506797.189|-0.2893829|-0.4189758|-0.7121429
1468506797.211|-0.151001|-0.343399|-0.9027557
1468506797.232|-0.174942|-0.2574921|-0.99823
1468506797.253|-0.1661072|-0.1964111|-0.9372559
1468506797.274|-0.0236359|-0.1741333|-0.9793091
1468506797.295|0.0630341|-0.2022552|-0.8386078
1468506797.316|-0.0700989|-0.1482849|-0.7499237
1468506797.337|-0.0192871|-0.1500397|-0.8141022
1468506797.358|0.1056976|-0.1092377|-1.0610504
1468506797.379|0.0814209|-0.0942535|-0.875412
1468506797.4|0.0616608|-0.0163879|-1.15625
1468506797.421|0.0355682|-0.0368958|-1.0767822
1468506797.442|-0.0240784|-0.0077515|-0.918335
1468506797.463|-0.0345459|0.0334167|-0.8819275
1468506797.484|-0.0003967|-0.0047607|-1.0440521
1468506797.505|-0.0692596|0.0278778|-1.1082764
1468506797.526|0.0289307|-0.2049561|-1.7794037
1468506797.547|-0.1647644|0.1580963|-0.9951172
1468506797.568|0.1562958|0.1198425|-0.6884003
1468506797.588|0.3429871|0.1159668|-1.46315
1468506797.61|-0.1294556|0.0292358|-1.1618652
1468506797.631|0.0591736|-0.1172943|-0.6425171
1468506797.652|-0.19841|-0.0782166|-0.5767059
1468506797.673|0.003067|0.1006622|-1.3669586
1468506797.694|0.0508575|0.1333313|-1.3266602
1468506797.714|-0.050766|0.0420227|-1.0882874
1468506797.735|-0.0365906|-0.0562744|-0.7756805
1468506797.756|-0.0345306|-0.0371094|-0.8209381
1468506797.777|-0.0144348|0.0570221|-1.1204987
1468506797.799|-0.0137787|0.050827|-1.0912018
1468506797.819|-0.0206299|0.007843|-0.9756775
1468506797.841|-0.0234375|-0.005127|-0.9133606
1468506797.862|-0.0209656|0.0158539|-0.9886322
1468506797.884|-0.0168762|0.0237427|-1.04245
1468506797.905|-0.0177612|0.0150757|-0.9924011
1468506797.926|-0.0178223|0.0135803|-0.9791718
1468506797.947|-0.0179901|0.0190125|-1.0082092
1468506797.968|-0.0182495|0.0177917|-1.0023193
1468506797.989|-0.0209045|0.01297|-0.9862823
1468506798.01|-0.0196991|0.0173492|-1.0018616
1468506798.031|-0.0195465|0.0199585|-0.9963989
1468506798.052|-0.0175323|0.0169983|-0.994278
1468506798.073|-0.0180664|0.0196838|-0.9989777
1468506798.094|-0.0182953|0.0184784|-0.9959412
1468506798.115|-0.0215149|0.020462|-0.99617
1468506798.136|-0.0202484|0.0182953|-0.9952393
1468506798.157|-0.0191498|0.0136871|-0.9962158
1468506798.178|-0.0194855|0.0160828|-0.9936066
1468506798.199|-0.0182495|0.016571|-0.9980621
1468506798.22|-0.0192108|0.0151062|-0.9926605
1468506798.241|-0.0184631|0.0156097|-0.9976044
1468506798.262|-0.0189667|0.016098|-0.9985504
1468506798.283|-0.019043|0.0187378|-0.9963989
1468506798.304|-0.0211639|0.0171051|-0.9985504
1468506798.326|-0.0197144|0.0168304|-0.9978485
1468506798.346|-0.0180206|0.0165405|-0.9964142
1468506798.367|-0.021637|0.0161591|-0.9999847
1468506798.389|-0.0173492|0.0184326|-0.9940338
1468506798.41|-0.016571|0.0179749|-0.9985352
1468506798.431|-0.0192413|0.0170441|-0.9952393
1468506798.451|-0.0168915|0.0211029|-0.9996948
1468506798.472|-0.0201416|0.0144501|-0.9980774
1468506798.492|-0.0200043|0.0185242|-0.9983063
1468506798.514|-0.0177765|0.0170135|-0.9966431
1468506798.535|-0.0182648|0.0175171|-0.9966431
1468506798.555|-0.0194244|0.0136871|-0.9936218
1468506798.576|-0.0180054|0.0165558|-0.9992523
1468506798.597|-0.0184937|0.0180359|-1.0016022
1468506798.618|-0.0228882|0.0168915|-0.9950104
1468506798.639|-0.0221558|0.0180969|-0.9994965
1468506798.66|-0.0190125|0.0173187|-0.9980469
1468506798.68|-0.0200043|0.0170441|-0.9916992
1468506798.701|-0.0187836|0.0194702|-0.9994659
1468506798.722|-0.0194244|0.0144043|-0.9940643
1468506798.744|-0.0190735|0.017746|-0.9911957
1468506798.765|-0.0175629|0.0187073|-0.997345
1468506798.786|-0.0214691|0.017334|-0.9916992
1468506798.807|-0.0218658|0.0164032|-0.9995117
1468506798.829|-0.0190582|0.0180054|-0.993576
1468506798.85|-0.017807|0.0179901|-0.997345
1468506798.871|-0.0195007|0.0182953|-0.9976044
1468506798.892|-0.0206757|0.0161285|-0.9978638
1468506798.913|0.0016785|0.0078125|-1.0694733
1468506798.934|-0.0134888|-0.0177307|-0.9382477
1468506798.955|-0.0207367|-0.0005951|-0.9648743
1468506798.976|-0.0196686|0.0242004|-1.0275879
1468506798.997|-0.0194397|0.0322418|-1.050705
1468506799.018|-0.0200195|0.0075073|-0.95961
1468506799.039|-0.0167542|0.0170288|-1.0030212
1468506799.06|-0.0187225|0.0217133|-1.0143433
1468506799.081|-0.0637207|0.0482483|-0.9277649
1468506799.102|-0.0646667|0.0167084|-0.9665222
1468506799.123|-0.0227966|-0.0429535|-0.8084106
1468506799.144|-0.0203094|0.0074158|-0.9865723
1468506799.165|-0.0187988|0.0334015|-1.0423889
1468506799.186|-0.019043|0.035614|-1.0527954
1468506799.209|-0.0161133|0.0248566|-0.9828949
1468506799.228|-0.0345917|0.0142212|-0.9827728
1468506799.249|-0.0219421|-0.0377655|-0.8438416
1468506799.271|-0.021637|-4.58e-05|-0.9773865
1468506799.291|-0.0155487|0.0336456|-1.0589447
1468506799.313|-0.0167847|0.0304871|-1.0450134
1468506799.334|-0.019165|0.0070801|-0.9740448
1468506799.355|-0.0187531|0.008728|-0.9676208
1468506799.376|-0.0159607|0.017334|-1.0150757
1468506799.397|0.0267334|0.017746|-1.1436005
1468506799.418|-0.04216|-0.0019836|-0.887619
1468506799.438|-0.0204468|0.0307922|-1.0424194
1468506799.46|-0.0170135|0.0282745|-1.0374603
1468506799.481|-0.0212402|0.0114441|-0.9718933
1468506799.502|-0.0189209|0.0102692|-0.9869995
1468506799.523|-0.0163422|0.0225983|-1.0126953
1468506799.544|-0.0174866|0.0148468|-0.9947662
1468506799.565|-0.0193787|0.0151672|-1.0037689
1468506799.586|-0.0170288|0.0175171|-1.0009003
1468506799.607|-0.0196533|0.0131989|-0.9933777
1468506799.628|-0.0177612|0.0167847|-0.9992371
1468506799.649|-0.018692|0.0168304|-1.0025482
1468506799.669|-0.0214844|0.0187836|-0.9945374
1468506799.691|-0.0201721|0.0156403|-0.9971466
1468506799.712|-0.0211487|0.0141907|-0.9936218
1468506799.733|-0.0187225|0.0155945|-0.9940491
1468506799.754|-0.0209656|0.0187988|-0.9976044
1468506799.775|-0.0186615|0.0139465|-0.9985657
1468506799.796|-0.0199738|0.0168152|-0.9966583
1468506799.817|-0.016037|0.0153198|-0.9980621
1468506799.838|-0.01651|0.0153198|-0.9987946
1468506799.858|-0.0187378|0.0165863|-0.9980621
1468506799.879|-0.0211639|0.015152|-0.9936066
1468506799.9|-0.017746|0.0155945|-0.9976044
1468506799.92|-0.0172119|0.0133972|-0.9973755
1468506799.945|-0.0487061|0.0506287|-1.1343231
1468506799.964|-0.0442352|0.0036163|-0.8894653
1468506799.987|-0.0267334|0.000885|-0.9480743
1468506800.005|-0.021286|0.0257721|-1.0446014
1468506800.027|-0.0218506|0.0161743|-1.0009308
1468506800.048|-0.0214386|0.0102539|-0.9735413
1468506800.068|-0.018158|0.0161285|-1.0072937
1468506800.089|-0.018158|0.0149078|-1.0039978
1468506800.11|-0.0187073|0.0131683|-0.9881592
1468506800.131|-0.0158081|0.0177307|-1.0032501
1468506800.152|-0.0179901|0.0129089|-0.9891052
1468506800.173|-0.0199738|0.0168152|-0.9971313
1468506800.194|-0.0222931|0.0135498|-1.0011749
1468506800.215|-0.019989|0.0160828|-0.9917145
1468506800.236|-0.0171967|0.0136566|-0.9995117
1468506800.257|-0.0174713|0.0146332|-0.9978485
1468506800.278|-0.0218811|0.0156708|-0.9954834
1468506800.299|-0.0199432|0.0158691|-0.9985657
1468506800.321|-0.017746|0.0148468|-0.9954681
1468506800.341|-0.0160065|0.0148315|-0.9994965
1468506800.362|-0.0192261|0.0163269|-0.9952545
1468506800.384|-0.0583496|0.0311432|-0.9444122
1468506800.404|0.0115814|0.0017242|-1.0453796
1468506800.426|-0.0280151|0.0084381|-0.9636383
1468506800.447|-0.0184937|0.0265808|-1.0292053
1468506800.468|-0.0196838|0.0205231|-1.0141296
1468506800.489|-0.0194244|0.0075684|-0.9721222
1468506800.51|-0.0177002|0.0156097|-1.0035095
1468506800.531|-0.0170288|0.0192413|-1.0079803
1468506800.552|-0.0184021|0.0114899|-0.9921875
1468506800.573|-0.0191193|0.0163879|-1.009201
1468506800.594|-0.019165|0.013443|-0.9947968
1468506800.615|-0.0185089|0.0162964|-0.9926453
1468506800.636|-0.0187073|0.0170746|-1.0009003
1468506800.657|-0.0198822|0.0130005|-0.9980927
1468506800.678|-0.0184784|0.017807|-1.0041962
1468506800.699|-0.0174255|0.0129547|-0.9980774
1468506800.72|-0.0184479|0.0126801|-0.9902802
1468506800.741|-0.0200806|0.011795|-0.9971771
1468506800.762|-0.0209045|0.015152|-0.9931183
1468506800.783|-0.0217743|0.0132904|-1.0016479
1468506800.804|-0.0213776|0.0161591|-1.0011597
1468506800.825|-0.017807|0.017746|-0.9963989
1468506800.846|-0.0211182|0.0134888|-0.9954987
1468506800.867|-0.0191193|0.0134735|-1.0018921
1468506800.888|-0.0195007|0.0175476|-0.9957123
1468506800.909|-0.0184631|0.0160828|-0.9987946
1468506800.93|-0.0442047|0.0076752|-0.8386078
1468506800.951|-0.0178375|0.0463867|-1.0493927
1468506800.973|-0.0143585|0.0350647|-1.0605927
1468506800.994|-0.030899|-0.0006714|-0.9055481
1468506801.014|-0.0198364|0.0035553|-0.9367065
1468506801.035|-0.0196686|0.0283508|-1.0403137
1468506801.057|-0.0183258|0.0209045|-0.999939
1468506801.079|-0.0214081|0.011734|-0.9815674
1468506801.1|-0.0160065|0.0207062|-1.0181274
1468506801.121|-0.0175476|0.0143127|-0.9843597
1468506801.142|-0.020874|0.0144348|-0.9940643
1468506801.163|-0.017807|0.0196991|-1.0020599
1468506801.183|-0.0182495|0.0160675|-0.9952393
1468506801.203|-0.0189972|0.0160828|-0.9954681
1468506801.224|-0.0160675|0.0172577|-0.9989929
1468506801.245|-0.0189209|0.0129547|-0.9943085
1468506801.266|-0.019455|0.0183258|-1.0042114
1468506801.287|-0.0219116|0.0171051|-0.9945374
1468506801.308|-0.0168152|0.0175018|-0.9980469
1468506801.33|-0.0174255|0.0131836|-0.9978638
1468506801.351|-0.0184784|0.0155945|-0.9945374
1468506801.374|-0.053833|0.0079346|-0.9901886
1468506801.393|-0.0072784|0.0236053|-1.0578156
1468506801.414|-0.0133057|0.0130768|-0.9973755
1468506801.437|-0.0218048|0.0111694|-0.9602966
1468506801.457|-0.0197144|0.0227051|-1.0171814
1468506801.479|-0.0202332|0.0170593|-0.9933472
1468506801.499|-0.0193787|0.0156708|-1.0063629
1468506801.52|-0.0206604|0.0178528|-1.0061035
1468506801.542|-0.0208893|0.0120087|-0.9867706
1468506801.562|-0.0196991|0.0166016|-0.9997559
1468506801.583|-0.0190125|0.0185089|-1.0006561
1468506801.604|-0.0200653|0.0182495|-0.98909
1468506801.625|-0.0167847|0.0165405|-0.9999695
1468506801.646|-0.0200195|0.0173035|-0.9919281
1468506801.667|-0.0183868|0.0127258|-0.9985657
1468506801.688|-0.019455|0.016098|-0.9966736
1468506801.709|-0.0203857|0.0137177|-0.9947968
1468506801.73|-0.0182495|0.0167847|-0.99617
1468506801.751|-0.0177765|0.0167847|-0.9980469
1468506801.772|-0.0226746|0.0181122|-0.9976044
1468506801.794|-0.046936|0.011795|-0.8764343
1468506801.815|-0.0359192|0.0154419|-0.9364166
1468506801.835|-0.0103912|0.0281677|-1.0459442
1468506801.855|-0.011673|0.0235138|-1.0199738
1468506801.876|-0.0203094|0.0233765|-1.003479
1468506801.898|-0.0142365|0.0077515|-0.9855957
1468506801.918|-0.0192719|0.0206909|-1.0027924
1468506801.939|-0.0184937|0.0185242|-1.0041962
1468506801.961|-0.0207825|0.0175171|-0.9860077
1468506801.982|-0.0209045|0.0180969|-1.0030365
1468506802.002|-0.0185394|0.0187378|-0.9980469
1468506802.023|-0.0203705|0.0216217|-0.9890594
1468506802.044|-0.0185089|0.0192566|-1.0041809
1468506802.065|-0.0154114|0.0413208|-1.1024017
1468506802.086|-0.0253754|-0.0183716|-0.9032898
1468506802.108|-0.0298004|-0.0254669|-0.907135
1468506802.128|-0.0122681|0.020874|-1.0670624
1468506802.149|-0.0187225|-0.0101318|-0.9467163
1468506802.171|-0.0215302|0.0013428|-0.9636688
1468506802.191|-0.0145264|0.027771|-1.046463
1468506802.212|-0.0179291|0.023468|-1.0330048
1468506802.233|-0.0211792|0.0085602|-0.9695282
1468506802.254|-0.0220184|0.0158081|-0.9772797
1468506802.275|-0.0194092|0.0232239|-1.0280609
1468506802.296|-0.0177002|0.0117035|-0.9910278
1468506802.318|-0.0453644|0.0191498|-1.0551147
1468506802.34|-0.0236511|4.58e-05|-0.9362488
1468506802.361|-0.017334|0.02211|-1.0089111
1468506802.382|-0.0196228|0.0254517|-1.0379944
1468506802.403|-0.02211|0.009079|-0.9759216
1468506802.424|-0.0201416|0.0102844|-0.9846497
1468506802.445|-0.0153046|0.0214233|-1.0195465
1468506802.465|-0.0185089|0.0126343|-0.981781
1468506802.486|-0.0202026|0.0183258|-1.0013885
1468506802.528|-0.0142212|0.0019226|-0.9698029
1468506802.549|-0.0121918|0.0248871|-1.0549774
1468506802.57|-0.0177155|0.0180511|-1.0098877
1468506802.591|-0.0221405|0.008316|-0.9678802
1468506802.612|-0.0201416|0.020813|-1.0198212
1468506802.633|-0.0203552|0.010788|-0.9910431
1468506802.654|-0.0199585|0.0141449|-0.9898376
1468506802.674|-0.0649872|0.044754|-0.945755
1468506802.696|-0.0619659|-0.0022736|-0.8356628
1468506802.721|-0.0309906|-0.0005798|-0.9246979
1468506802.74|-0.0190125|0.0310059|-1.0426483
1468506802.76|-0.0235748|0.0100861|-0.9785004
1468506802.781|-0.0192261|0.0089874|-0.9716644
1468506802.807|-0.0193176|0.0316772|-1.0348663
1468506802.823|-0.0312805|0.0160065|-0.9747009
1468506802.843|-0.021347|0.0007324|-0.988266
1468506802.864|-0.0149231|-0.0120087|-0.9240417
1468506802.885|-0.0236359|-0.0124969|-0.9290161
1468506802.907|-0.0165253|0.0301819|-1.0792999
1468506802.928|-0.0122528|0.0454559|-1.0815582
1468506802.949|-0.0226593|0.0090485|-0.9688263
1468506802.969|-0.021225|0.0041199|-0.949234
1468506802.991|-0.0179596|0.0204926|-1.0181274
1468506803.012|-0.0194244|0.0107422|-0.9834595
1468506803.033|-0.0204163|0.0114899|-0.9848938
1468506803.058|0.0456696|0.0139618|-1.193924
1468506803.074|-0.0284424|0.0041656|-0.9256134
1468506803.097|-0.0245514|0.0211182|-1.0141296
1468506803.118|-0.0207672|0.0229034|-1.0063171
1468506803.139|-0.020874|0.0097961|-0.9806366
1468506803.159|-0.0226135|0.0203247|-1.0112915
1468506803.181|-0.0189209|0.0131989|-0.9950256
1468506803.202|-0.0172577|0.0116577|-0.9836884
1468506803.222|-0.0182495|0.0192566|-1.0065613
1468506803.243|-0.0209045|0.016861|-0.9990082
1468506803.264|-0.0192261|0.0155945|-0.9917145
1468506803.285|-0.0208893|0.0161438|-0.9995117
1468506803.306|-0.0214539|0.0153809|-0.9893341
1468506803.348|-0.023819|-0.002533|-0.9029541
1468506803.37|-0.0171509|0.0171051|-1.0176849
1468506803.39|-0.0186615|0.0207825|-1.0200195
1468506803.41|-0.0197296|0.0097198|-0.9700165
1468506803.431|-0.0177612|0.0209503|-1.0112762
1468506803.452|-0.0175018|0.0163116|-0.9978485
1468506803.472|-0.0228424|0.0113068|-0.9844055
1468506803.494|-0.0177765|0.0184937|-1.0025482
1468506803.515|-0.0186615|0.0141754|-0.9992676
1468506803.536|-0.0184784|0.0136414|-0.9881592
1468506803.557|-0.0193787|0.0154266|-1.0049591
1468506803.578|-0.016098|0.0172424|-0.9945221
1468506803.599|0.0560913|0.0287933|-1.272522
1468506803.62|0.0103149|0.0482483|-1.1575928
1468506803.641|-0.0382843|0.0199432|-0.9602661
1468506803.662|-0.0234222|-0.0024414|-0.9251556
1468506803.684|-0.0187683|0.0209503|-1.0049133
1468506803.704|-0.0211639|0.0183563|-1.0044556
1468506803.725|-0.0197449|0.0089874|-0.9674072
1468506803.746|-0.0186615|0.0178528|-1.0129547
1468506803.768|-0.0189514|0.0153809|-0.9983063
1468506803.789|-0.0197296|0.0131531|-0.9827423
1468506803.81|-0.0196991|0.019043|-1.0068054
1468506803.831|-0.0214081|0.0153961|-0.9938354
1468506803.853|-0.020401|0.0149231|-0.9976196
1468506803.874|-0.0187225|0.0168152|-0.998291
1468506803.895|-0.0192108|0.0143738|-0.9907684
1468506803.916|-0.0204468|0.0170898|-0.9978485
1468506803.937|-0.0146027|0.0164795|-0.9992523
1468506803.956|-0.0187683|0.0153351|-0.9888611
1468506803.977|-0.0200043|0.0167999|-0.9926453
1468506804.019|-0.0457916|-0.0161133|-0.8801727
1468506804.04|-0.013504|-0.0184174|-0.9001923
1468506804.061|-0.0200348|0.0383148|-1.0603485
1468506804.082|-0.0142059|0.0489349|-1.0907593
1468506804.103|-0.0214081|0.0061188|-0.9638824
1468506804.124|-0.0187683|0.0138702|-0.9829712
1468506804.145|-0.014267|0.0236359|-1.0344238
1468506804.166|-0.0236359|0.0132294|-0.9799042
1468506804.187|-0.0175171|0.0140991|-0.9891052
1468506804.209|-0.0166016|0.0233307|-1.012207
1468506804.229|-0.0174713|0.0126801|-0.9914703
1468506804.25|-0.0167999|0.014801|-0.990036
1468506804.271|-0.0199738|0.0166016|-0.9980774
1468506804.293|-0.0228271|0.0137634|-0.9929047
1468506804.314|-0.0182343|0.0170441|-0.998291
1468506804.335|-0.018692|0.0148926|-0.9976044
1468506804.356|-0.0174255|0.0119781|-0.9954987
1468506804.377|-0.0182037|0.0160828|-1.0004425
1468506804.398|-0.0209198|0.0153961|-0.9924164
1468506804.419|-0.0172729|0.0182495|-1.0025482
1468506804.44|-0.0213776|0.0141907|-0.9938507
1468506804.461|-0.0184937|0.0173035|-0.9985352
1468506804.482|-0.0211792|0.0175934|-1.0001984
1468506804.503|-0.0157928|0.0143127|-0.9933472
1468506804.524|-0.0186462|0.0131989|-0.9971466
1468506804.545|-0.0225983|0.0164185|-1.0004578
1468506804.566|-0.0214233|0.0153961|-0.9931183
1468506804.587|-0.0186768|0.0146637|-0.9997406
1468506804.608|-0.0194244|0.0139465|-0.9954987
1468506804.629|-0.0187683|0.0177765|-0.997345
1468506804.65|-0.0227814|0.0145264|-1.0009308
1468506804.671|-0.0201721|0.0151367|-0.9943085
1468506804.692|-0.0186768|0.0153809|-1.0004425
1468506804.713|-0.0179901|0.0146027|-0.9942932
1468506804.735|-0.0199738|0.0163269|-0.9943085
1468506804.755|-0.021347|0.0151825|-1.0006866
1468506804.776|-0.0196686|0.013443|-0.9936218
1468506804.797|-0.0208588|0.0142059|-0.9973907
1468506804.819|-0.0157471|0.0136108|-0.9973755
1468506804.84|-0.0179596|0.0148621|-0.9994965
1468506804.86|-0.0187378|0.0173187|-0.998291
1468506804.881|-0.0189362|0.0136871|-0.9957275
1468506804.902|-0.0202332|0.0175476|-0.9942932
1468506804.923|-0.0220337|0.0130463|-1.0002289
1468506804.944|-0.0177917|0.0165405|-0.9957123
1468506804.965|-0.0182648|0.0175171|-0.9963989
1468506804.986|-0.0189819|0.0160828|-0.9961853
1468506805.007|-0.0206299|0.0137024|-0.9940796
1468506805.028|-0.0194397|0.0163574|-0.9988098
1468506805.049|-0.01828|0.0177765|-0.9978333
1468506805.07|-0.0194855|0.0173187|-0.9966583
1468506805.092|-0.0124664|-0.0379639|-0.8440552
1468506805.114|0.0004425|-0.0661774|-0.7886658
1468506805.135|-0.0177917|0.011322|-1.0118256
1468506805.155|-0.0124207|0.0560455|-1.1289825
1468506805.177|-0.0168762|0.0391998|-1.0593872
1468506805.197|-0.020752|-0.0002899|-0.9324799
1468506805.219|0.0049591|0.0113373|-1.0651855
1468506805.24|-0.0197449|-0.0311737|-0.869812
1468506805.261|-0.0245972|-0.0085754|-0.9443512
1468506805.282|-0.0254974|0.0167389|-1.0032959
1468506805.303|-0.0149384|0.0457611|-1.0801392
1468506805.324|-0.018692|0.0183258|-1.0077515
1468506805.344|-0.0207825|0.0045624|-0.9438019
1468506805.365|-0.0174866|0.0234222|-1.0233154
1468506805.386|-0.0192108|0.017334|-1.0023346
1468506805.407|-0.0158081|0.0130768|-0.9862671
1468506805.428|-0.0216522|0.0161591|-0.9976196
1468506805.45|-0.0181427|0.015152|-1.0056458
1468506805.47|-0.0174408|0.0114594|-0.9902954
1468506805.491|-0.0206146|0.0144501|-0.9997559
1468506805.512|-0.0212097|0.0180817|-0.9980621
1468506805.533|-0.0216827|0.0176086|-0.9976044
1468506805.554|-0.0179901|0.0175323|-1.0034943
1468506805.575|-0.0194702|0.014389|-0.9891052
1468506805.596|-0.0184326|0.0141449|-0.9962006
1468506805.617|-0.0158386|0.0169678|-0.9949951
1468506805.638|-0.0169525|0.0119629|-0.9954987
1468506805.659|-0.0196533|0.014679|-0.9997559
1468506805.68|-0.0213928|0.0156555|-0.9969177
1468506805.701|-0.0221405|0.016861|-0.9966583
1468506805.745|-0.0988312|0.0024872|-0.8993073
1468506805.766|-0.0146332|-0.0606232|-0.7723389
1468506805.787|-0.0301056|-0.0032349|-0.974823
1468506805.808|-0.002533|0.0671997|-1.1889343
1468506805.829|-0.0154724|0.05336|-1.10112
1468506805.849|-0.0204773|-0.0010223|-0.9338989
1468506805.87|-0.0238342|-0.0116577|-0.9056091
1468506805.891|-0.0184174|0.0227203|-1.0273438
1468506805.912|-0.0202332|0.0197449|-1.0004272
1468506805.933|-0.0157623|0.0060272|-0.9714203
1468506805.954|-0.0165253|0.016037|-0.9992523
1468506805.975|-0.0172729|0.0184937|-1.0058746
1468506805.996|-0.0172882|0.0145721|-0.9907532
1468506806.017|-0.0209198|0.0161285|-0.9954834
1468506806.038|-0.0191345|0.0139618|-1.0014191
1468506806.059|-0.0213776|0.0139618|-0.9938507
1468506806.08|-0.0172882|0.0167542|-0.9971161
1468506806.101|-0.0184479|0.0141449|-0.9947815
1468506806.122|-0.020874|0.0142059|-0.9947968
1468506806.143|-0.013382|0.0157166|-0.9964142
1468506806.164|-0.0176697|0.0129547|-0.9983215
1468506806.185|-0.0181427|0.0119934|-0.9971619
1468506806.207|-0.0201721|0.0151367|-0.9943085
1468506806.228|-0.0190582|0.0196991|-0.9971008
1468506806.249|-0.081955|0.0959167|-1.2889404
1468506806.291|-0.0192871|-0.0397644|-0.8353271
1468506806.312|-0.0135193|0.0414886|-1.0953064
1468506806.333|-0.0160675|0.0473328|-1.0978699
1468506806.354|-0.0254059|0.0083313|-0.9555817
1468506806.375|-0.0207977|0.0028534|-0.9353027
1468506806.396|-0.0189209|0.0215149|-1.0238037
1468506806.417|-0.0184326|0.0222168|-1.0226135
1468506806.438|-0.0214386|0.0097504|-0.9707184
1468506806.459|-0.0190582|0.022644|-1.0089111
1468506806.48|-0.0167847|0.015564|-0.9954681
1468506806.501|-0.0167847|0.0126343|-0.9862671
1468506806.522|-0.0196533|0.0171051|-1.0063477
1468506806.543|-0.0175018|0.0153351|-0.9952393
1468506806.564|-0.0196686|0.0141602|-0.9940796
1468506806.585|-0.0192413|0.0180359|-0.9983063
1468506806.606|-0.019104|0.0105286|-0.9924469
1468506806.627|-0.0168457|0.0177307|-0.995224
1468506806.648|-0.0179749|0.0570068|-1.1027679
1468506806.67|-0.0575104|0.0122986|-0.9322357
1468506806.689|-0.0232391|-0.0348358|-0.8438263
1468506806.71|-0.0227966|0.0013275|-0.9565735
1468506806.732|-0.0144043|0.0548401|-1.1186218
1468506806.752|-0.0182343|0.016571|-0.9983063
1468506806.774|-0.0217285|-1.53e-05|-0.9331818
1468506806.795|-0.0215759|0.0140228|-1.0014191
1468506806.816|-0.0185089|0.0265656|-1.0273132
1468506806.837|-0.0184784|0.011673|-0.9810791
1468506806.858|-0.0168304|0.0110474|-1.0080414
1468506806.879|-0.0169983|0.0167847|-1.0032501
1468506806.9|-0.0196991|0.0119629|-0.9844055
1468506806.921|-0.0162506|0.0153351|-1.0011444
1468506806.942|-0.0180054|0.0167847|-0.9985352
1468506806.963|-0.0197144|0.0163422|-0.9950256
1468506806.984|-0.0169525|0.0141449|-1.0011597
1468506807.005|-0.0196838|0.0139313|-0.9924316
1468506807.026|-0.0180206|0.0157928|-0.9940491
1468506807.047|-0.0177155|0.0148621|-0.9997406
1468506807.068|-0.0160217|0.0138702|-0.9947815
1468506807.089|-0.0166931|0.0131683|-0.9992676
1468506807.11|-0.0177765|0.0165405|-0.9971313
1468506807.131|-0.0196686|0.0146637|-0.9973755
1468506807.153|-0.0185089|0.0165558|-0.9947662
1468506807.173|-0.0182648|0.0170288|-0.995224
1468506807.194|-0.0181732|0.0146484|-1.0006714
1468506807.216|-0.0189362|0.0139313|-0.9959717
1468506807.237|-0.0167847|0.0162811|-0.9973602
1468506807.258|-0.0192261|0.0153503|-0.9921722
1468506807.278|-0.0169983|0.0141144|-0.9947815
1468506807.3|-0.0174103|0.0124664|-0.9976196
1468506807.321|-0.0182343|0.016571|-0.9987946
1468506807.342|-0.0175018|0.0160522|-0.9966583
1468506807.363|-0.0214539|0.0173492|-0.9947662
1468506807.384|-0.0179138|0.0124664|-0.9980774
1468506807.405|-0.0194702|0.0168152|-0.9973602
1468506807.426|-0.0209351|0.0168304|-0.9940491
1468506807.447|-0.0208588|0.0134888|-0.9952698
1468506807.468|-0.0214996|0.0158234|-0.9836731
1468506807.489|-0.0171509|0.0131836|-1.0032806
1468506807.51|-0.0207214|0.0155945|-0.9879303
1468506807.531|-0.0202026|0.016098|-0.9943085
1468506807.552|-0.0182037|0.013916|-0.9945526
1468506807.573|-0.0204315|0.0148926|-0.9928894
1468506807.594|-0.0177307|0.0155945|-0.9999695
1468506807.615|-0.0168915|0.1235046|-1.371109
1468506807.636|-0.0649567|-0.0189362|-0.8069458
1468506807.657|-0.0401917|-0.006958|-0.9086914
1468506807.679|-0.0198059|0.0112457|-1.0345306
1468506807.7|-0.0165405|-0.0121155|-0.9386902
1468506807.721|-0.0147858|0.0149384|-1.0715942
1468506807.743|0.1647491|-0.0084991|-0.9800568
1468506807.764|0.1999054|0.0096741|-1.0249786
1468506807.785|0.0413971|0.0332031|-1.0311432
1468506807.806|-0.0608521|0.0513763|-1.0364685
1468506807.827|-0.1213989|0.216629|-0.8232117
1468506807.848|0.0301971|0.1212463|-1.0828247
1468506807.868|-0.038208|0.0879669|-0.9541321
1468506807.889|-0.0204773|0.0878296|-0.9531403
1468506807.91|-0.1015167|0.1433716|-1.0231934
1468506807.931|-0.0500641|0.1678314|-1.4325714
1468506807.952|0.2531281|0.1352844|-1.2698517
1468506807.974|0.3941803|0.1495972|-1.1526184
1468506807.994|0.4494781|0.1045532|-1.1925049
1468506808.015|0.4339142|0.0830383|-1.1522827
1468506808.036|0.3623962|0.0598755|-1.1046295
1468506808.057|0.2606812|-0.0100708|-0.9944916
1468506808.078|0.2620544|-0.0963135|-0.8340759
1468506808.1|0.440155|-0.1565857|-0.7267151
1468506808.12|0.4792023|-0.2727966|-0.8465576
1468506808.141|0.4273376|-0.2887115|-0.8475037
1468506808.163|0.3479614|-0.2939606|-0.7444305
1468506808.184|0.2783356|-0.3203583|-0.7792969
1468506808.205|0.2972565|-0.3591919|-0.7466431
1468506808.226|0.2881775|-0.4855347|-0.8333588
1468506808.247|0.1710358|-0.4712372|-0.8170013
1468506808.268|-0.021637|-0.5275879|-0.8141174
1468506808.289|-0.2960663|-0.5723114|-0.4633179
1468506808.31|-0.2630005|-0.6664734|-0.8740692
1468506808.331|-0.0589905|-0.6479034|-0.6370239
1468506808.352|0.1599426|-0.6565552|-0.4554138
1468506808.373|0.2397919|-0.6585388|-0.6058197
1468506808.394|0.1473389|-0.6407928|-0.6175232
1468506808.415|-0.0124207|-0.6043243|-0.6602325
1468506808.436|-0.1362152|-0.6280212|-0.7089386
1468506808.457|-0.2841492|-0.5648956|-0.5561676
1468506808.478|-0.11586|-0.5847778|-0.5031433
1468506808.499|0.1944275|-0.5401001|-0.6651764
1468506808.521|0.1911926|-0.5572815|-0.6317291
1468506808.541|0.0614777|-0.8322754|-0.662323
1468506808.562|0.0137482|-0.9991608|-0.6472626
1468506808.583|0.3585968|-0.9118347|-0.5450745
1468506808.604|0.2005157|-0.7935333|-0.5144348
1468506808.626|0.2437592|-0.7861023|-0.6066895
1468506808.646|0.4734192|-0.869278|-0.5258179
1468506808.667|0.3739777|-0.8297729|-0.7229767
1468506808.688|0.2454834|-0.7435913|-0.645874
1468506808.709|0.1773682|-0.7489777|-0.5167694
1468506808.73|0.1478424|-0.7563019|-0.5126343
1468506808.751|0.2708893|-0.8807678|-0.5521851
1468506808.772|0.2479095|-0.9152679|-0.5250549
1468506808.794|0.1506958|-0.8441772|-0.5567474
1468506808.815|0.1826019|-0.8330383|-0.5684052
1468506808.836|0.1494446|-0.8042145|-0.5110779
1468506808.857|0.1613007|-0.7732086|-0.3647308
1468506808.878|0.2258453|-0.8069916|-0.4406738
1468506808.901|0.2464752|-0.8422852|-0.4924164
1468506808.922|0.1542511|-0.8815765|-0.5943298
1468506808.942|0.1459351|-0.8293304|-0.6183319
1468506808.963|0.1475525|-0.7925873|-0.6615906
1468506808.984|0.1369934|-0.8298645|-0.6580811
1468506809.004|0.1226196|-0.8453674|-0.6733551
1468506809.025|0.0804749|-0.8001862|-0.6724548
1468506809.046|0.0797424|-0.7750092|-0.651947
1468506809.067|0.1171417|-0.8474579|-0.6121674
1468506809.088|0.0977936|-0.8074188|-0.553299
1468506809.109|0.0123138|-0.7877045|-0.4576416
1468506809.13|0.0124359|-0.7709656|-0.3927307
1468506809.152|0.0576935|-0.7662201|-0.4850311
1468506809.172|0.0675354|-0.794693|-0.5088196
1468506809.192|0.0815277|-0.7902679|-0.5428009
1468506809.213|0.1183777|-0.7741089|-0.618988
1468506809.234|0.1216736|-0.7729034|-0.7785492
1468506809.255|0.1182404|-0.8530579|-0.7479095
1468506809.276|0.109848|-0.83815|-0.7121277
1468506809.297|0.0635834|-0.779068|-0.5860596
1468506809.318|0.0397949|-0.7828979|-0.580719
1468506809.339|0.0495453|-0.8141174|-0.5839539
1468506809.36|0.0523529|-0.8058929|-0.5595551
1468506809.382|0.0272675|-0.7909393|-0.5020599
1468506809.404|0.0378723|-0.7635345|-0.5458221
1468506809.424|0.0645447|-0.7761536|-0.5950012
1468506809.445|0.0573425|-0.7904053|-0.5982056
1468506809.466|0.0677185|-0.795105|-0.5705566
1468506809.488|0.0648193|-0.7909851|-0.5180511
1468506809.508|0.0674591|-0.8083344|-0.5240784
1468506809.529|0.0970306|-0.8305359|-0.5411682
1468506809.55|0.0814056|-0.820694|-0.4245911
1468506809.57|0.1032867|-0.7828217|-0.5874023
1468506809.591|0.1074219|-0.8157043|-0.7171783
1468506809.612|0.1064911|-0.8180237|-0.6810303
1468506809.633|0.0940094|-0.8049469|-0.6438446
1468506809.654|0.058609|-0.7844849|-0.5870514
1468506809.676|0.0553284|-0.7922974|-0.5457458
1468506809.696|0.0534058|-0.803894|-0.5782166
1468506809.717|0.0645142|-0.8118439|-0.5749359
1468506809.739|0.0531311|-0.7922668|-0.543869
1468506809.76|0.0557251|-0.7916565|-0.5346222
1468506809.781|0.0676727|-0.7911835|-0.5402527
1468506809.802|0.0787659|-0.7993774|-0.5367432
1468506809.823|0.0846405|-0.8017731|-0.5667877
1468506809.844|0.1137238|-0.8259277|-0.5779724
1468506809.865|0.0706482|-0.8436279|-0.5498352
1468506809.886|0.1044312|-0.8140564|-0.5072327
1468506809.907|0.1157227|-0.7474823|-0.6389008
1468506809.927|0.0961304|-0.8942261|-0.5477448
1468506810.026|0.086441|-0.8134613|-0.5444031
1468506810.062|0.0855255|-0.7940216|-0.57901
1468506810.077|0.1035004|-0.7923889|-0.5510559
1468506810.096|0.0915222|-0.7953644|-0.5319672
1468506810.115|0.095993|-0.7990723|-0.5307922
1468506810.135|0.1004791|-0.7938843|-0.5288391
1468506810.156|0.0977325|-0.8152924|-0.5186005
1468506810.176|0.1000671|-0.811554|-0.5523834
1468506810.198|0.0918427|-0.8150787|-0.5800781
1468506810.218|0.0875549|-0.8255157|-0.5922241
1468506810.261|0.0649872|-0.7897949|-0.612381
1468506810.282|0.0845642|-0.8238373|-0.6224823
1468506810.303|0.0774994|-0.8178253|-0.6397247
1468506810.324|0.091629|-0.8243866|-0.6905518
1468506810.345|0.0899811|-0.8134155|-0.6654205
1468506810.37|0.0838013|-0.7964478|-0.569809
1468506810.387|0.0843811|-0.7963257|-0.548996
1468506810.41|0.0832977|-0.7966766|-0.5671997
1468506810.431|0.0718994|-0.7922516|-0.5844727
1468506810.451|0.0424805|-0.7823944|-0.5497131
1468506810.472|0.0560913|-0.806076|-0.5385132
1468506810.515|0.0982513|-0.8110046|-0.6062927
1468506810.535|0.088562|-0.7980499|-0.6539612
1468506810.555|0.1136932|-0.8177032|-0.635849
1468506810.576|0.0873413|-0.8052673|-0.5951385
1468506810.598|0.0598145|-0.7999115|-0.5370331
1468506810.619|0.054657|-0.8121338|-0.5231781
1468506810.64|0.0706635|-0.8165283|-0.5347595
1468506810.661|0.0756836|-0.8226318|-0.5380859
1468506810.682|0.0810089|-0.8131561|-0.5325775
1468506810.703|0.0955963|-0.8159943|-0.5578613
1468506810.724|0.0956268|-0.8169556|-0.5583344
1468506810.745|0.1130524|-0.8170624|-0.61409
1468506810.766|0.0743408|-0.8058777|-0.6086884
1468506810.787|0.0860748|-0.8128815|-0.5625916
1468506810.808|0.0937653|-0.8207703|-0.5567169
1468506810.828|0.0876617|-0.8105774|-0.5505066
1468506810.849|0.0932617|-0.8114014|-0.5540619
1468506810.87|0.0993652|-0.8066406|-0.5689087
1468506810.892|0.1016235|-0.8070374|-0.5450134
1468506810.913|0.0992126|-0.7973785|-0.5461426
1468506810.934|0.1007385|-0.7971191|-0.5550995
1468506810.955|0.1020508|-0.8088989|-0.5639343
1468506810.976|0.1027374|-0.799881|-0.5896606
1468506810.997|0.1006927|-0.7997437|-0.6099701
1468506811.018|0.09552|-0.7989197|-0.605011
1468506811.04|0.0871582|-0.7992859|-0.5891876
1468506811.06|0.0834045|-0.7963715|-0.5813904
1468506811.081|0.0881348|-0.796402|-0.5965118
1468506811.102|0.0911865|-0.8019867|-0.6003418
1468506811.123|0.0923309|-0.7976685|-0.6029053
1468506811.144|0.0897217|-0.7942963|-0.5905914
1468506811.165|0.0886383|-0.79216|-0.5803986
1468506811.186|0.0949554|-0.7910919|-0.5836945
1468506811.207|0.091156|-0.7960663|-0.5797272
1468506811.228|0.0940704|-0.7944031|-0.5874939
1468506811.249|0.0943604|-0.7980652|-0.5804291
1468506811.271|0.0920105|-0.7996521|-0.586853
1468506811.292|0.0883636|-0.7926636|-0.5744934
1468506811.313|0.0818481|-0.8023376|-0.5838013
1468506811.334|0.0877075|-0.7901459|-0.5929108
1468506811.355|0.0832825|-0.7913208|-0.5813599
1468506811.376|0.0970306|-0.7949371|-0.5896301
1468506811.397|0.0869751|-0.8012238|-0.5915985
1468506811.418|0.0804596|-0.7936096|-0.5903625
1468506811.439|0.0945435|-0.8042908|-0.5868683
1468506811.46|0.096344|-0.7997894|-0.5809174
1468506811.481|0.0953827|-0.8009796|-0.576889
1468506811.502|0.1001282|-0.7970123|-0.5749512
1468506811.523|0.0990143|-0.7904968|-0.573761
1468506811.544|0.1174469|-0.7915039|-0.6006775
1468506811.565|0.1123352|-0.7909088|-0.6011505
1468506811.586|0.1034698|-0.7885742|-0.5935974
1468506811.607|0.1088562|-0.7894287|-0.5942841
1468506811.628|0.1088867|-0.7911072|-0.5931244
1468506811.649|0.1095886|-0.7891846|-0.5947723
1468506811.67|0.1148224|-0.7943268|-0.5995026
1468506811.691|0.107193|-0.78862|-0.6023254
1468506811.712|0.1011353|-0.7923737|-0.5940857
1468506811.733|0.1059875|-0.7905426|-0.5964355
1468506811.754|0.1067352|-0.7927246|-0.5952454
1468506811.776|0.0984192|-0.7908783|-0.5922089
1468506811.796|0.0951233|-0.7874756|-0.5853271
1468506811.818|0.0984039|-0.7832336|-0.5812683
1468506811.839|0.1046906|-0.7802124|-0.5857239
1468506811.86|0.1066895|-0.7838898|-0.582428
1468506811.881|0.1038971|-0.7852173|-0.5947571
1468506811.902|0.1048584|-0.7933655|-0.6028442
1468506811.923|0.1070862|-0.7926483|-0.6108398
1468506811.944|0.1172485|-0.8022919|-0.604538
1468506811.964|0.1003571|-0.7914124|-0.5905457
1468506811.985|0.1063538|-0.7889099|-0.587677
1468506812.006|0.111618|-0.802948|-0.5976868
1468506812.028|0.0948181|-0.7950745|-0.5513306
1468506812.049|0.114502|-0.7684937|-0.5704803
1468506812.069|0.1109924|-0.7949524|-0.6016541
1468506812.091|0.117981|-0.8453369|-0.7036285
1468506812.112|0.0814514|-0.7873535|-0.6449127
1468506812.133|-0.0188599|-0.762207|-0.4648743
1468506812.154|0.0593109|-0.769455|-0.5637665
1468506812.175|0.1172333|-0.8529053|-0.5381927
1468506812.196|0.1130524|-0.8549347|-0.5940247
1468506812.219|0.1047974|-0.8276978|-0.6167908
1468506812.238|0.0921021|-0.7873383|-0.5011749
1468506812.258|0.0632782|-0.7784119|-0.476593
1468506812.28|0.0999146|-0.7949524|-0.5522614
1468506812.302|0.0917969|-0.7912445|-0.5839386
1468506812.322|0.1536255|-0.8618011|-0.701767
1468506812.343|0.1396027|-0.8174591|-0.6532593
1468506812.364|0.0490723|-0.7398071|-0.4872437
1468506812.385|0.0764313|-0.7693024|-0.4790955
1468506812.407|0.0975342|-0.8036957|-0.5289154
1468506812.427|0.0994568|-0.8120117|-0.6022644
1468506812.449|0.0942993|-0.8125153|-0.6256866
1468506812.469|0.0889282|-0.8088837|-0.6022644
1468506812.491|0.0818176|-0.8065033|-0.5665741
1468506812.512|0.0831146|-0.8030701|-0.5875854
1468506812.533|0.0904999|-0.8095856|-0.612442
1468506812.554|0.0964966|-0.8058624|-0.6157074
1468506812.575|0.0957184|-0.8056335|-0.6079102
1468506812.596|0.0802307|-0.8007812|-0.598938
1468506812.617|0.0885468|-0.8000946|-0.5778656
1468506812.638|0.0783386|-0.7902832|-0.5733337
1468506812.659|0.0795441|-0.7903137|-0.5733337
1468506812.68|0.0856171|-0.8000641|-0.5726776
1468506812.702|0.0772705|-0.7970123|-0.5722046
1468506812.722|0.080246|-0.7979889|-0.5778809
1468506812.743|0.0790558|-0.7969971|-0.5835571
1468506812.764|0.0856781|-0.7928314|-0.5742798
1468506812.785|0.0734406|-0.8014984|-0.5677643
1468506812.806|0.0749512|-0.7993011|-0.5800171
1468506812.827|0.0811615|-0.8003235|-0.5956116
1468506812.848|0.085434|-0.8034973|-0.6053162
1468506812.869|0.0900421|-0.8060455|-0.5977478
1468506812.89|0.0841217|-0.7932129|-0.5898743
1468506812.911|0.0844116|-0.7990417|-0.5773926
1468506812.935|0.0847473|-0.7950134|-0.570755
1468506812.954|0.0787964|-0.7977295|-0.5790558
1468506812.974|0.0981293|-0.8009949|-0.5872955
1468506812.995|0.0940857|-0.8057404|-0.581665
1468506813.016|0.0931702|-0.798996|-0.5823364
1468506813.038|0.0898285|-0.7986298|-0.5901337
1468506813.058|0.0882721|-0.7962341|-0.5846863
1468506813.08|0.0834503|-0.7884064|-0.5829926
1468506813.1|0.0842896|-0.783432|-0.5772858
1468506813.121|0.0774536|-0.7862091|-0.5671539
1468506813.142|0.0824127|-0.7769012|-0.572525
1468506813.163|0.0889587|-0.7842102|-0.5827332
1468506813.184|0.0967255|-0.7930145|-0.5870209
1468506813.205|0.1023865|-0.7926178|-0.5985718
1468506813.226|0.094635|-0.7938843|-0.5976562
1468506813.247|0.0958099|-0.793457|-0.592926
1468506813.268|0.0950165|-0.8031006|-0.5873108
1468506813.289|0.0921021|-0.8010712|-0.5927582
1468506813.31|0.0957947|-0.8033295|-0.592514
1468506813.331|0.0897827|-0.8008575|-0.5783386
1468506813.352|0.0899353|-0.7948151|-0.5820618
1468506813.373|0.0916138|-0.7934113|-0.584671
1468506813.394|0.0916748|-0.7940979|-0.589859
1468506813.416|0.0946198|-0.7948761|-0.5900879
1468506813.436|0.0974731|-0.7942352|-0.5856018
1468506813.458|0.0992584|-0.7897644|-0.5782471
1468506813.478|0.1020355|-0.7934113|-0.5810852
1468506813.499|0.1010742|-0.8007965|-0.5915527
1468506813.52|0.0933228|-0.7996216|-0.6010284
1468506813.541|0.0934143|-0.8012695|-0.6078949
1468506813.562|0.0973511|-0.7971039|-0.5938873
1468506813.583|0.0966034|-0.7889404|-0.582962
1468506813.605|0.0928192|-0.793457|-0.5823059
1468506813.626|0.0933685|-0.7934113|-0.5912781
1468506813.647|0.0947723|-0.7924957|-0.5893707
1468506813.668|0.0891724|-0.7945862|-0.5768585
1468506813.689|0.0909271|-0.7984924|-0.5761871
1468506813.71|0.0955353|-0.8018494|-0.595108
1468506813.731|0.0903015|-0.7984161|-0.5884857
1468506813.751|0.089325|-0.7938995|-0.5704956
1468506813.773|0.0911407|-0.7973175|-0.572876
1468506813.819|0.0888062|-0.7957153|-0.5936737
1468506813.876|0.0944519|-0.7883911|-0.5888824
1468506813.903|0.097168|-0.7893982|-0.5924225
1468506813.918|0.0939789|-0.7908173|-0.5844116
1468506813.939|0.0971985|-0.7918396|-0.5884247
1468506813.962|0.0954132|-0.7985077|-0.5908356
1468506813.988|0.1002502|-0.7949524|-0.5988312
1468506814.023|0.1170502|-0.7953339|-0.5992737
1468506814.045|0.1138153|-0.7962952|-0.5881653
1468506814.066|0.1021118|-0.7931061|-0.5926819
1468506814.087|0.0983276|-0.7855682|-0.5975952
1468506814.108|0.1053162|-0.7847748|-0.5921478
1468506814.129|0.0984497|-0.781723|-0.5930939
1468506814.149|0.0980682|-0.7845917|-0.5966644
1468506814.169|0.0910034|-0.7770233|-0.5859833
1468506814.19|0.0929718|-0.7883606|-0.5891266
1468506814.21|0.098938|-0.7896576|-0.600708
1468506814.231|0.0901489|-0.7978516|-0.6021881
1468506814.252|0.0842743|-0.7955475|-0.6055145
1468506814.273|0.0857391|-0.7958374|-0.6031342
1468506814.295|0.0964508|-0.7958221|-0.6073608
1468506814.315|0.0882721|-0.7932892|-0.5927124
1468506814.336|0.0852814|-0.7920532|-0.587265
1468506814.357|0.0839233|-0.7864838|-0.5860596
1468506814.377|0.0835114|-0.7908478|-0.5820618
1468506814.398|0.0740204|-0.7915802|-0.5799561
1468506814.419|0.0792999|-0.790802|-0.5700226
1468506814.44|0.0898438|-0.792923|-0.5759125
1468506814.461|0.0897522|-0.79599|-0.5896606
1468506814.482|0.0900421|-0.7915039|-0.5737915
1468506814.503|0.0881348|-0.7948456|-0.5678864
1468506814.524|0.0991821|-0.7952881|-0.5813599
1468506814.545|0.1026917|-0.7955475|-0.5948334
1468506814.566|0.0983276|-0.7961426|-0.5950623
1468506814.587|0.1035156|-0.8030548|-0.5854187
1468506814.609|0.1053467|-0.8042145|-0.5991364
1468506814.629|0.0980225|-0.8035736|-0.5998535
1468506814.65|0.0941925|-0.7935944|-0.6061707
1468506814.671|0.094162|-0.7940979|-0.5993195
1468506814.692|0.099411|-0.7942963|-0.5846558
1468506814.713|0.0885315|-0.7888184|-0.5749359
1468506814.734|0.0892639|-0.7898102|-0.575882
1468506814.754|0.0942078|-0.7896118|-0.5862732
1468506814.776|0.0930328|-0.7907867|-0.5884399
1468506814.797|0.0908203|-0.7910004|-0.5844269
1468506814.818|0.0934296|-0.7950745|-0.5950623
1468506814.839|0.0902863|-0.7910919|-0.6101837
1468506814.86|0.0881195|-0.7956696|-0.600296
1468506814.881|0.0829926|-0.7958221|-0.5939178
1468506814.902|0.0759125|-0.7949524|-0.5939331
1468506814.923|0.0748444|-0.7900848|-0.5955658
1468506814.944|0.0786438|-0.7892609|-0.587265
1468506814.964|0.0749664|-0.7892151|-0.5811157
1468506814.985|0.0845642|-0.7974091|-0.5712433
1468506815.006|0.0892639|-0.8011322|-0.5691071
1468506815.027|0.0890198|-0.802597|-0.5646362
1468506815.048|0.0891266|-0.8002319|-0.5539856
1468506815.07|0.0778961|-0.7987976|-0.5532837
1468506815.091|0.0782776|-0.7982178|-0.5729065
1468506815.112|0.0757751|-0.8039246|-0.5791016
1468506815.154|0.0778503|-0.7971802|-0.5868683
1468506815.173|0.0840759|-0.7939606|-0.5830231
1468506815.194|0.097702|-0.7935333|-0.5860748
1468506815.215|0.105545|-0.7980499|-0.5827942
1468506815.236|0.1165771|-0.8002014|-0.5863037
1468506815.256|0.118454|-0.7911835|-0.5722961
1468506815.277|0.1186829|-0.7842865|-0.5582733
1468506815.298|0.1110992|-0.7797546|-0.5658417
1468506815.319|0.1186829|-0.7757111|-0.5856476
1468506815.34|0.1114349|-0.7816925|-0.6074677
1468506815.361|0.1057129|-0.7923279|-0.6231537
1468506815.382|0.0985413|-0.7933044|-0.6347809
1468506815.402|0.1062164|-0.7891693|-0.6337891
1468506815.423|0.0884094|-0.7789307|-0.627121
1468506815.444|0.0431671|-0.7710266|-0.6139374
1468506815.465|0.0269318|-0.776474|-0.6048126
1468506815.486|0.0244141|-0.7792511|-0.6161652
1468506815.506|0.0290985|-0.7748108|-0.6085663
1468506815.528|0.0461121|-0.7607117|-0.6181335
1468506815.549|0.0714111|-0.7667389|-0.6337128
1468506815.569|0.0695038|-0.778244|-0.6337891
1468506815.59|0.0644226|-0.7911072|-0.6329498
1468506815.61|0.0666504|-0.7953186|-0.6232758
1468506815.632|0.0744934|-0.7983551|-0.6235046
1468506815.652|0.0848694|-0.8065643|-0.6188202
1468506815.679|0.0835266|-0.8090668|-0.5923615
1468506815.695|0.0861359|-0.8133087|-0.5706482
1468506815.716|0.0831604|-0.8091431|-0.5741577
1468506815.737|0.0839081|-0.8084106|-0.5800629
1468506815.759|0.0874786|-0.7957764|-0.5761719
1468506815.78|0.0822906|-0.7887878|-0.5527496
1468506815.799|0.0835876|-0.7842865|-0.5451508
1468506815.82|0.0873718|-0.7876892|-0.5531769
1468506815.841|0.0852814|-0.7861176|-0.571167
1468506815.862|0.0866394|-0.7840881|-0.5992889
1468506815.883|0.0911102|-0.7863159|-0.6056671
1468506815.904|0.0814819|-0.7822723|-0.6004486
1468506815.925|0.077301|-0.7871857|-0.6092377
1468506815.946|0.0775757|-0.7967987|-0.6152191
1468506815.967|0.0812378|-0.7970886|-0.6175842
1468506815.988|0.0794373|-0.7949371|-0.6111908
1468506816.008|0.086792|-0.7908325|-0.5988617
1468506816.03|0.0858765|-0.787262|-0.5858154
1468506816.055|0.0854187|-0.7889709|-0.5822906
1468506816.092|0.102005|-0.7880402|-0.5954742
1468506816.114|0.100647|-0.789917|-0.6020966
1468506816.135|0.0963593|-0.7843018|-0.5983124
1468506816.155|0.0955048|-0.7799683|-0.5959015
1468506816.177|0.1024628|-0.7859192|-0.5945129
1468506816.197|0.1058807|-0.7849884|-0.6013641
1468506816.218|0.0994873|-0.783432|-0.5963898
1468506816.239|0.1001434|-0.7829895|-0.5895386
1468506816.26|0.0970001|-0.7913055|-0.5974121
1468506816.281|0.0962372|-0.7895966|-0.5980988
1468506816.302|0.1007843|-0.7937317|-0.6075745
1468506816.323|0.1124115|-0.8002167|-0.6158752
1468506816.344|0.1118164|-0.7980652|-0.6085358
1468506816.365|0.0997314|-0.7945099|-0.5943298
1468506816.387|0.0969391|-0.7906189|-0.5907898
1468506816.407|0.0973206|-0.7944336|-0.5978851
1468506816.428|0.0906982|-0.7943268|-0.589859
1468506816.449|0.0790558|-0.7861481|-0.5858307
1468506816.471|0.0750885|-0.7839203|-0.5813293
1468506816.492|0.0765686|-0.7848969|-0.5834656
1468506816.513|0.079483|-0.7835236|-0.5862885
1468506816.534|0.0743256|-0.7804871|-0.5917053
1468506816.555|0.0746918|-0.7806702|-0.6037598
1468506816.576|0.0773926|-0.7819214|-0.6040039
1468506816.597|0.0827789|-0.7864075|-0.59552
1468506816.618|0.0803833|-0.7895203|-0.5926971
1468506816.639|0.0869598|-0.7889252|-0.59552
1468506816.66|0.0979919|-0.7905884|-0.6007233
1468506816.701|0.1013489|-0.7884827|-0.6020966
1468506816.723|0.1054688|-0.7885742|-0.6020966
1468506816.745|0.1089935|-0.7907715|-0.6108398
1468506816.767|0.1042938|-0.7875366|-0.6110687
1468506816.787|0.0979309|-0.7884216|-0.5990448
1468506816.808|0.0879364|-0.7966003|-0.603363
1468506816.829|0.0835571|-0.7967377|-0.6047974
1468506816.85|0.0630646|-0.7956085|-0.5972748
1468506816.871|0.0577087|-0.7972107|-0.5878601
1468506816.892|0.0568085|-0.7919159|-0.5826111
1468506816.913|0.0575714|-0.7926483|-0.5835724
1468506816.934|0.0649567|-0.7971497|-0.5845337
1468506816.955|0.0646057|-0.7896423|-0.5927429
1468506816.976|0.0633087|-0.7884521|-0.5861206
1468506816.997|0.0601349|-0.7881317|-0.5842438
1468506817.018|0.0600128|-0.7828522|-0.584671
1468506817.038|0.0563049|-0.7911835|-0.5852051
1468506817.06|0.0536194|-0.7879486|-0.5925293
1468506817.081|0.0521393|-0.7963257|-0.5956726
1468506817.102|0.0564423|-0.7952728|-0.5885468
1468506817.123|0.0669403|-0.7949829|-0.5946808
1468506817.144|0.0636444|-0.8016663|-0.5899811
1468506817.165|0.0669403|-0.7988892|-0.5812073
1468506817.186|0.0718994|-0.802597|-0.5833588
1468506817.207|0.0756836|-0.7995758|-0.5797882
1468506817.229|0.0887604|-0.7772675|-0.5767517
1468506817.249|0.0918427|-0.7776489|-0.5658875
1468506817.27|0.087265|-0.7858887|-0.5765839
1468506817.292|0.0945587|-0.7905273|-0.5969238
1468506817.313|0.0925293|-0.8058472|-0.6034241
1468506817.334|0.0922241|-0.8110809|-0.6129303
1468506817.355|0.0905609|-0.8144379|-0.6065521
1468506817.376|0.0879669|-0.8084106|-0.6008606
1468506817.397|0.0765839|-0.8105316|-0.6025543
1468506817.418|0.069397|-0.8048401|-0.6027679
1468506817.439|0.0621796|-0.8001556|-0.5956573
1468506817.46|0.0540771|-0.7988129|-0.5859833
1468506817.481|0.050415|-0.7984924|-0.5857391
1468506817.502|0.0506744|-0.7987366|-0.5874023
1468506817.523|0.048111|-0.7958374|-0.579834
1468506817.544|0.049057|-0.7951508|-0.5776978
1468506817.565|0.0487671|-0.7942047|-0.5736694
1468506817.586|0.0448608|-0.7890015|-0.5859222
1468506817.607|0.0489044|-0.7852325|-0.5877991
1468506817.628|0.0615692|-0.7751617|-0.5912323
1468506817.65|0.0671692|-0.7824402|-0.6011963
1468506817.67|0.067337|-0.7881775|-0.6062164
1468506817.691|0.0746155|-0.790329|-0.5979156
1468506817.712|0.0846863|-0.7934113|-0.6014709
1468506817.733|0.0834808|-0.7926331|-0.6066742
1468506817.755|0.0741882|-0.7890472|-0.610199
1468506817.776|0.0687256|-0.7968903|-0.602005
1468506817.796|0.0706635|-0.7986603|-0.5927887
1468506817.83|0.07164|-0.7991638|-0.5958862
1468506817.838|0.0587006|-0.8008881|-0.58078
1468506817.859|0.0473175|-0.7951355|-0.5703735
1468506817.88|0.0458374|-0.7938843|-0.5720062
1468506817.901|0.0579834|-0.7941589|-0.5719757
1468506817.922|0.0599823|-0.7850647|-0.5742798
1468506817.943|0.0730286|-0.7884216|-0.5846863
1468506817.964|0.0730896|-0.7901001|-0.5884857
1468506817.985|0.0702972|-0.7926331|-0.5965424
1468506818.007|0.0725098|-0.7921753|-0.6043243
1468506818.029|0.0754089|-0.7794647|-0.6089478
1468506818.049|0.0735321|-0.7779236|-0.6205444
1468506818.071|0.0713348|-0.7793274|-0.6170044
1468506818.091|0.072113|-0.7819977|-0.6156158
1468506818.112|0.069458|-0.7843781|-0.6085358
1468506818.133|0.0757904|-0.7753906|-0.6065674
1468506818.155|0.0783539|-0.7790375|-0.6134491
1468506818.176|0.0767822|-0.7817993|-0.6243439
1468506818.197|0.0795593|-0.7832947|-0.6324005
1468506818.218|0.0986023|-0.7848663|-0.6394501
1468506818.239|0.0944061|-0.7877502|-0.6224365
1468506818.26|0.0834808|-0.7899475|-0.6139679
1468506818.281|0.0789795|-0.7855377|-0.6127777
1468506818.302|0.0826874|-0.7880249|-0.6120758
1468506818.324|0.0913696|-0.7921753|-0.589386
1468506818.345|0.0881195|-0.794632|-0.5659943
1468506818.366|0.0940704|-0.7897186|-0.5664215
1468506818.387|0.0911255|-0.7855225|-0.5758514
1468506818.41|0.0897522|-0.7814331|-0.5656738
1468506818.43|0.098175|-0.7792358|-0.5632782
1468506818.449|0.1031494|-0.7944946|-0.5617218
1468506818.47|0.0891266|-0.7980499|-0.5601196
1468506818.491|0.0973511|-0.7982483|-0.5565643
1468506818.512|0.0941925|-0.7925568|-0.5756683
1468506818.533|0.0962982|-0.7843475|-0.5890808
1468506818.555|0.0856628|-0.772995|-0.6025238
1468506818.575|0.0703278|-0.7786102|-0.6134491
1468506818.601|0.0858917|-0.7770844|-0.5495911
1468506818.618|0.0757904|-0.7789612|-0.6628723
1468506818.638|0.1255798|-0.8119049|-0.7887421
1468506818.658|0.1737061|-0.93013|-0.875
1468506818.682|0.0884399|-0.7800903|-0.7316284
1468506818.7|-0.0180511|-0.716156|-0.4929047
1468506818.721|0.0522156|-0.7610474|-0.485733
1468506818.742|0.0967102|-0.8058929|-0.6114502
1468506818.763|0.0605469|-0.7982635|-0.6781464
1468506818.784|0.0654755|-0.757782|-0.6178131
1468506818.805|0.0716858|-0.7424469|-0.3441772
1468506818.827|0.0587311|-0.7173462|-0.4485168
1468506818.847|0.1373749|-0.7867126|-0.6828613
1468506818.868|0.0679169|-0.799469|-0.7559357
1468506818.888|0.0334015|-0.7408447|-0.6416779
1468506818.91|0.0517578|-0.7520905|-0.5870819
1468506818.933|0.0627747|-0.8079681|-0.4789124
1468506818.952|0.0720367|-0.7778168|-0.5869751
1468506818.973|0.0984344|-0.769516|-0.6320038
1468506818.996|0.103653|-0.7845459|-0.6323395
1468506819.015|0.1046448|-0.790802|-0.683197
1468506819.035|0.1077271|-0.7657776|-0.6525116
1468506819.057|0.0912018|-0.7878876|-0.5796661
1468506819.078|0.0800781|-0.7852325|-0.6300201
1468506819.099|0.0804901|-0.7728119|-0.6637573
1468506819.12|0.0881348|-0.7770081|-0.6278229
1468506819.141|0.0753937|-0.7693634|-0.6062775
1468506819.162|0.0640564|-0.7778015|-0.5555573
1468506819.183|0.0597229|-0.7720337|-0.5794067
1468506819.204|0.0222778|-0.7250824|-0.665451
1468506819.225|0.0582886|-0.7231903|-0.6766968
1468506819.25|0.0867615|-0.7605743|-0.5896301
1468506819.266|0.127243|-0.8124542|-0.5423889
1468506819.287|0.0981445|-0.8079376|-0.7370148
1468506819.309|0.1292877|-0.7994537|-0.6002197