1468437910.329|-0.1069641|-0.6275787|-0.9270782
1468437910.435|-0.0285187|-0.6504669|-0.7402649
1468437910.539|-0.0639038|-0.6456604|-0.7710571
1468437910.644|0.0216827|-0.6907501|-0.6954803
1468437910.749|-0.0687408|-0.6354675|-0.7731171
1468437910.854|-0.0461426|-0.6374359|-0.7650452
1468437910.96|-0.15802|-0.6800385|-0.7906799
1468437911.065|-0.0704956|-0.6491394|-0.7207336
1468437911.17|-0.0816345|-0.6183319|-0.7248077
1468437911.275|-0.12323|-0.6152649|-0.7679291
1468437911.38|-0.0742035|-0.660553|-0.7789764
1468437911.486|-0.1029663|-0.6441803|-0.7519989
1468437911.591|-0.0937805|-0.6466217|-0.7363892
1468437911.696|-0.0427399|-0.672348|-0.8222504
1468437911.801|-0.0886383|-0.655838|-0.7447052
1468437911.906|-0.1161652|-0.6444397|-0.7406769
1468437912.011|-0.0744171|-0.6459656|-0.7613831
1468437912.117|-0.0718079|-0.6667786|-0.751358
1468437912.222|-0.0640411|-0.6732941|-0.7310486
1468437912.327|-0.0967712|-0.6462097|-0.760025
1468437912.432|-0.0813446|-0.6530609|-0.7569427
1468437912.537|-0.0829468|-0.6553345|-0.7274323
1468437912.643|-0.0603638|-0.6643219|-0.7624207
1468437912.747|-0.0653229|-0.6638336|-0.6465912
1468437912.854|-0.0907898|-0.6317902|-0.832016
1468437912.959|-0.0976562|-0.6440277|-0.7127228
1468437913.064|-0.0847473|-0.643692|-0.7869263
1468437913.169|-0.0984497|-0.638916|-0.7188416
1468437913.274|-0.0960846|-0.6457977|-0.7921753
1468437913.378|-0.0693512|-0.6680145|-0.7525482
1468437913.484|-0.0999146|-0.6568604|-0.7312622
1468437913.589|-0.0907135|-0.6564484|-0.7593842
1468437913.694|-0.0902405|-0.6559753|-0.7593842
1468437913.799|-0.1006775|-0.6485748|-0.7510529
1468437913.904|-0.0832672|-0.6638489|-0.7556152
1468437914.009|-0.0748138|-0.6643066|-0.7473145
1468437914.114|-0.087616|-0.651001|-0.802124
1468437914.22|-0.0582886|-0.6564789|-0.7056122
1468437914.323|-0.0642242|-0.6538544|-0.7675629
1468437914.427|-0.0911713|-0.6509552|-0.7484589
1468437914.533|-0.076889|-0.6599426|-0.742569
1468437914.638|-0.0789642|-0.6538696|-0.7460938
1468437914.742|-0.0788116|-0.6579285|-0.7543793
1468437914.848|-0.0896301|-0.6472626|-0.7727814
1468437914.952|-0.0821228|-0.6480713|-0.8335266
1468437915.057|-0.0795593|-0.6666718|-0.6884918
1468437915.161|-0.082962|-0.6603546|-0.7771149
1468437915.265|-0.0755615|-0.6630859|-0.7501678
1468437915.37|-0.0958252|-0.6428223|-0.7689819
1468437915.476|-0.0845795|-0.639267|-0.8575745
1468437915.581|-0.062973|-0.6508026|-0.7105408
1468437915.686|-0.0825958|-0.647171|-0.7701721
1468437915.791|-0.0765381|-0.6546631|-0.7423096
1468437915.897|-0.0528564|-0.6721039|-0.6321869
1468437916.002|-0.0692749|-0.6588287|-0.7593536
1468437916.106|-0.0909271|-0.6588593|-0.7563171
1468437916.211|-0.0907593|-0.6591644|-0.7430725
1468437916.317|-0.086319|-0.6596832|-0.7529907
1468437916.422|-0.0821228|-0.6600037|-0.758194
1468437916.526|-0.0834351|-0.6551514|-0.7633667
1468437916.631|-0.0939026|-0.6467743|-0.7531738
1468437916.735|-0.0840302|-0.6337891|-0.7499847
1468437916.839|-0.0737152|-0.661087|-0.7754364
1468437916.945|-0.0772705|-0.6519775|-0.7496185
1468437917.05|-0.0978088|-0.6447601|-0.7571869
1468437917.155|-0.0892792|-0.6493378|-0.7453918
1468437917.261|-0.0780487|-0.6534576|-0.738739
1468437917.366|-0.1107483|-0.629776|-0.9039307
1468437917.47|-0.0857086|-0.6683807|-0.7067108
1468437917.574|-0.0881653|-0.6691895|-0.7684479
1468437917.681|-0.1073761|-0.6475067|-0.7375946
1468437917.786|-0.101593|-0.6546326|-0.7400055
1468437917.891|-0.0880737|-0.6654053|-0.7601471
1468437917.996|-0.0806122|-0.6550598|-0.7472687
1468437918.101|-0.0875397|-0.6499176|-0.7822418
1468437918.207|-0.0891571|-0.658783|-0.7307739
1468437918.312|-0.0877838|-0.6591949|-0.7494507
1468437918.417|-0.0938568|-0.6445465|-0.7671051
1468437918.522|-0.0836029|-0.6577606|-0.7645569
1468437918.627|-0.0847931|-0.6586151|-0.7328949
1468437918.733|-0.0929565|-0.6474915|-0.7122803
1468437918.838|-0.0841522|-0.6665039|-0.7953491
1468437918.943|-0.0869904|-0.6681519|-0.6975098
1468437919.049|-0.0229797|-0.6833344|-0.5901184
1468437919.153|-0.0769196|-0.6450653|-0.7878723
1468437919.256|-0.0874329|-0.6622162|-0.724411
1468437919.361|-0.0938873|-0.6448364|-0.7602386
1468437919.467|-0.0847626|-0.6618958|-0.7556
1468437919.573|-0.0860596|-0.661911|-0.7452087
1468437919.678|-0.0908661|-0.651413|-0.7534332
1468437919.783|-0.0902405|-0.6529694|-0.7340546
1468437919.888|-0.0896912|-0.6504822|-0.7515259
1468437919.993|-0.1015167|-0.6476288|-0.7402039
1468437920.099|-0.0897522|-0.6591644|-0.7485199
1468437920.204|-0.0882568|-0.6572266|-0.7603149
1468437920.309|-0.0870667|-0.6604004|-0.7489777
1468437920.414|-0.0988312|-0.6607208|-0.7326965
1468437920.519|-0.0925598|-0.6626892|-0.7535095
1468437920.624|-0.0947113|-0.6608276|-0.7310333
1468437920.729|-0.1013336|-0.6534576|-0.7801971
1468437920.834|-0.0882416|-0.6596375|-0.7556
1468437920.94|-0.0770874|-0.6582184|-0.7541656
1468437921.045|-0.0835419|-0.6441498|-0.7481537
1468437921.15|-0.089447|-0.6495056|-0.756012
1468437921.255|-0.0734711|-0.6592712|-0.748703
1468437921.36|-0.0995941|-0.6536407|-0.7501526
1468437921.465|-0.0649414|-0.6654968|-0.6962585
1468437921.57|-0.103241|-0.62854|-0.7986908
1468437921.674|-0.0554504|-0.6698761|-0.6851349
1468437921.78|-0.0827484|-0.6603699|-0.7749939
1468437921.884|-0.0968323|-0.6447906|-0.7557678
1468437921.99|-0.0836945|-0.6674347|-0.7549438
1468437922.094|-0.1100922|-0.6411896|-0.7874451
1468437922.199|-0.0884705|-0.647583|-0.763092
1468437922.306|-0.0748596|-0.6539917|-0.7418213
1468437922.41|-0.0809479|-0.6514435|-0.7474823
1468437922.515|-0.0946503|-0.6411591|-0.7698975
1468437922.62|-0.0708466|-0.6542358|-0.7588348
1468437922.725|-0.0870667|-0.6579895|-0.7536926
1468437922.83|-0.090683|-0.6403961|-0.7479248
1468437922.936|-0.0518036|-0.6551056|-0.7644653
1468437923.041|-0.065094|-0.6617737|-0.7219849
1468437923.146|-0.1165314|-0.6138763|-0.7905884
1468437923.251|-0.0497894|-0.6751709|-0.7099915
1468437923.357|-0.0846863|-0.6563721|-0.7541656
1468437923.462|-0.107254|-0.6397858|-0.7458191
1468437923.567|-0.0804443|-0.6583557|-0.7605438
1468437923.672|-0.0710754|-0.6555176|-0.7893372
1468437923.777|-0.0873413|-0.6445618|-0.7949829
1468437923.882|-0.0690613|-0.6464996|-0.7273254
1468437923.986|-0.0662689|-0.6450043|-0.7488251
1468437924.091|-0.0905457|-0.6390686|-0.7715302
1468437924.197|-0.0753479|-0.6534882|-0.7422791
1468437924.302|-0.0920258|-0.6394653|-0.7341919
1468437924.407|-0.0818024|-0.6505737|-0.7680511
1468437924.51|-0.081131|-0.6525879|-0.7529297
1468437924.614|-0.110199|-0.6188965|-0.774292
1468437924.718|-0.1107483|-0.6264648|-0.8440857
1468437924.827|-0.0541077|-0.6727905|-0.8284149
1468437924.928|-0.0768585|-0.6706848|-0.7114563
1468437925.032|-0.1006165|-0.6310883|-0.7833405
1468437925.138|-0.0584259|-0.6670837|-0.7513275
1468437925.243|-0.0925598|-0.639801|-0.7592621
1468437925.348|-0.0868225|-0.632431|-0.7686462
1468437925.454|-0.0609283|-0.6506042|-0.7616119
1468437925.559|-0.0730591|-0.6360474|-0.7781067
1468437925.664|-0.0975189|-0.6388397|-0.7859802
1468437925.769|-0.0715179|-0.6628418|-0.7700043
1468437925.874|-0.0895996|-0.6465149|-0.7775116
1468437925.979|-0.0742035|-0.6585388|-0.7510681
1468437926.084|-0.0641479|-0.6589355|-0.7624054
1468437926.189|-0.095871|-0.6499329|-0.7399597
1468437926.294|-0.0850983|-0.6464539|-0.7614136
1468437926.399|-0.0724182|-0.6570587|-0.7654877
1468437926.503|-0.0849457|-0.6566315|-0.7487183
1468437926.608|-0.0803528|-0.6586761|-0.7416229
1468437926.713|-0.0704651|-0.6573486|-0.7642975
1468437926.819|-0.0896759|-0.6436462|-0.7758331
1468437926.924|-0.094223|-0.6319885|-0.8249207
1468437927.029|-0.0563202|-0.6520081|-0.7888184
1468437927.135|-0.0805511|-0.6615143|-0.7016907
1468437927.24|-0.0992889|-0.6386108|-0.7751007
1468437927.345|-0.0641174|-0.6652679|-0.7463684
1468437927.45|-0.0862274|-0.6517487|-0.7562561
1468437927.556|-0.0978546|-0.6506653|-0.7293243
1468437927.661|-0.0677032|-0.6600952|-0.8035431
1468437927.766|-0.0801544|-0.6593933|-0.6950531
1468437927.87|-0.0804138|-0.6495209|-0.7945099
1468437927.975|-0.0770111|-0.6583252|-0.7312317
1468437928.08|-0.1004639|-0.6424713|-0.767334
1468437928.185|-0.0811157|-0.6572266|-0.7390137
1468437928.293|-0.0832672|-0.6640778|-0.7568054
1468437928.396|-0.0992279|-0.6262665|-0.789917
1468437928.5|-0.0500488|-0.6675873|-0.7316742
1468437928.606|-0.0646057|-0.6512604|-0.7545319
1468437928.711|-0.0886688|-0.6401215|-0.7613983
1468437928.815|-0.0550232|-0.65802|-0.7476959
1468437928.919|-0.0847931|-0.6522827|-0.7517548
1468437929.025|-0.0771484|-0.6555786|-0.754364
1468437929.13|-0.079834|-0.6639099|-0.7605743
1468437929.236|-0.085907|-0.6513977|-0.7337952
1468437929.34|-0.0675049|-0.6505432|-0.7949677
1468437929.444|-0.0622101|-0.6651154|-0.7392578
1468437929.549|-0.0855255|-0.6461639|-0.7689667
1468437929.655|-0.0654449|-0.6506042|-0.7415314
1468437929.76|-0.0713043|-0.6600647|-0.7439728
1468437929.865|-0.0815887|-0.6429596|-0.7568817
1468437929.987|-0.0710602|-0.6575165|-0.679657
1468437930.08|-0.0776672|-0.6311951|-0.866272
1468437930.18|-0.0621338|-0.6681061|-0.6723785
1468437930.288|-0.0815277|-0.6513672|-0.8023376
1468437930.389|-0.0636902|-0.6677856|-0.727478
1468437930.495|-0.0825806|-0.6575317|-0.7709351
1468437930.599|-0.070343|-0.6588745|-0.746109
1468437930.704|-0.0806274|-0.6582336|-0.7347717
1468437930.809|-0.0740204|-0.6507721|-0.7668457
1468437930.915|-0.0668945|-0.6495667|-0.7486267
1468437931.02|-0.0920105|-0.6372528|-0.7431641
1468437931.125|-0.0656281|-0.6581879|-0.7619171
1468437931.23|-0.0882263|-0.6438599|-0.7384491
1468437931.336|-0.0803223|-0.6432037|-0.7616119
1468437931.441|-0.0794373|-0.647171|-0.7356415
1468437931.546|-0.0930176|-0.6439209|-0.7519531
1468437931.651|-0.0822449|-0.6559296|-0.7560425
1468437931.757|-0.08255|-0.6518097|-0.7602692
1468437931.862|-0.0499573|-0.6651459|-0.7881775
1468437931.968|-0.0661469|-0.6472015|-0.7914124
1468437932.072|-0.0631256|-0.6534119|-0.7181549
1468437932.178|-0.0744934|-0.6500092|-0.7718048
1468437932.282|-0.0800781|-0.6412506|-0.7663269
1468437932.387|-0.0652771|-0.6487579|-0.7717743
1468437932.498|-0.0576935|-0.6607971|-0.5659332
1468437932.597|-0.0760956|-0.6328735|-0.7733612
1468437932.702|-0.0831146|-0.648407|-0.7616577
1468437932.808|-0.0791931|-0.6445007|-0.7424622
1468437932.913|-0.0709076|-0.6513519|-0.7585602
1468437933.018|-0.0844879|-0.6434021|-0.7540741
1468437933.123|-0.0713959|-0.6515808|-0.7595215
1468437933.228|-0.1230164|-0.6292267|-0.7171936
1468437933.334|-0.0587463|-0.6520844|-0.8595123
1468437933.439|-0.0838623|-0.6534729|-0.7094574
1468437933.544|-0.0695038|-0.659317|-0.7602844
1468437933.649|-0.0605927|-0.6620331|-0.7387543
1468437933.754|-0.0829773|-0.6467896|-0.7529144
1468437933.86|-0.0686493|-0.6560059|-0.7541046
1468437933.965|-0.0705261|-0.6559296|-0.7609711
1468437934.069|-0.0961761|-0.6382904|-0.8055878
1468437934.174|-0.0327148|-0.6710358|-0.6964417
1468437934.279|-0.0818481|-0.6420593|-0.7883148
1468437934.384|-0.0787811|-0.6440887|-0.7337189
1468437934.489|-0.0572662|-0.6615143|-0.7624054
1468437934.594|-0.0820312|-0.6453705|-0.751236
1468437934.699|-0.065094|-0.6568909|-0.7382812
1468437934.804|-0.0702515|-0.646286|-0.7649231
1468437934.909|-0.0736084|-0.6399994|-0.7575378
1468437935.014|-0.0627136|-0.6533813|-0.7758331
1468437935.12|-0.0930786|-0.6421509|-0.8164978
1468437935.223|-0.040451|-0.6730652|-0.7326355
1468437935.329|-0.0731201|-0.6593781|-0.7297821
1468437935.434|-0.0883331|-0.6324463|-0.760376
1468437935.54|-0.0438995|-0.6648407|-0.6846008
1468437935.643|-0.0776367|-0.6313324|-0.8369446
1468437935.748|-0.0702209|-0.6625977|-0.6794586
1468437935.854|-0.0814362|-0.6490631|-0.7883759
1468437935.959|-0.0648651|-0.6704254|-0.7263184
1468437936.064|-0.0875397|-0.6414948|-0.7765045
1468437936.172|-0.0747833|-0.6558075|-0.8129883
1468437936.273|-0.0382538|-0.6782074|-0.680191
1468437936.379|-0.0830231|-0.6451721|-0.7843475
1468437936.484|-0.0600128|-0.6572723|-0.7302246
1468437936.589|-0.0618286|-0.6522369|-0.7668304
1468437936.694|-0.0731049|-0.6448822|-0.7431793
1468437936.906|-0.0818787|-0.635437|-0.9098053
1468437937.01|-0.0613708|-0.6678467|-0.6773529
1468437937.115|-0.0768127|-0.6402588|-0.7866516
1468437937.22|-0.0596771|-0.6519928|-0.7313843
1468437937.325|-0.0799713|-0.6564026|-0.7678528
1468437937.431|-0.0950317|-0.6365356|-0.7292175
1468437937.536|-0.047699|-0.6803131|-0.745697
1468437937.641|-0.0814514|-0.6603088|-0.7494507
1468437937.745|-0.0710907|-0.6566925|-0.7494049
1468437937.849|-0.0785522|-0.6517334|-0.7420502
1468437937.955|-0.0654144|-0.6449432|-0.7653961
1468437938.059|-0.0549927|-0.6591949|-0.7507782
1468437938.164|-0.0767975|-0.6493073|-0.7583618
1468437938.269|-0.0818024|-0.6478424|-0.7410736
1468437938.375|-0.0810699|-0.6586609|-0.7418671
1468437938.48|-0.082077|-0.6444855|-0.7826843
1468437938.585|-0.059845|-0.6656952|-0.7283936
1468437938.69|-0.0951538|-0.6460571|-0.7477264
1468437938.795|-0.0673981|-0.6617126|-0.7733002
1468437938.9|-0.0708618|-0.6692505|-0.7414398
1468437939.005|-0.0739288|-0.6536255|-0.7706604
1468437939.11|-0.0886383|-0.6452332|-0.7481842
1468437939.215|-0.087677|-0.6435699|-0.7495728
1468437939.32|-0.0549469|-0.658432|-0.7578583
1468437939.426|-0.0708923|-0.638092|-0.7677155
1468437939.531|0.1343079|-0.6981354|-0.6829681
1468437939.636|-0.1750183|-0.5723724|-0.7022705
1468437939.743|-0.0664368|-0.6392975|-0.8818817
1468437939.846|-0.0415649|-0.6479034|-0.7584686
1468437939.951|0.000473|-0.6520538|-0.7437439
1468437940.056|-0.0128174|-0.7122803|-0.7616882
1468437940.161|-0.0710144|-0.6319885|-0.6390686
1468437940.266|-0.3262787|-0.8270569|-0.7079468
1468437940.371|-0.0658112|-0.6608124|-0.8636017
1468437940.474|0.2978058|-1.0206909|-0.2516327
1468437940.58|0.0074768|-0.6936951|-0.7700195
1468437940.685|-0.0306396|-0.6244507|-0.8355865
1468437940.791|-0.015213|-0.6274719|-0.8769379
1468437940.896|-0.021637|-0.6304779|-0.6774445
1468437941|-0.0115204|-0.6573181|-0.7466431
1468437941.109|-0.0953827|-0.6248474|-0.7537231
1468437941.316|-0.1071014|-0.6124268|-0.6846313
1468437941.421|-0.0759125|-0.6730804|-0.7682037
1468437941.526|-0.0491943|-0.6559143|-0.8592682
1468437941.631|-0.0449371|-0.7010956|-0.6914825
1468437941.737|0.0055389|-0.7320251|-0.8830414
1468437941.842|-0.1481323|-0.6797333|-0.6090851
1468437941.946|-0.0476074|-0.6465454|-0.6667633
1468437942.052|-0.0536957|-0.6271973|-0.7633209
1468437942.157|-0.0992584|-0.6203308|-0.8716736
1468437942.262|0.0179596|-0.6316681|-0.8092804
1468437942.367|-0.038147|-0.6474915|-0.7624817
1468437942.474|-0.0532074|-0.640213|-0.754425
1468437942.578|-0.1029358|-0.6108704|-0.7288361
1468437942.682|-0.0461121|-0.6687317|-0.9047241
1468437942.787|-0.0400391|-0.6520386|-0.6180725
1468437942.893|-0.0897827|-0.6016846|-0.7954102
1468437942.998|-0.0355835|-0.6454163|-0.7546539
1468437943.104|-0.0789795|-0.6564178|-0.7697449
1468437943.209|-0.1295166|-0.6667175|-0.6025696
1468437943.314|-0.0550385|-0.6308746|-0.595993
1468437943.419|-0.0583649|-0.6480408|-0.7566376
1468437943.524|-0.0612488|-0.6435852|-0.9123993
1468437943.629|-0.0168457|-0.6358795|-0.8228607
1468437943.734|-0.0559235|-0.6367035|-0.7248688
1468437943.84|-0.0547333|-0.6287384|-0.7836609
1468437944.05|-0.0931549|-0.6766968|-0.6907043
1468437944.155|-0.0818634|-0.6546326|-0.678009
1468437944.26|-0.0580597|-0.6364441|-0.7664795
1468437944.366|-0.0627594|-0.6489258|-0.7485962
1468437944.471|-0.0584412|-0.6515961|-0.766571
1468437944.576|-0.061676|-0.6486359|-0.7649078
1468437944.68|-0.0581512|-0.6535187|-0.7673035
1468437944.785|-0.0614014|-0.641449|-0.759903
1468437944.889|-0.0552368|-0.6417694|-0.772644
1468437944.993|-0.0661011|-0.6427002|-0.7778931
1468437945.099|-0.0607605|-0.6390839|-0.7553864
1468437945.204|-0.067627|-0.6407623|-0.7757568
1468437945.31|-0.0594482|-0.6397705|-0.7674408
1468437945.415|-0.0643463|-0.6423645|-0.7544708
1468437945.52|-0.0692902|-0.6463318|-0.763504
1468437945.625|-0.078476|-0.6496735|-0.7269135
1468437945.731|-0.0866089|-0.6180573|-0.7101746
1468437945.836|-0.1400604|-0.6357269|-0.6905365
1468437945.941|0.0054932|-0.7091675|-0.888092
1468437946.046|-0.0678253|-0.6552429|-0.766861
1468437946.152|-0.0782013|-0.6300049|-0.7636414
1468437946.257|-0.0778198|-0.6395721|-0.676712
1468437946.362|-0.0358124|-0.6106873|-0.8704987
1468437946.466|-0.0662994|-0.6473236|-0.4285126
1468437946.573|-0.0757141|-0.6282196|-0.6042786
1468437946.678|-0.1209717|-0.6494141|-0.9731293
1468437946.783|-0.0423126|-0.6537323|-0.8391266
1468437946.993|-0.1035919|-0.638855|-0.8517151
1468437947.098|-0.0531769|-0.6433563|-0.7483215
1468437947.202|-0.0525208|-0.6417999|-0.7780914
1468437947.308|-0.1199341|-0.6010895|-0.8314056
1468437947.412|-0.0492249|-0.6112976|-0.8298798
1468437947.516|-0.0696411|-0.6359711|-0.7123413
1468437947.622|-0.0939636|-0.6009827|-0.7242279
1468437947.727|-0.0693817|-0.6338806|-0.6534729
1468437947.832|-0.1083527|-0.6511688|-0.7246246
1468437947.937|-0.0788574|-0.639679|-0.7034302
1468437948.042|-0.0842285|-0.6387177|-0.7743683
1468437948.147|-0.0799408|-0.6396179|-0.7568512
1468437948.253|-0.0783844|-0.6337738|-0.8244324
1468437948.359|-0.108902|-0.6460114|-0.696228
1468437948.465|-0.0410767|-0.641861|-0.6754608
1468437948.568|-0.072464|-0.6165314|-0.7893066
1468437948.674|-0.048996|-0.6517487|-0.7284851
1468437948.883|-0.1133881|-0.6032562|-0.6179199
1468437948.989|-0.0786591|-0.627594|-0.6695404
1468437949.094|-0.0982513|-0.6381073|-0.78479
1468437949.199|-0.0886536|-0.6266022|-0.772171
1468437949.305|-0.0925446|-0.6373596|-0.768692
1468437949.41|-0.1073151|-0.6231384|-0.7568054
1468437949.515|-0.0655975|-0.6439972|-0.8109894
1468437949.62|-0.1154633|-0.6314087|-0.8465118
1468437949.723|-0.0360718|-0.6477051|-0.9189911
1468437949.829|-0.0985718|-0.6547241|-0.68396
1468437949.933|-0.0261841|-0.6470642|-0.805954
1468437950.039|-0.1939545|-0.5671082|-0.7545319
1468437950.144|-0.0422058|-0.6679688|-0.7415924
1468437950.249|-0.0628967|-0.6467133|-0.8062897
1468437950.354|-0.1030884|-0.6256104|-0.7615509
1468437950.46|-0.078598|-0.6326599|-0.7634277
1468437950.565|-0.0799103|-0.6276093|-0.8005066
1468437950.671|-0.0486603|-0.6785583|-0.7553864
1468437950.88|-0.0588837|-0.6038971|-0.8279572
1468437950.985|-0.0955963|-0.6300354|-0.7755127
1468437951.09|-0.0930939|-0.6319427|-0.7431335
1468437951.196|-0.0700378|-0.6524963|-0.7751312
1468437951.303|-0.0852356|-0.6397247|-0.7623138
1468437951.405|-0.0275116|-0.6561737|-0.6587372
1468437951.51|-0.0765533|-0.6255341|-0.8004913
1468437951.616|-0.0337219|-0.653183|-0.7506866
1468437951.721|-0.0998383|-0.6185303|-0.7955322
1468437951.826|-0.0479889|-0.6301575|-0.7682953
1468437951.931|-0.0279236|-0.624649|-0.8046112
1468437952.039|-0.0661926|-0.6029053|-0.8981934
1468437952.142|-0.0613861|-0.6179962|-0.738205
1468437952.247|-0.066452|-0.6152649|-0.7845459
1468437952.352|-0.0729218|-0.6177063|-0.7921753
1468437952.457|-0.0774078|-0.6312103|-0.7650909
1468437952.563|-0.0576019|-0.6235046|-0.8065796
1468437952.668|-0.0915527|-0.6175842|-0.7350006
1468437952.773|-0.0627289|-0.6179657|-0.7864532
1468437952.878|-0.063797|-0.6210022|-0.7994843
1468437952.984|-0.0924377|-0.6047211|-0.7535858
1468437953.089|-0.0453796|-0.6342621|-0.7794342
1468437953.194|-0.0708618|-0.6240234|-0.7862854
1468437953.299|-0.0734711|-0.617981|-0.7812805
1468437953.404|-0.0587158|-0.6230927|-0.789093
1468437953.509|-0.0590363|-0.6277924|-0.7619324
1468437953.615|-0.0996552|-0.5961761|-0.7963257
1468437953.72|-0.0921631|-0.6143036|-0.7616882
1468437953.824|-0.0003052|-0.6327515|-0.799408
1468437953.93|-0.0117035|-0.6656036|-0.8665619
1468437954.035|-0.1099243|-0.626236|-0.8927765
1468437954.14|-0.0600891|-0.6311646|-0.7061615
1468437954.245|-0.0798492|-0.6187744|-0.736618
1468437954.35|-0.1287079|-0.5834045|-0.8190308
1468437954.456|0.0234528|-0.6634064|-0.9312286
1468437954.561|-0.0661163|-0.6523285|-0.778656
1468437954.665|-0.0652313|-0.6280518|-0.7792206
1468437954.771|-0.0848846|-0.6322174|-0.7700653
1468437954.876|-0.067627|-0.6206055|-0.9087067
1468437954.979|-0.0385437|-0.621048|-0.7601929
1468437955.19|-0.1188507|-0.5956116|-0.7285309
1468437955.295|-0.070282|-0.6487732|-0.6500549
1468437955.4|-0.083252|-0.599884|-0.7982178
1468437955.505|-0.1055298|-0.613739|-0.7676239
1468437955.61|-0.0946198|-0.6270599|-0.7511444
1468437955.716|-0.0526581|-0.6298981|-0.799057
1468437955.82|-0.0759277|-0.6322021|-0.7643585
1468437955.926|-0.0725403|-0.6234741|-0.7933655
1468437956.031|-0.0569916|-0.6452484|-0.7892456
1468437956.136|-0.0843658|-0.6353149|-0.7310791
1468437956.24|-0.0850983|-0.6135559|-0.8006744
1468437956.345|-0.0472565|-0.6478424|-0.7454834
1468437956.449|-0.0681152|-0.6104584|-0.7712708
1468437956.553|-0.1092834|-0.6219635|-0.7906342
1468437956.659|-0.0783844|-0.6058655|-0.7802582
1468437956.764|0.0622253|-0.63797|-0.8969116
1468437956.869|-0.0807648|-0.6282043|-0.6766357
1468437956.974|-0.0519714|-0.6108704|-0.8551788
1468437957.08|-0.0513611|-0.6208801|-0.7372894
1468437957.185|-0.0940552|-0.6157532|-0.8004608
1468437957.289|-0.0543365|-0.6322784|-0.6565094
1468437957.395|-0.0914154|-0.5933075|-0.7322235
1468437957.5|-0.0808105|-0.6297302|-0.8045502
1468437957.605|-0.0066528|-0.6692505|-0.8809967
1468437957.711|-0.0315094|-0.6665039|-0.8834076
1468437957.815|-0.0961914|-0.5823975|-0.6763611
1468437957.919|-0.0781403|-0.5962067|-0.7445068
1468437958.024|-0.0468597|-0.6092377|-0.8260956
1468437958.13|-0.0495758|-0.6125946|-0.8109741
1468437958.235|-0.0504303|-0.6168365|-0.7783661
1468437958.34|-0.0726166|-0.6181488|-0.8009186
1468437958.445|-0.0497131|-0.6232147|-0.7569122
1468437958.55|-0.0535126|-0.6219177|-0.8067932
1468437958.654|-0.0647583|-0.6128235|-0.7928162
1468437958.76|-0.0544586|-0.6087799|-0.7840118
1468437958.865|-0.0594025|-0.640976|-0.5291443
1468437958.97|-0.0174866|-0.6302948|-0.6849976
1468437959.074|-0.0865936|-0.6064301|-0.8207245
1468437959.18|-0.0889587|-0.6179047|-0.8238831
1468437959.285|-0.0112305|-0.6804504|-0.7839203
1468437959.391|-0.0569|-0.6420135|-0.8104858
1468437959.496|-0.0757294|-0.6273651|-0.7747345
1468437959.601|-0.0363159|-0.6445007|-0.7908173
1468437959.706|-0.059433|-0.6112518|-0.7958679
1468437959.811|-0.0572205|-0.6126862|-0.7584991
1468437959.916|-0.052887|-0.6281128|-0.7709045
1468437960.021|-0.0298462|-0.626297|-0.8053284
1468437960.126|-0.0380707|-0.6134644|-0.7844696
1468437960.231|-0.036026|-0.6099548|-0.7752228
1468437960.336|-0.0662079|-0.6075745|-0.7767029
1468437960.442|-0.0381927|-0.6549835|-0.8008423
1468437960.547|-0.0470886|-0.6172028|-0.7679749
1468437960.652|-0.0525818|-0.6197052|-0.7705994
1468437960.757|-0.0581055|-0.622467|-0.7741852
1468437960.862|-0.0568085|-0.6206512|-0.7592621
1468437960.967|0.0203857|-0.6342621|-0.9738312
1468437961.072|-0.0879974|-0.6291809|-0.7875366
1468437961.177|0.0046539|-0.6144104|-0.7387543
1468437961.282|-0.0539246|-0.577713|-0.7927856
1468437961.388|-0.0365448|-0.6048431|-0.7870026
1468437961.493|-0.0546417|-0.6149292|-0.8067474
1468437961.598|-0.0384979|-0.6143951|-0.7899323
1468437961.703|-0.1001282|-0.5844727|-0.7319489
1468437961.808|-0.0556793|-0.6296692|-0.7858124
1468437961.913|-0.0578156|-0.6298981|-0.8238831
1468437962.018|-0.0345001|-0.608551|-0.8234406
1468437962.123|-0.0117188|-0.6422272|-0.8751678
1468437962.229|-0.0447845|-0.6134186|-0.760849
1468437962.334|-0.0360413|-0.6208954|-0.8041534
1468437962.439|-0.0610962|-0.6045685|-0.8249054
1468437962.544|-0.052887|-0.6222534|-0.7914124
1468437962.649|-0.0635834|-0.6139374|-0.8174133
1468437962.754|-0.0549316|-0.6262512|-0.7985382
1468437962.86|-0.0215607|-0.6374359|-0.8732605
1468437962.965|-0.0685425|-0.620636|-0.8526764
1468437963.071|-0.0189056|-0.6180267|-0.7279663
1468437963.175|-0.0958862|-0.6105042|-0.8325958
1468437963.281|-0.0784607|-0.5975037|-0.865799
1468437963.386|-0.0086212|-0.6239319|-0.8899078
1468437963.491|-0.0583649|-0.6308289|-0.7803802
1468437963.596|-0.0548553|-0.6156158|-0.8086395
1468437963.701|-0.0490265|-0.6204224|-0.7913818
1468437963.807|-0.0516815|-0.6131592|-0.7835541
1468437963.912|-0.0570526|-0.6130524|-0.7814331
1468437964.017|-0.0502625|-0.6095581|-0.7913208
1468437964.122|-0.0445557|-0.6073303|-0.7794952
1468437964.227|-0.050766|-0.6085815|-0.7929993
1468437964.333|-0.0468292|-0.6108398|-0.7915649
1468437964.438|-0.0465546|-0.613266|-0.7861481
1468437964.543|-0.050827|-0.6061707|-0.7924957
1468437964.648|-0.0638428|-0.6283569|-0.6309662
1468437964.756|-0.029068|-0.6003265|-0.7576447
1468437964.858|-0.0558167|-0.6159973|-0.7762604
1468437964.964|-0.0275726|-0.6367188|-0.8474884
1468437965.069|-0.0637207|-0.6090851|-0.7793121
1468437965.174|-0.0592651|-0.6158905|-0.835144
1468437965.279|-0.0654907|-0.651123|-0.4947357
1468437965.384|-0.0545959|-0.5960541|-0.8775482
1468437965.49|-0.0462952|-0.6198578|-0.7668152
1468437965.595|-0.0372162|-0.6230164|-0.8020325
1468437965.7|-0.0615387|-0.614563|-0.8980103
1468437965.807|-0.0787811|-0.6060791|-0.6880798
1468437965.91|-0.0093079|-0.616745|-0.884903
1468437966.016|-0.0315704|-0.6274414|-0.7630463
1468437966.121|-0.0442047|-0.6144409|-0.8074341
1468437966.225|-0.0367432|-0.6077423|-0.781601
1468437966.331|-0.0445862|-0.6268158|-0.7800903
1468437966.436|-0.0508118|-0.616745|-0.7932739
1468437966.541|-0.0406647|-0.6148376|-0.7911224
1468437966.646|-0.0507812|-0.6107941|-0.784256
1468437966.751|-0.0463104|-0.6127777|-0.7901764
1468437966.855|-0.0440521|-0.5872498|-0.9509888
1468437966.961|-0.0577545|-0.5971069|-0.7011871
1468437967.066|-0.0886993|-0.5809784|-0.7091827
1468437967.171|-0.085968|-0.599823|-0.8953705
1468437967.276|-0.0474243|-0.6044769|-0.763382
1468437967.381|-0.0341339|-0.5966797|-0.7422791
1468437967.487|-0.092514|-0.6279755|-0.5308075
1468437967.592|-0.0132751|-0.6299591|-0.6268463
1468437967.697|-0.0576477|-0.6240234|-0.7983093
1468437967.802|-0.0529938|-0.6117401|-0.7733917
1468437967.907|-0.0451965|-0.6136017|-0.7747955
1468437968.012|-0.049942|-0.613678|-0.7870941
1468437968.117|-0.0466309|-0.6224365|-0.7795868
1468437968.222|-0.0665131|-0.624054|-0.8507996
1468437968.327|-0.0283508|-0.6258545|-0.7077026
1468437968.432|-0.0725555|-0.6203308|-0.7997437
1468437968.537|-0.0505219|-0.6127472|-0.7773895
1468437968.643|-0.0561523|-0.6033478|-0.8052368
1468437968.748|-0.0552979|-0.6097717|-0.8698273
1468437968.853|-0.0431976|-0.6097107|-0.7931976
1468437968.958|-0.056015|-0.6024628|-0.7905884
1468437969.063|-0.054306|-0.6024933|-0.7927246
1468437969.169|-0.0574341|-0.6204681|-0.8394165
1468437969.274|-0.0441132|-0.618454|-0.7715149
1468437969.379|-0.0591736|-0.6040955|-0.7863464
1468437969.484|-0.0486908|-0.6188812|-0.8084106
1468437969.589|-0.0292358|-0.6319122|-0.8401489
1468437969.694|-0.0091858|-0.6357422|-0.7398834
1468437969.8|-0.0462646|-0.618454|-0.8100739
1468437969.905|-0.0412903|-0.6102753|-0.7837524
1468437970.01|-0.0532074|-0.6114502|-0.7835541
1468437970.115|-0.0524292|-0.6111908|-0.7896881
1468437970.324|-0.0705872|-0.5738525|-0.8199921
1468437970.429|-0.0464935|-0.6098175|-0.8071747
1468437970.533|-0.0633087|-0.6062927|-0.8100128
1468437970.638|-0.0485077|-0.6154327|-0.781189
1468437970.744|-0.0487366|-0.6144409|-0.7847443
1468437970.849|-0.0657806|-0.6067352|-0.8057861
1468437970.954|-0.0716705|-0.6174011|-0.7626038
1468437971.059|-0.0480499|-0.6172485|-0.8015442
1468437971.164|-0.0463867|-0.6121063|-0.7809448
1468437971.269|-0.0530548|-0.6172333|-0.7838287
1468437971.375|-0.0580292|-0.6113281|-0.7859497
1468437971.48|-0.0537109|-0.6059113|-0.8317413
1468437971.585|-0.0475769|-0.58638|-0.8689423
1468437971.69|-0.0277863|-0.5993347|-0.770401
1468437971.795|-0.0453644|-0.6017303|-0.7886658
1468437971.9|-0.0450745|-0.6044006|-0.7865601
1468437972.005|-0.046875|-0.6145477|-0.7722015
1468437972.11|-0.041626|-0.613327|-0.7967682
1468437972.215|-0.0798645|-0.6065674|-0.7748413
1468437972.425|-0.0469818|-0.593399|-0.8609772
1468437972.53|-0.0518341|-0.6143799|-0.8294373
1468437972.636|-0.0530701|-0.6099091|-0.8064728
1468437972.74|-0.0485229|-0.6041412|-0.7785187
1468437972.845|-0.0585938|-0.5924683|-0.804718
1468437972.95|-0.0548401|-0.5988464|-0.7976532
1468437973.055|-0.048172|-0.6077118|-0.7830505
1468437973.16|-0.0550385|-0.5997772|-0.8016815
1468437973.266|-0.061676|-0.6090698|-0.7934875
1468437973.371|-0.0596161|-0.6033173|-0.7958069
1468437973.476|-0.0698242|-0.6057739|-0.787323
1468437973.581|-0.0632782|-0.6098633|-0.7719879
1468437973.687|-0.0544128|-0.6134644|-0.8088531
1468437973.792|-0.0365601|-0.6049805|-0.8543854
1468437973.897|-0.065567|-0.6009979|-0.7537384
1468437974.002|-0.0602417|-0.6051941|-0.8033905
1468437974.107|-0.0502625|-0.6117706|-0.782135
1468437974.213|-0.0416412|-0.6051788|-0.7898712
1468437974.318|-0.0497589|-0.6102753|-0.7929993
1468437974.423|-0.0663147|-0.5972595|-0.7272186
1468437974.528|-0.0675354|-0.5791016|-0.8895111
1468437974.634|-0.0494232|-0.6273499|-0.7503052
1468437974.738|-0.0565948|-0.6153717|-0.8043823
1468437974.844|-0.0467987|-0.605423|-0.8139954
1468437974.948|-0.0528107|-0.6044617|-0.7905884
1468437975.053|-0.0540314|-0.6022339|-0.7971954
1468437975.157|-0.0531769|-0.6058044|-0.8050385
1468437975.263|-0.0529175|-0.6148529|-0.7764893
1468437975.368|-0.067276|-0.6072083|-0.799881
1468437975.473|-0.0503082|-0.6088562|-0.7858887
1468437975.578|-0.0844116|-0.6347656|-0.7946625
1468437975.684|-0.038147|-0.5852814|-0.7946777
1468437975.789|-0.063324|-0.6065216|-0.8078766
1468437975.894|-0.052536|-0.6093292|-0.7811737
1468437975.999|-0.0510254|-0.617218|-0.7956543
1468437976.103|-0.0753326|-0.6053467|-0.7993927
1468437976.208|-0.0585022|-0.6112976|-0.7894897
1468437976.313|-0.0660248|-0.6074524|-0.8031921
1468437976.419|-0.0699615|-0.609375|-0.7892609
1468437976.524|-0.0718689|-0.5999298|-0.7941589
1468437976.629|-0.0372009|-0.6215515|-0.8102875
1468437976.734|-0.0485229|-0.6050873|-0.776413
1468437976.839|-0.0478058|-0.6170197|-0.8024902
1468437976.945|-0.0578613|-0.5986023|-0.78302
1468437977.05|-0.0434875|-0.6138916|-0.772171
1468437977.155|-0.0426941|-0.6033478|-0.8151398
1468437977.26|-0.0646362|-0.5918427|-0.8087463
1468437977.365|-0.0591583|-0.5888367|-0.8063507
1468437977.471|-0.0511017|-0.5946198|-0.7940674
1468437977.576|-0.0679321|-0.5984497|-0.7686005
1468437977.681|-0.0643158|-0.6028595|-0.817337
1468437977.786|-0.1251068|-0.5572815|-0.762558
1468437977.892|-0.069458|-0.6041565|-0.7778625
1468437977.997|-0.038147|-0.6052856|-0.832901
1468437978.102|-0.0348816|-0.6136932|-0.7518463
1468437978.207|-0.0756226|-0.5806122|-0.8408508
1468437978.312|-0.0694427|-0.5916138|-0.7841644
1468437978.418|-0.0444183|-0.6117096|-0.8180695
1468437978.523|-0.0898743|-0.5934296|-0.8102417
1468437978.628|-0.0634918|-0.6330109|-0.8016968
1468437978.733|-0.0937195|-0.6474457|-0.8108368
1468437978.838|-0.1082916|-0.639389|-0.7718201
1468437978.943|-0.1693878|-0.7485809|-0.7415161
1468437979.049|-0.1749878|-0.7182159|-0.6332855
1468437979.154|-0.1808472|-0.7561493|-0.5732727
1468437979.259|-0.3052216|-0.7879639|-0.5861053
1468437979.365|-0.3246307|-0.6850891|-0.485199
1468437979.47|-0.3921814|-0.6046295|-0.549118
1468437979.574|-0.3806152|-0.5256653|-0.7603912
1468437979.678|-0.2458191|-0.6298828|-0.8111115
1468437979.784|-0.3007202|-0.7945251|-0.6840057
1468437979.889|-0.2703857|-0.7239685|-0.7406616
1468437979.994|-0.2842255|-0.7161255|-0.6642914
1468437980.1|-0.3667297|-0.721344|-0.5988007