1468440765.913
1468440766.196
1468440766.329
1468440766.545
1468440766.779
1468440766.896
1468440767.379
1468440767.579
1468440767.78
1468440768.046
1468440768.113
1468440768.246
1468440768.481
1468440768.611
1468440769.296
1468440769.413
1468440769.53
1468440769.613
1468440769.896
1468440769.979
1468440770.113
1468440770.229
1468440770.329
1468440770.512
1468440770.679
1468440771.046
1468440773.244
1468440774.111
1468440774.227
1468440775.328
1468440780.976
1468440781.189
1468440781.49
1468440781.607
1468440782.59
1468440782.857
1468440783.324
1468440783.674