1468517131.288
1468517131.488
1468517131.59
1468517132.007
1468517132.823
1468517133.29
1468517133.373
1468517133.457
1468517133.69
1468517133.855
1468517134.605
1468517136.907
1468517137.139
1468517137.24
1468517137.64
1468517137.809
1468517138.003
1468517140.338
1468517140.455
1468517140.59
1468517140.738
1468517141.456
1468517141.79
1468517141.906
1468517142.023
1468517142.19
1468517143.773
1468517145.307
1468517146.221
1468517148.655
1468517149.106
1468517149.221
1468517149.47
1468517150.24
1468517153.421
1468517153.557
1468517153.736
1468517154.138
1468517158.589
1468517159.189
1468517159.607
1468517164.188