1468517119.693|0.140152|-0.5538788|-0.5077209
1468517119.714|0.0593719|-0.5936127|-0.5713196
1468517119.735|0.022995|-0.5629578|-0.7215729
1468517119.756|0.0280457|-0.4946747|-0.8343201
1468517119.777|0.0827026|-0.4967346|-0.8556976
1468517119.798|0.1452179|-0.5145874|-0.8360596
1468517119.819|0.1564789|-0.5565643|-0.8119659
1468517119.84|0.0997772|-0.5537872|-0.7785034
1468517119.861|0.0953827|-0.5374908|-0.7966003
1468517119.882|0.0926056|-0.5304871|-0.8379517
1468517119.903|0.0653839|-0.5615082|-0.907959
1468517119.924|0.0183716|-0.5576172|-0.9035797
1468517119.946|-0.0071869|-0.522995|-0.8809357
1468517119.966|0.0122375|-0.5076752|-0.855484
1468517119.987|-0.0006256|-0.5177765|-0.8955231
1468517120.008|0.0011292|-0.494812|-0.876709
1468517120.029|-0.0093842|-0.4520874|-1.0092926
1468517120.051|-0.0272369|-0.4382172|-0.8683472
1468517120.071|-0.0575104|-0.4640198|-0.7636414
1468517120.092|-0.1032562|-0.5599213|-0.7176056
1468517120.112|-0.2440796|-0.6392365|-0.6820984
1468517120.134|-0.3455505|-0.4283142|-1.0903625
1468517120.154|-0.211319|-0.3986969|-1.0236359
1468517120.175|-0.0068665|-0.4667969|-0.8680267
1468517120.196|0.0869446|-0.4819031|-0.9575043
1468517120.217|0.0237274|-0.3682861|-0.9838257
1468517120.237|-0.1296082|-0.2998657|-1.0485077
1468517120.259|-0.1148224|-0.3334351|-1.0335999
1468517120.279|-0.1170349|-0.4075623|-0.9220428
1468517120.3|-0.0414429|-0.4846802|-0.9382172
1468517120.322|0.1431732|-0.4981842|-0.9799194
1468517120.342|0.1426392|-0.4151611|-0.9382172
1468517120.364|0.1465912|-0.4435883|-0.8528137
1468517120.385|0.1097107|-0.4626923|-0.9038696
1468517120.406|0.16539|-0.4509583|-0.806488
1468517120.427|0.1718445|-0.4300079|-0.7923584
1468517120.448|0.1135864|-0.4026337|-0.8618469
1468517120.468|0.1133728|-0.4257202|-0.9593964
1468517120.49|0.1648865|-0.4063416|-1.0194244
1468517120.51|0.0930481|-0.4100494|-0.923172
1468517120.533|0.0795441|-0.4417725|-0.8683472
1468517120.553|0.1405029|-0.4311066|-0.9650421
1468517120.574|0.0904388|-0.3935699|-0.9852448
1468517120.595|-0.0322113|-0.3839111|-0.9289856
1468517120.616|-0.0447083|-0.4116364|-0.8585205
1468517120.637|-0.0166473|-0.4291534|-0.8484192
1468517120.658|0.0249023|-0.4337006|-0.7996216
1468517120.679|0.0616455|-0.4121094|-0.8041229
1468517120.7|0.0436554|-0.4188385|-0.8188629
1468517120.721|0.0537415|-0.4217682|-0.8592987
1468517120.741|0.0749817|-0.4069977|-0.9239044
1468517120.763|0.0428619|-0.3186188|-0.8997498
1468517120.784|-0.0754395|-0.3654022|-0.9284973
1468517120.805|-0.0419769|-0.3173981|-1.0042114
1468517120.826|-0.0948486|-0.2863159|-1.0242157
1468517120.847|-0.078064|-0.3210907|-0.9752502
1468517120.868|-0.0617828|-0.3526459|-0.9423218
1468517120.889|-0.0478821|-0.3651581|-0.905014
1468517120.91|-0.0196533|-0.306427|-0.8960419
1468517120.931|-0.040329|-0.3315125|-0.9837341
1468517120.952|0.0370331|-0.3252869|-0.9827728
1468517120.973|0.0291443|-0.3772888|-0.9344635
1468517120.994|0.0398712|-0.344986|-0.9065552
1468517121.015|0.0600281|-0.3401489|-0.9532623
1468517121.036|0.0634308|-0.3585205|-0.9940643
1468517121.057|0.03302|-0.355835|-0.9662323
1468517121.078|0.0500793|-0.3603516|-0.9553375
1468517121.099|0.0387421|-0.374527|-0.9549866
1468517121.12|0.0228729|-0.3659058|-0.9745789
1468517121.141|0.0400696|-0.3511047|-0.9829559
1468517121.163|0.0265045|-0.3662262|-0.973877
1468517121.184|-0.0048981|-0.3527069|-0.9410095
1468517121.205|-0.0534973|-0.3559418|-0.8964691
1468517121.226|-0.0454407|-0.3582764|-0.8974152
1468517121.247|-0.0368195|-0.3261566|-0.9136963
1468517121.268|-0.0031891|-0.3920898|-0.9150085
1468517121.289|-0.0276337|-0.3379517|-0.9028931
1468517121.31|-0.0068665|-0.3435822|-0.930542
1468517121.331|-0.0071259|-0.3588715|-0.9490967
1468517121.352|-0.006012|-0.3574982|-0.9414978
1468517121.373|-0.0045929|-0.3533173|-0.9140625
1468517121.394|-0.0137939|-0.3280334|-0.9330597
1468517121.415|-0.0132599|-0.3095856|-0.9671936
1468517121.436|-0.0149078|-0.3082886|-0.9801941
1468517121.457|-0.0214081|-0.3161621|-0.9625397
1468517121.478|-0.0443726|-0.2984467|-0.9378967
1468517121.499|-0.0582581|-0.2986755|-0.9305878
1468517121.52|-0.0608826|-0.3022461|-0.9256592
1468517121.541|-0.0608368|-0.3154907|-0.9217377
1468517121.562|-0.0581512|-0.3177185|-0.9179688
1468517121.584|-0.054306|-0.3190765|-0.9061432
1468517121.605|-0.0466919|-0.3206482|-0.9125061
1468517121.626|-0.026947|-0.3112793|-0.951416
1468517121.647|-0.0202026|-0.3054352|-0.9939117
1468517121.668|-0.0177612|-0.3027954|-1.0061798
1468517121.689|-0.0094452|-0.3100433|-0.9889374
1468517121.71|-0.0138702|-0.3131409|-0.9726562
1468517121.731|-0.0078583|-0.3089294|-0.977356
1468517121.752|-0.01297|-0.3036957|-0.9919891
1468517121.773|-0.0256195|-0.3065796|-0.9823456
1468517121.794|-0.0258789|-0.3107452|-0.9672394
1468517121.815|-0.0198364|-0.3083954|-0.9367065
1468517121.836|-0.0179291|-0.3175812|-0.9327393
1468517121.857|-0.0161438|-0.3251343|-0.9205017
1468517121.878|-0.0139465|-0.3181|-0.945282
1468517121.899|-0.0268402|-0.3128967|-0.9627686
1468517121.92|-0.0275726|-0.3160858|-0.9516754
1468517121.941|-0.0352173|-0.3145294|-0.9377289
1468517121.962|-0.0322571|-0.3221283|-0.9238434
1468517121.983|-0.0289917|-0.3275299|-0.9153442
1468517122.004|-0.0267944|-0.3374176|-0.9194183
1468517122.025|-0.0134888|-0.3363647|-0.9491882
1468517122.046|-0.0114594|-0.3343811|-0.9669037
1468517122.067|-0.0102234|-0.336853|-0.9593506
1468517122.088|-0.0078125|-0.3401031|-0.9484711
1468517122.109|-0.0086212|-0.3420868|-0.9324036
1468517122.13|-0.0051575|-0.3484802|-0.9194489
1468517122.151|0.0019989|-0.3515015|-0.9251251
1468517122.172|-0.0056763|-0.3598175|-0.9098511
1468517122.193|-0.0057678|-0.3626556|-0.9197845
1468517122.215|0.0036926|-0.3712616|-0.9228973
1468517122.235|0.0071106|-0.3691254|-0.9368286
1468517122.256|-9.16e-05|-0.3612671|-0.9372711
1468517122.277|-0.0034943|-0.3633423|-0.9349213
1468517122.298|-0.0158234|-0.3713531|-0.9146576
1468517122.319|-0.02388|-0.3770599|-0.8929901
1468517122.339|-0.0258026|-0.3824463|-0.9093323
1468517122.36|-0.0126343|-0.3913422|-0.9226074
1468517122.382|-0.0039215|-0.3918457|-0.9119415
1468517122.404|-0.0055084|-0.3987885|-0.9108124
1468517122.424|-0.000885|-0.3949738|-0.9223633
1468517122.444|0.0056915|-0.3929291|-0.9306183
1468517122.465|0.0061035|-0.3963928|-0.9109955
1468517122.486|0.0040741|-0.4045715|-0.9025574
1468517122.507|-0.0080719|-0.3941803|-0.9053497
1468517122.528|-0.0118408|-0.3846741|-0.9180603
1468517122.549|-0.022049|-0.3925629|-0.9268799
1468517122.57|-0.0354004|-0.3951721|-0.9207764
1468517122.591|-0.0497284|-0.3872681|-0.9484558
1468517122.612|-0.0343628|-0.3841553|-0.9677429
1468517122.633|-0.0223236|-0.3914337|-0.9625702
1468517122.655|-0.0065918|-0.3866425|-0.9308319
1468517122.675|0.0070038|-0.3901062|-0.9187469
1468517122.696|0.0162506|-0.3819885|-0.9498901
1468517122.717|0.0270844|-0.3752899|-0.9914398
1468517122.739|0.0158844|-0.3676453|-0.9791107
1468517122.76|-0.004425|-0.3687592|-0.9564819
1468517122.78|-0.0159607|-0.3658905|-0.9486694
1468517122.801|-0.0263062|-0.3594055|-0.9498444
1468517122.822|-0.0236511|-0.357254|-0.9562073
1468517122.843|-0.0261078|-0.3503876|-0.9736481
1468517122.863|-0.0264282|-0.34375|-0.9502106
1468517122.884|-0.0347137|-0.3450012|-0.9084015
1468517122.906|-0.0281677|-0.3468475|-0.900589
1468517122.926|-0.0071869|-0.3470459|-0.9104614
1468517122.948|-0.0094757|-0.3490906|-0.9218292
1468517122.969|-0.020874|-0.352951|-0.91716
1468517122.99|-0.0230255|-0.3528748|-0.9207001
1468517123.011|-0.0385284|-0.3563995|-0.9188843
1468517123.032|-0.0355988|-0.3665924|-0.9182281
1468517123.054|-0.031662|-0.3803864|-0.9143219
1468517123.075|-0.0259399|-0.3880005|-0.9070129
1468517123.096|-0.0263519|-0.3820038|-0.9053192
1468517123.117|-0.0206299|-0.3883972|-0.9010925
1468517123.138|-0.0130463|-0.3712616|-0.8978729
1468517123.159|-0.0049896|-0.3637848|-0.8916626
1468517123.18|-0.0049286|-0.3683929|-0.8865051
1468517123.201|-0.0099487|-0.3644714|-0.8765411
1468517123.221|-0.0076599|-0.3695831|-0.8715973
1468517123.242|-0.0072327|-0.3750916|-0.8792267
1468517123.263|-0.0033112|-0.367569|-0.9101257
1468517123.284|-0.0095825|-0.3691711|-0.9446564
1468517123.305|-0.0335083|-0.3690186|-0.9664917
1468517123.326|-0.0462494|-0.3777008|-0.9549866
1468517123.347|-0.0524445|-0.3904266|-0.9311981
1468517123.368|-0.0571442|-0.3918304|-0.9177704
1468517123.389|-0.0523071|-0.3998718|-0.9185028
1468517123.41|-0.0484924|-0.4074097|-0.9180908
1468517123.431|-0.054245|-0.418457|-0.894043
1468517123.453|-0.0578156|-0.4268799|-0.8787537
1468517123.474|-0.0549622|-0.4300079|-0.8924866
1468517123.495|-0.0564728|-0.4349518|-0.9036255
1468517123.516|-0.0563812|-0.4380951|-0.9052887
1468517123.537|-0.0630188|-0.4355469|-0.9015198
1468517123.558|-0.0663452|-0.4346771|-0.9164124
1468517123.579|-0.0646515|-0.436203|-0.9119415
1468517123.6|-0.0539551|-0.42659|-0.9085236
1468517123.621|-0.0557556|-0.4177399|-0.8905029
1468517123.642|-0.0865784|-0.4248352|-0.8724365
1468517123.663|-0.0894623|-0.4206085|-0.8901367
1468517123.684|-0.1175537|-0.4441681|-0.8619995
1468517123.705|-0.104599|-0.4397583|-0.8867645
1468517123.725|-0.0654755|-0.4223022|-0.9440002
1468517123.747|-0.042984|-0.4015503|-0.9617615
1468517123.768|-0.0310059|-0.4010315|-0.9730682
1468517123.789|-0.0282745|-0.4026947|-0.9437714
1468517123.81|-0.0087891|-0.3779602|-0.9236755
1468517123.831|0.0147858|-0.3742523|-0.9032745
1468517123.852|0.0310516|-0.3726807|-0.9069977
1468517123.873|0.0378571|-0.3792572|-0.9181366
1468517123.894|0.0315094|-0.3944397|-0.9331512
1468517123.915|0.0102844|-0.3916473|-0.965332
1468517123.936|-0.0216675|-0.3903351|-0.9883423
1468517123.957|-0.046936|-0.3730774|-1.0124054
1468517123.978|-0.0530701|-0.3542328|-1.0002289
1468517123.999|-0.0466461|-0.3620605|-0.9522858
1468517124.02|-0.0515747|-0.3612061|-0.9123383
1468517124.041|-0.0727234|-0.3577881|-0.923233
1468517124.062|-0.1034698|-0.3658142|-0.9151001
1468517124.083|-0.138504|-0.3699493|-0.8967743
1468517124.104|-0.154068|-0.365097|-0.8799896
1468517124.125|-0.1665802|-0.3541565|-0.8964996
1468517124.146|-0.1701508|-0.3419647|-0.9120178
1468517124.168|-0.1904144|-0.3373871|-0.9198303
1468517124.189|-0.2132874|-0.3336639|-0.8927002
1468517124.21|-0.235321|-0.3371735|-0.8582458
1468517124.231|-0.2371368|-0.3389435|-0.8362885
1468517124.252|-0.2112274|-0.3324127|-0.8108826
1468517124.273|-0.1981506|-0.3495026|-0.8166504
1468517124.294|-0.1845245|-0.3680725|-0.8221741
1468517124.314|-0.166748|-0.3687439|-0.860199
1468517124.335|-0.1553192|-0.3888092|-0.8969421
1468517124.356|-0.1515045|-0.4062653|-0.9296875
1468517124.377|-0.122345|-0.4192963|-0.9566498
1468517124.398|-0.1534424|-0.4036407|-1.0102692
1468517124.419|-0.1399689|-0.4115448|-1.0325317
1468517124.44|-0.1307831|-0.4080963|-1.0383911
1468517124.461|-0.1057587|-0.4051361|-0.975174
1468517124.482|-0.084137|-0.3902588|-0.9213562
1468517124.503|-0.0732269|-0.394928|-0.9003143
1468517124.525|-0.0955658|-0.3882904|-0.9277649
1468517124.546|-0.0982666|-0.3782196|-0.9570007
1468517124.567|-0.093811|-0.3719177|-0.9877167
1468517124.588|-0.1059723|-0.3565826|-0.9684753
1468517124.609|-0.0995789|-0.3425903|-0.9577026
1468517124.63|-0.0930786|-0.3471832|-0.934082
1468517124.651|-0.0934753|-0.3487396|-0.9078522
1468517124.672|-0.0920715|-0.3686981|-0.8661499
1468517124.693|-0.0799408|-0.3712006|-0.8547821
1468517124.714|-0.0467377|-0.4228058|-0.8779907
1468517124.735|-0.0380707|-0.425827|-0.8881531
1468517124.756|-0.0332642|-0.4233551|-0.9238281
1468517124.777|-0.0334167|-0.4144135|-0.9318085
1468517124.798|-0.0381927|-0.4188995|-0.9271088
1468517124.819|-0.0571289|-0.427002|-0.9054718
1468517124.84|-0.0734711|-0.4224548|-0.8780518
1468517124.861|-0.0954285|-0.4222412|-0.8691254
1468517124.882|-0.1068268|-0.4244232|-0.8646851
1468517124.903|-0.1169128|-0.4201355|-0.8597107
1468517124.924|-0.1162567|-0.4239349|-0.8741455
1468517124.945|-0.0980225|-0.4283752|-0.9278107
1468517124.966|-0.075058|-0.4396515|-0.9401245
1468517124.987|-0.0786438|-0.4296722|-0.9471588
1468517125.008|-0.0577087|-0.440155|-0.9176025
1468517125.03|-0.0791016|-0.4610901|-0.9166412
1468517125.051|-0.0600281|-0.4549408|-0.8851013
1468517125.072|-0.0640106|-0.4441833|-0.9053497
1468517125.093|-0.056015|-0.4438629|-0.9048767
1468517125.114|-0.056076|-0.4409637|-0.9036713
1468517125.134|-0.0512695|-0.4372406|-0.9076538
1468517125.155|-0.04216|-0.4282227|-0.9208221
1468517125.176|-0.0451202|-0.4276886|-0.9193878
1468517125.197|-0.0486908|-0.4375916|-0.8955994
1468517125.218|-0.0674744|-0.4391479|-0.8817139
1468517125.239|-0.0937042|-0.4329529|-0.9034882
1468517125.26|-0.1032867|-0.4237518|-0.9211578
1468517125.282|-0.1342468|-0.4102936|-0.9194946
1468517125.302|-0.1288605|-0.4113922|-0.9223175
1468517125.324|-0.1229248|-0.4005432|-0.9007263
1468517125.345|-0.0850372|-0.3945007|-0.8814392
1468517125.366|-0.0633698|-0.4043579|-0.8873596
1468517125.387|-0.0272675|-0.4099731|-0.887558
1468517125.408|-0.006424|-0.4223633|-0.9057922
1468517125.429|-0.0090637|-0.4299011|-0.9230804
1468517125.45|-0.0121002|-0.4356537|-0.9181824
1468517125.471|-0.0147095|-0.4352112|-0.8943024
1468517125.492|-0.0151367|-0.4427338|-0.8787537
1468517125.513|-0.0124664|-0.4482422|-0.8950958
1468517125.534|-0.0079956|-0.4492798|-0.9031219
1468517125.555|-0.0112915|-0.4522858|-0.910965
1468517125.576|-0.0061646|-0.4549103|-0.9379272
1468517125.597|-0.0097961|-0.44104|-0.9513092
1468517125.618|0.0157166|-0.4415741|-0.9141235
1468517125.639|0.024231|-0.4317474|-0.8442993
1468517125.66|0.0340271|-0.4431|-0.7855072
1468517125.681|0.0290833|-0.4452667|-0.7663727
1468517125.702|0.0291901|-0.4559937|-0.7803802
1468517125.723|0.0224457|-0.4636993|-0.7984314
1468517125.744|0.0103607|-0.4722595|-0.8122253
1468517125.765|-0.0064545|-0.4754028|-0.8297729
1468517125.787|-0.0124207|-0.4806366|-0.8629303
1468517125.808|-0.0210876|-0.4784241|-0.8811493
1468517125.829|-0.0301208|-0.4839478|-0.8927917
1468517125.85|-0.0349426|-0.497818|-0.8855743
1468517125.871|-0.0291138|-0.5018616|-0.8735199
1468517125.892|-0.0294342|-0.5063171|-0.8477936
1468517125.913|-0.0263824|-0.5052338|-0.8366547
1468517125.934|-0.0182037|-0.5053101|-0.8583984
1468517125.955|-0.0274506|-0.5100708|-0.8735657
1468517125.976|-0.0287628|-0.5056915|-0.8756714
1468517125.997|-0.0177612|-0.5123291|-0.8976746
1468517126.018|-0.0091248|-0.5097656|-0.9217529
1468517126.039|-0.0186005|-0.5039062|-0.9441986
1468517126.06|-0.0109711|-0.5185089|-0.9419098
1468517126.081|-0.0145416|-0.5063324|-0.9600525
1468517126.102|-0.0145264|-0.4953156|-0.9968567
1468517126.123|-0.0105438|-0.4852295|-1.0111847
1468517126.144|-0.0061951|-0.4809723|-1.0196533
1468517126.165|-0.0040436|-0.4654846|-0.9973145
1468517126.186|0.0009918|-0.4572601|-0.9807129
1468517126.208|0.0140839|-0.4523773|-0.9579468
1468517126.229|0.0284119|-0.451416|-0.92836
1468517126.25|0.0341644|-0.4372711|-0.8920593
1468517126.271|0.0233765|-0.4195251|-0.8359375
1468517126.292|0.0152893|-0.4094696|-0.7907257
1468517126.313|-0.0019073|-0.3974152|-0.7710876
1468517126.334|-0.0081787|-0.3937378|-0.7549896
1468517126.355|-0.0094299|-0.4021149|-0.7545929
1468517126.376|-0.0097809|-0.4091797|-0.7860718
1468517126.397|-0.0112|-0.4111481|-0.8199005
1468517126.418|-0.023941|-0.4184113|-0.8492889
1468517126.439|-0.032196|-0.424881|-0.8623657
1468517126.46|-0.0368347|-0.4331818|-0.8659821
1468517126.481|-0.024704|-0.4451141|-0.8934479
1468517126.502|-0.0276031|-0.4578094|-0.8883362
1468517126.523|-0.0406952|-0.4648132|-0.8699951
1468517126.544|-0.0445099|-0.4759979|-0.8769226
1468517126.565|-0.0403442|-0.4812622|-0.9010925
1468517126.586|-0.012558|-0.4916382|-0.8755341
1468517126.607|0.0031738|-0.5005951|-0.8358459
1468517126.629|0.0214539|-0.5051422|-0.8287354
1468517126.65|0.0340729|-0.5096741|-0.8462219
1468517126.671|0.0389557|-0.5002136|-0.8809052
1468517126.692|0.0526123|-0.4948425|-0.9073029
1468517126.713|0.0543671|-0.4884338|-0.90065
1468517126.734|0.0308685|-0.4846191|-0.8876648
1468517126.754|0.0046234|-0.4850006|-0.8877563
1468517126.775|-0.016098|-0.4791718|-0.8993378
1468517126.796|-0.0407257|-0.4790039|-0.9211731
1468517126.817|-0.0657654|-0.4769745|-0.9275818
1468517126.838|-0.0970917|-0.4715118|-0.9184113
1468517126.859|-0.1402435|-0.4571075|-0.9125061
1468517126.88|-0.1729736|-0.4550323|-0.8974457
1468517126.901|-0.1831818|-0.4525146|-0.8697968
1468517126.923|-0.1787415|-0.4520416|-0.8442535
1468517126.943|-0.1730347|-0.4590912|-0.8064575
1468517126.964|-0.1609344|-0.4680328|-0.803421
1468517126.985|-0.1487579|-0.4789429|-0.8384399
1468517127.006|-0.1477661|-0.4784546|-0.8431549
1468517127.027|-0.1261292|-0.4760284|-0.8490143
1468517127.049|-0.1194153|-0.4698639|-0.8605194
1468517127.07|-0.1005554|-0.4642487|-0.8621063
1468517127.091|-0.0924835|-0.4582825|-0.8882904
1468517127.112|-0.0857239|-0.4379425|-0.9498444
1468517127.133|-0.0953064|-0.4290466|-1.0003815
1468517127.154|-0.1032104|-0.4133148|-1.0331573
1468517127.175|-0.0961456|-0.3982239|-1.0509949
1468517127.196|-0.0953369|-0.3890839|-1.056839
1468517127.217|-0.0762329|-0.3772125|-1.0148773
1468517127.237|-0.0588531|-0.3662109|-0.9346161
1468517127.259|-0.0200195|-0.3430634|-0.8293915
1468517127.279|0.0168152|-0.3408051|-0.8228912
1468517127.3|0.0557251|-0.3493195|-0.8304138
1468517127.322|0.0898743|-0.3500061|-0.8454742
1468517127.343|0.1179504|-0.3503113|-0.8602905
1468517127.364|0.114502|-0.3683319|-0.8970795
1468517127.385|0.1030731|-0.380188|-0.9274292
1468517127.406|0.0765533|-0.3835907|-0.9462128
1468517127.427|0.0593414|-0.3852844|-0.9136353
1468517127.448|0.0545349|-0.3858032|-0.8850403
1468517127.469|0.0550995|-0.3882294|-0.8869476
1468517127.49|0.0708618|-0.3913574|-0.9072571
1468517127.511|0.0866241|-0.3933105|-0.9268494
1468517127.532|0.1168976|-0.3975525|-0.9339142
1468517127.553|0.1211548|-0.3992767|-0.9445496
1468517127.574|0.1327972|-0.4052429|-0.9549561
1468517127.595|0.1459045|-0.404541|-0.9565735
1468517127.616|0.1518707|-0.3979187|-0.9629059
1468517127.637|0.1450806|-0.3982544|-0.9614868
1468517127.658|0.1304779|-0.3898163|-0.9543762
1468517127.679|0.1015625|-0.3795319|-0.9548645
1468517127.7|0.0912323|-0.3764648|-0.9480286
1468517127.721|0.0711517|-0.3697662|-0.9494324
1468517127.742|0.0674896|-0.3669739|-0.9565125
1468517127.763|0.0574036|-0.3651428|-0.9440002
1468517127.785|0.0640717|-0.3602448|-0.9425354
1468517127.806|0.0771484|-0.3549347|-0.9533234
1468517127.827|0.0849457|-0.3536377|-0.9592438
1468517127.848|0.0858459|-0.3571625|-0.9370117
1468517127.869|0.0898743|-0.3499146|-0.9116669
1468517127.89|0.0904541|-0.346344|-0.906189
1468517127.911|0.0928345|-0.3492126|-0.9206238
1468517127.932|0.0763092|-0.35495|-0.9020386
1468517127.953|0.0624542|-0.3661957|-0.8997803
1468517127.973|0.0691071|-0.377121|-0.9121399
1468517127.994|0.0698547|-0.3875275|-0.9486084
1468517128.015|0.0605621|-0.3982544|-0.9723663
1468517128.036|0.0711212|-0.4086914|-0.9530029
1468517128.057|0.0806274|-0.4046783|-0.9354553
1468517128.078|0.0951996|-0.4086761|-0.9212799
1468517128.1|0.0907288|-0.4089508|-0.9394989
1468517128.121|0.0761261|-0.4027557|-0.9602966
1468517128.141|0.0545807|-0.4100342|-0.947403
1468517128.163|0.0196686|-0.4071503|-0.9349213
1468517128.184|0.0039825|-0.4140625|-0.9283905
1468517128.205|-0.0198822|-0.413559|-0.9241943
1468517128.226|-0.055542|-0.4097443|-0.9474335
1468517128.247|-0.071106|-0.4069672|-0.9559631
1468517128.268|-0.0761414|-0.407959|-0.9259644
1468517128.289|-0.0607605|-0.4116058|-0.8909454
1468517128.31|-0.0307617|-0.4333954|-0.9021301
1468517128.331|-0.0181122|-0.437912|-0.9208221
1468517128.352|-0.0334167|-0.426239|-0.9276276
1468517128.373|-0.0157013|-0.433548|-0.9354401
1468517128.394|-0.0045624|-0.4358673|-0.9514923
1468517128.415|-0.0072021|-0.425705|-0.9580536
1468517128.436|0.0010834|-0.4258728|-0.9608917
1468517128.457|-0.005188|-0.4165802|-0.9622498
1468517128.478|-0.0181274|-0.4271545|-0.9545441
1468517128.499|-0.0313263|-0.4307404|-0.8985748
1468517128.52|-0.0348053|-0.4269714|-0.8670959
1468517128.541|-0.0389557|-0.4204712|-0.8502808
1468517128.562|-0.0236053|-0.426178|-0.8365936
1468517128.583|-0.0392151|-0.4384003|-0.8237
1468517128.604|-0.0468903|-0.4602966|-0.8321381
1468517128.626|-0.0652008|-0.4872894|-0.8366241
1468517128.647|-0.0464478|-0.498764|-0.8394775
1468517128.668|-0.0328979|-0.4833984|-0.8450317
1468517128.689|-0.0255737|-0.4609222|-0.8547821
1468517128.71|-0.0284729|-0.4679871|-0.8697357
1468517128.731|-0.0491028|-0.4741058|-0.8547058
1468517128.752|-0.0625458|-0.4812012|-0.8188629
1468517128.773|-0.1048126|-0.4894257|-0.7632294
1468517128.794|-0.1212311|-0.4970398|-0.7538605
1468517128.815|-0.0906982|-0.510498|-0.7992706
1468517128.836|-0.084259|-0.5494995|-0.8226929
1468517128.857|-0.0828247|-0.5615845|-0.812851
1468517128.878|-0.0573883|-0.5595245|-0.806366
1468517128.899|-0.0573425|-0.5436554|-0.7653656
1468517128.92|-0.0518494|-0.5450745|-0.7440796
1468517128.941|-0.0166168|-0.5618134|-0.7230682
1468517128.962|-0.0088043|-0.5500946|-0.6983948
1468517128.983|-0.029007|-0.5247498|-0.6739044
1468517129.004|-0.037262|-0.5401154|-0.6938934
1468517129.025|-0.064621|-0.5445557|-0.694931
1468517129.046|-0.0560455|-0.5554962|-0.8061066
1468517129.067|-0.0376587|-0.5574799|-0.9219055
1468517129.088|-0.0682983|-0.5281067|-0.9853821
1468517129.109|-0.055191|-0.5451202|-0.9587555
1468517129.13|-0.0850983|-0.5696106|-0.8795624
1468517129.151|-0.1340637|-0.5597229|-0.8618774
1468517129.172|-0.105835|-0.5453644|-0.8778076
1468517129.193|-0.0962524|-0.5604858|-0.8762207
1468517129.214|-0.0658722|-0.5087891|-0.7703552
1468517129.235|-0.2292786|-0.4581757|-0.6928864
1468517129.256|-0.2952881|-0.3834229|-0.8208923
1468517129.277|-0.1453705|-0.3394318|-0.853775
1468517129.298|-0.0472107|-0.2949524|-0.8553619
1468517129.319|-0.0065918|-0.1951447|-0.844162
1468517129.34|0.0150452|-0.1491852|-0.8965302
1468517129.361|0.05513|-0.1232147|-0.9780273
1468517129.382|0.1197205|-0.0649414|-0.9883423
1468517129.403|0.1647949|0.0024261|-0.9558563
1468517129.424|0.1663513|0.0055847|-0.8740234
1468517129.445|0.1824493|-0.0491486|-1.0074768
1468517129.467|0.2891541|-0.1108246|-1.0771332
1468517129.488|0.3408813|-0.017395|-0.8992767
1468517129.509|0.4062958|0.0420685|-0.9639587
1468517129.53|0.440918|0.00354|-1.0568237
1468517129.551|0.3974915|0.0210876|-1.0570526
1468517129.572|0.3577423|-0.021225|-0.9337769
1468517129.593|0.2590179|-0.033371|-0.8520813
1468517129.614|0.26297|0.0051422|-0.9222717
1468517129.633|0.3491669|0.0275574|-0.9800415
1468517129.655|0.4093781|0.0388794|-1.0115051
1468517129.675|0.4113159|0.0486755|-1.0064545
1468517129.696|0.3526459|0.0359344|-0.9880066
1468517129.717|0.2603149|0.011734|-0.9808502
1468517129.738|0.1982727|0.0112305|-1.0405884
1468517129.759|0.2300262|-0.0176086|-1.034317
1468517129.781|0.2442169|-0.0379791|-1.0174103
1468517129.802|0.188797|-0.0337982|-1.0290985
1468517129.823|0.1627045|-0.028717|-1.0688477
1468517129.844|0.1346436|-0.0240631|-1.1038818
1468517129.865|0.1312256|-0.0217896|-1.1088257
1468517129.886|0.109726|-0.0133209|-1.0197296
1468517129.907|0.0814819|-0.0087585|-0.9930267
1468517129.928|0.0876923|-0.0214081|-1.0391846
1468517129.949|0.0990295|-0.0151215|-1.0497742
1468517129.97|0.1084747|-6.1e-05|-1.0227051
1468517129.991|0.1056824|0.004364|-0.9862671
1468517130.011|0.1119385|-0.015564|-1.0175934
1468517130.032|0.1055908|-0.0155182|-1.0445557
1468517130.053|0.1060638|-0.0005493|-1.0590973
1468517130.074|0.1156616|0.0153503|-1.0601654
1468517130.096|0.1227112|0.0216217|-1.0444946
1468517130.117|0.1175232|0.0282745|-1.0584106
1468517130.138|0.0914307|0.021347|-1.0918579
1468517130.159|0.0321808|0.0054321|-1.1133881
1468517130.18|0.0248566|0.008667|-1.0538177
1468517130.201|0.0342255|0.0094147|-1.0057983
1468517130.222|0.0572968|-0.0024414|-0.9972992
1468517130.243|0.0635681|0.0113373|-1.0362091
1468517130.264|0.0518341|0.0161438|-1.0785217
1468517130.285|0.0198669|0.0131989|-1.1195221
1468517130.306|-0.0010834|-0.0080872|-1.1428986
1468517130.327|-0.0033722|-0.0226746|-1.1512604
1468517130.348|-0.054718|-0.004715|-1.0971375
1468517130.369|-0.0382538|-0.0031128|-1.058548
1468517130.39|-0.0074005|-0.0244293|-1.0224457
1468517130.412|-0.016983|-0.0464935|-1.035614
1468517130.433|-0.0587006|-0.0869293|-1.0879974
1468517130.454|-0.0934143|-0.0667419|-1.1267548
1468517130.475|-0.1446686|-0.0633545|-1.141983
1468517130.496|-0.1406555|-0.0791016|-1.0390015
1468517130.517|-0.1112213|-0.0825806|-0.9606934
1468517130.538|-0.026474|-0.1024628|-0.9192505
1468517130.559|0.013855|-0.0726624|-0.9470825
1468517130.58|-0.0360107|-0.120285|-1.0583954
1468517130.601|-0.0015717|-0.1435242|-1.040741
1468517130.622|0.0796051|-0.1108704|-1.1464691
1468517130.643|0.0980835|-0.0531616|-1.130188
1468517130.664|0.0744781|-0.1467743|-0.9202271
1468517130.685|-0.030899|-0.1246643|-0.9768677
1468517130.706|-0.0309143|-0.1766663|-0.8689423
1468517130.727|-0.1190796|-0.0833435|-0.914856
1468517130.748|-0.0544891|-0.0840454|-0.868103
1468517130.769|-0.111084|-0.1087952|-0.8618164
1468517130.79|-0.1605682|-0.1696625|-0.8810272
1468517130.811|-0.0852814|-0.2177277|-0.884491
1468517130.832|-0.0509338|-0.2077026|-0.9256897
1468517130.853|-0.0904388|-0.1902313|-0.8299255
1468517130.874|-0.1243744|-0.2328796|-0.8066711
1468517130.896|-0.2246857|-0.3736725|-0.8667603
1468517130.917|-0.3942719|-0.5135956|-0.8972168
1468517130.938|-0.0943451|-0.3227234|-0.7684326
1468517130.958|-0.0305786|-0.2795105|-0.7502441
1468517130.979|0.0017395|-0.2919464|-0.8084106
1468517131|0.0450592|-0.333725|-0.9199524
1468517131.021|0.1147614|-0.3894958|-0.8986206
1468517131.042|0.0775604|-0.3630219|-0.8808289
1468517131.063|0.0847321|-0.3432159|-0.9286652
1468517131.085|0.1098785|-0.3190613|-1.0591583
1468517131.105|0.0465851|-0.3573914|-0.9541626
1468517131.126|0.0521393|-0.3095856|-0.9710541
1468517131.147|0.0796661|-0.2752991|-1.0237122
1468517131.17|0.0538788|-0.3070221|-1.0540161
1468517131.188|-0.0025177|-0.320343|-1.0755157
1468517131.21|-0.0074005|-0.2801819|-1.1015015
1468517131.231|-0.0509491|-0.2479401|-0.9607239
1468517131.252|-0.0371857|-0.3273163|-0.824585
1468517131.273|-0.0186462|-0.3468933|-0.8405151
1468517131.294|-0.0227051|-0.3444366|-0.7896729
1468517131.314|0.0395813|-0.3367462|-0.8209076
1468517131.336|0.1684265|-0.4121399|-0.9870758
1468517131.357|0.0834503|-0.3375702|-1.043045
1468517131.378|0.0289001|-0.2616119|-0.9381561
1468517131.399|0.0573578|-0.3289337|-0.9210663
1468517131.42|0.0491791|-0.3705139|-1.0357819
1468517131.44|0.0553741|-0.3482361|-1.0914154
1468517131.462|0.0707245|-0.2662659|-0.9598236
1468517131.503|-0.0404816|-0.3141785|-0.7457886
1468517131.524|0.1171112|-0.3285675|-1.0185394
1468517131.546|0.0715027|-0.3323364|-1.1222534
1468517131.566|0.0192108|-0.3284454|-0.9953766
1468517131.609|-0.1153412|-0.2586212|-0.7935791
1468517131.63|-0.0197906|-0.3210602|-0.9001617
1468517131.65|0.0183258|-0.3368988|-1.0800781
1468517131.672|0.0220642|-0.302948|-1.1044159
1468517131.693|0.0115814|-0.2675781|-0.8704071
1468517131.714|0.0453033|-0.335083|-0.744751
1468517131.735|0.0301514|-0.3567657|-0.7648163
1468517131.756|0.052948|-0.3662109|-0.9988708
1468517131.777|0.0571442|-0.3167114|-1.1049042
1468517131.819|0.0235291|-0.3312225|-0.8405457
1468517131.839|0.0244141|-0.3279419|-0.9743195
1468517131.86|0.0438232|-0.3193054|-1.1025848
1468517131.902|0.0684052|-0.2914581|-0.8184204
1468517131.923|0.1724854|-0.3046875|-0.9896393
1468517131.944|0.1544189|-0.3625946|-1.0628967
1468517131.965|0.087677|-0.3286591|-1.0169525
1468517131.987|0.084671|-0.2766724|-0.8671875
1468517132.009|0.0755768|-0.3362274|-0.793869
1468517132.028|0.0585938|-0.3678131|-0.7967377
1468517132.049|0.0464783|-0.3508911|-0.8595123
1468517132.072|0.0379333|-0.3544312|-0.9789581
1468517132.091|0.054657|-0.3528137|-0.9427338
1468517132.112|0.0764008|-0.3070831|-0.9031372
1468517132.133|0.1634064|-0.437973|-1.085144
1468517132.155|0.0198669|-0.3617096|-1.0792999
1468517132.175|0.0178528|-0.2921143|-0.9922943
1468517132.196|0.0159149|-0.3575592|-0.8797455
1468517132.217|0.0465851|-0.3917694|-0.9099426
1468517132.238|0.0283051|-0.3553009|-0.9536896
1468517132.259|0.0545807|-0.3835602|-0.9987335
1468517132.28|0.0910797|-0.3639832|-1.0370483
1468517132.301|0.0332794|-0.3585052|-0.9603424
1468517132.322|0.063736|-0.3861237|-0.9143372
1468517132.343|0.0519409|-0.3756104|-0.8942108
1468517132.364|0.0325165|-0.3549652|-0.8988495
1468517132.385|0.0470428|-0.3230591|-0.9924164
1468517132.407|0.0233459|-0.3050842|-0.9687347
1468517132.428|0.051178|-0.3165741|-0.9129486
1468517132.448|0.0404358|-0.3118896|-0.8878784
1468517132.47|0.0158539|-0.3160553|-0.9066467
1468517132.491|-0.0513153|-0.3271637|-0.8877563
1468517132.512|-0.0754547|-0.324707|-0.8880157
1468517132.533|-0.0240936|-0.291153|-1.0448761
1468517132.554|-0.0231323|-0.2641602|-1.0605316
1468517132.575|-0.0748444|-0.2753296|-1.0006866
1468517132.596|-0.0223083|-0.2789001|-0.9580231
1468517132.617|0.0642395|-0.2779846|-0.8956299
1468517132.638|0.0529022|-0.2505646|-0.8961792
1468517132.659|-0.0487518|-0.203598|-0.938446
1468517132.68|-0.0136108|-0.1964722|-0.9820099
1468517132.701|0.0901337|-0.2518463|-0.9979706
1468517132.722|0.0867615|-0.2412567|-0.9345551
1468517132.743|0.0129852|-0.2518311|-0.8508911
1468517132.763|0.0344086|-0.3225861|-0.7910309
1468517132.788|0.0305176|-0.2833862|-1.0588837
1468517132.806|0.0558014|-0.2854767|-1.1900482
1468517132.829|0.1045227|-0.3265228|-1.0350952
1468517132.849|0.0981293|-0.2845764|-1.0260773
1468517132.87|0.1330109|-0.4027252|-1.0275269
1468517132.89|0.0200195|-0.3177338|-0.9756927
1468517132.912|-0.0011292|-0.2766113|-0.83078
1468517132.933|-0.1021729|-0.3873444|-0.7507019
1468517132.954|-0.0126648|-0.4015503|-0.9519958
1468517132.975|0.0118866|-0.379837|-1.024826
1468517132.996|-0.0399475|-0.2906342|-0.9347687
1468517133.017|0.0932465|-0.3683472|-0.8455811
1468517133.038|0.180954|-0.5017548|-0.9169769
1468517133.059|0.0774689|-0.3709106|-1.0837097
1468517133.08|-0.0130005|-0.2759705|-0.9081116
1468517133.102|-0.0290985|-0.3249664|-0.7065735
1468517133.121|0.0079041|-0.4215698|-0.8376617
1468517133.143|0.0564728|-0.4159088|-1.1268616
1468517133.164|-0.0044861|-0.3531189|-1.1008301
1468517133.185|-0.0220642|-0.2771606|-0.7263336
1468517133.206|0.16716|-0.4194489|-0.8178558
1468517133.227|0.107132|-0.4373932|-1.0001526
1468517133.248|0.0955658|-0.4205322|-1.0024414
1468517133.268|0.0554657|-0.3229218|-0.9148712
1468517133.293|0.0488892|-0.3244324|-0.8721008
1468517133.31|-0.0093994|-0.3934326|-0.8583069
1468517133.331|0.0065765|-0.4143219|-0.9848785
1468517133.354|0.0045319|-0.3558502|-1.0260925
1468517133.376|-0.0263519|-0.3621521|-0.8325958
1468517133.394|0.0528107|-0.4620361|-0.8338013
1468517133.415|0.0626984|-0.4991913|-1.0449219
1468517133.439|-0.0839386|-0.3169556|-1.0551453
1468517133.459|-0.088623|-0.342865|-0.8550873
1468517133.478|-0.0248108|-0.375412|-0.8355408
1468517133.499|-0.0029144|-0.3486938|-1.1317444
1468517133.522|-0.0212555|-0.3054962|-1.1227417
1468517133.541|0.0189819|-0.3339386|-0.8077087
1468517133.563|0.264328|-0.3904419|-0.9408112
1468517133.584|0.1619568|-0.4236908|-1.1004028
1468517133.605|-0.0371094|-0.3070068|-1.0405273
1468517133.626|0.0178223|-0.2268829|-0.85849
1468517133.647|-0.0254517|-0.3244324|-0.8765411
1468517133.668|-0.0587311|-0.3269196|-0.9043274
1468517133.692|-0.1427155|-0.2798767|-0.9434509
1468517133.71|-0.0593872|-0.2710724|-0.9637451
1468517133.731|0.0195312|-0.3078003|-0.9385071
1468517133.754|-0.0254517|-0.257431|-0.9976196
1468517133.773|-0.0285034|-0.2653046|-0.9515686
1468517133.793|-0.0021362|-0.2433472|-0.9383545
1468517133.814|0.0329742|-0.2838898|-0.9219818
1468517133.835|-0.0062103|-0.2575989|-0.863739
1468517133.859|-0.0005646|-0.2279816|-0.7971039
1468517133.877|0.1187286|-0.257431|-0.968399
1468517133.898|0.056839|-0.2345276|-0.9896851
1468517133.92|-0.0355225|-0.1968384|-0.9069214
1468517133.941|0.036377|-0.2619019|-0.958725
1468517133.963|0.0524902|-0.3271637|-1.0645599
1468517133.983|0.1576385|-0.2984772|-1.1083069
1468517134.004|0.1748352|-0.2662811|-1.0347443
1468517134.024|0.1121979|-0.2602692|-0.9989319
1468517134.045|0.0895844|-0.3347168|-0.9203033
1468517134.066|0.1457672|-0.3414154|-0.9386444
1468517134.088|0.1498108|-0.3080902|-0.9329681
1468517134.109|0.0995483|-0.2984467|-0.9053802
1468517134.13|0.0971222|-0.2958832|-0.8798065
1468517134.151|0.0906219|-0.3095245|-0.911377
1468517134.172|0.1260071|-0.3095245|-1.0661469
1468517134.193|0.0609283|-0.2519226|-0.9947357
1468517134.214|0.0691376|-0.287384|-0.8703918
1468517134.235|0.1065521|-0.3185883|-0.901474
1468517134.256|0.0882263|-0.295578|-0.995697
1468517134.277|0.0933685|-0.2819672|-1.0483093
1468517134.298|0.1135254|-0.2509308|-1.0447388
1468517134.319|-0.0188446|-0.2404938|-0.9544373
1468517134.34|-0.0422058|-0.2855377|-1.0753784
1468517134.361|0.010498|-0.2822571|-1.1492157
1468517134.382|0.0486908|-0.2240143|-1.0380859
1468517134.403|0.0624695|-0.2386627|-0.911911
1468517134.426|0.0397339|-0.282486|-0.8517456
1468517134.445|0.0181122|-0.2268829|-1.0050964
1468517134.466|0.1782684|-0.322052|-1.197052
1468517134.489|0.0925751|-0.2541046|-1.1291962
1468517134.508|0.0155945|-0.1321716|-1.0309448
1468517134.529|0.0618286|-0.2127686|-0.9420013
1468517134.55|0.085495|-0.2653809|-0.9172363
1468517134.571|0.060318|-0.2288055|-0.9494324
1468517134.592|0.0640411|-0.2067871|-0.8972626
1468517134.614|0.04216|-0.2095795|-0.8176727
1468517134.636|0.0657806|-0.2098389|-0.8249359
1468517134.656|0.0689392|-0.2494507|-0.8975525
1468517134.677|0.0661316|-0.2693481|-0.9504089
1468517134.698|0.1334991|-0.2212219|-1.01091
1468517134.719|0.0630951|-0.1844025|-0.9394226
1468517134.739|0.1498413|-0.3193207|-0.900177
1468517134.76|0.1625519|-0.3026276|-1.0690613
1468517134.781|0.1214142|-0.2745209|-1.1217194
1468517134.804|0.0141296|-0.1578979|-0.9774323
1468517134.823|-0.0278473|-0.151062|-0.9053802
1468517134.844|-0.0057373|-0.2664795|-0.8668671
1468517134.865|0.0469055|-0.2769928|-0.9219055
1468517134.886|0.0404205|-0.2429657|-1.0112915
1468517134.907|0.0170135|-0.2346649|-1.0283203
1468517134.928|0.0135803|-0.2270203|-1.0504913
1468517134.949|0.0428467|-0.244812|-1.0380249
1468517134.971|0.0323181|-0.246994|-0.9879303
1468517134.99|0.035965|-0.2436218|-0.9611969
1468517135.011|0.0128784|-0.241745|-0.9368744
1468517135.032|0.0114441|-0.2459717|-0.9581909
1468517135.053|0.0296631|-0.2358398|-0.9916534
1468517135.074|0.0406342|-0.2304382|-1.0140381
1468517135.095|0.0299072|-0.2258301|-1.0246735
1468517135.116|-0.0189209|-0.2120972|-1.0053253
1468517135.138|0.0017853|-0.2214203|-1.0140839
1468517135.158|-0.0081787|-0.2181702|-0.9916229
1468517135.18|-0.008606|-0.2163544|-0.9708099
1468517135.201|-0.0180359|-0.2251587|-0.9477081
1468517135.222|-0.016983|-0.2177124|-0.9500275
1468517135.243|-0.0061188|-0.2254181|-0.9488678
1468517135.264|-0.0066528|-0.223053|-0.9835968
1468517135.285|0.0090637|-0.2290649|-1.0545502
1468517135.306|-0.030365|-0.2094116|-1.0102844
1468517135.327|-0.0231171|-0.2149811|-0.9862061
1468517135.348|-0.0156403|-0.2260132|-0.9777527
1468517135.369|-0.0316315|-0.2307892|-0.9662323
1468517135.39|-0.0280914|-0.2346649|-0.9724121
1468517135.411|-0.0399933|-0.2262268|-0.9711914
1468517135.432|-0.0626221|-0.2250214|-0.9695892
1468517135.453|-0.0699768|-0.2173157|-0.9856262
1468517135.474|-0.0383453|-0.2133789|-1.0022888
1468517135.495|-0.0325928|-0.2098846|-1.0053406
1468517135.516|-0.0026703|-0.2004395|-1.002121
1468517135.537|-0.0018463|-0.1916351|-0.9441528
1468517135.558|0.0032043|-0.2012329|-0.8692627
1468517135.579|0.0305328|-0.2064209|-0.870163
1468517135.6|0.0372314|-0.2152863|-0.8588562
1468517135.621|0.0495911|-0.2237244|-0.8582001
1468517135.642|0.0684357|-0.2307434|-0.8882141
1468517135.664|0.0826569|-0.2433167|-0.9341278
1468517135.685|0.0984039|-0.2415314|-0.9300385
1468517135.706|0.0940704|-0.2517395|-0.9379272
1468517135.725|0.0661926|-0.2591858|-0.9602814
1468517135.746|0.0317383|-0.2692108|-0.9684601
1468517135.767|-0.0028381|-0.2977295|-0.9332733
1468517135.789|-0.0531769|-0.3324585|-0.8837585
1468517135.81|-0.0827026|-0.3186646|-0.9142456
1468517135.831|-0.0585632|-0.2839966|-1.070694
1468517135.852|-0.0185699|-0.2969818|-1.1527252
1468517135.873|-0.0134888|-0.3395691|-1.0756836
1468517135.893|0.020401|-0.3489227|-0.9924469
1468517135.915|0.0277863|-0.3388519|-0.9698944
1468517135.936|0.0295715|-0.3299408|-0.9783478
1468517135.956|0.02742|-0.3177643|-0.9541321
1468517135.977|0.0140839|-0.3171387|-0.9251099
1468517135.998|0.0409546|-0.322113|-0.9617157
1468517136.019|0.063736|-0.3144073|-1.0126648
1468517136.041|0.0898895|-0.3119965|-1.0388336
1468517136.062|0.10289|-0.3143158|-1.0161133
1468517136.083|0.0756226|-0.3011322|-0.9829865
1468517136.104|0.0493622|-0.294342|-0.9735565
1468517136.125|0.0224762|-0.289444|-0.9658051
1468517136.146|0.0061951|-0.2841187|-0.9497223
1468517136.167|-0.0050201|-0.2868347|-0.9346466
1468517136.188|-0.0112457|-0.2944489|-0.9250183
1468517136.209|-0.0032959|-0.2982025|-0.9337769
1468517136.23|-0.0009613|-0.2969208|-0.9588165
1468517136.251|0.0031586|-0.3049011|-0.9671173
1468517136.272|0.0116119|-0.3042297|-0.995224
1468517136.293|0.005722|-0.2955475|-1.0164795
1468517136.314|-0.0008545|-0.2971497|-1.0082092
1468517136.335|-0.0108948|-0.3057709|-0.9692841
1468517136.356|-0.0279694|-0.2967987|-0.9574432
1468517136.377|-0.0285339|-0.2851105|-0.9836121
1468517136.398|-0.0213623|-0.2556915|-1.0297394
1468517136.44|0.0324249|-0.2208557|-1.0213318
1468517136.482|0.0007172|-0.2148743|-1.0206451
1468517136.524|-0.0487823|-0.2071838|-0.9923706
1468517136.567|-0.1027985|-0.2125397|-0.9324799
1468517136.608|-0.1409912|-0.2191925|-0.8718567
1468517136.65|-0.0661926|-0.2541504|-1.0917816
1468517136.693|-0.1259003|-0.2714844|-0.7743225
1468517136.713|-0.1128235|-0.2700043|-0.839035
1468517136.735|-0.1082764|-0.2861633|-0.9464569
1468517136.757|-0.0888214|-0.3168945|-0.9490204
1468517136.776|-0.0360413|-0.2540283|-0.8167419
1468517136.797|0.0324707|-0.3854828|-0.7569733
1468517136.819|-0.1102448|-0.3968658|-1.021225
1468517136.839|-0.1483459|-0.2638855|-0.9913483
1468517136.86|-0.0489502|-0.3286591|-0.8409271
1468517136.881|-0.0417328|-0.436676|-0.8161469
1468517136.911|-0.117569|-0.4341278|-0.8945465
1468517136.923|-0.1216125|-0.2977905|-1.0158691
1468517136.945|-0.094101|-0.3144073|-0.6560822
1468517136.966|-0.0040588|-0.3159027|-1.0423889
1468517136.987|0.0245361|-0.399704|-1.0977478
1468517137.008|-0.0862579|-0.410553|-1.0347595
1468517137.029|-0.1127777|-0.3316498|-0.7791748
1468517137.05|-0.0959015|-0.2696991|-0.6881561
1468517137.074|-0.038269|-0.3798065|-0.8072205
1468517137.092|-0.0352478|-0.3582611|-0.9954834
1468517137.113|-0.0813141|-0.3028412|-0.9555054
1468517137.154|0.0431366|-0.3806915|-0.8023071
1468517137.175|0.1204224|-0.4713745|-1.0471802
1468517137.196|-0.0077362|-0.3995667|-1.1730042
1468517137.217|-0.0728455|-0.2520905|-1.1875305
1468517137.242|-6.1e-05|-0.3626862|-0.9384613
1468517137.26|-0.0463257|-0.4135895|-0.8977814
1468517137.28|-0.0301666|-0.3365936|-0.9267578
1468517137.306|-0.0608521|-0.3121185|-0.966156
1468517137.322|-0.1294708|-0.3700562|-0.7648315
1468517137.343|0.0675659|-0.3390656|-1.0572662
1468517137.364|-0.0715027|-0.3781891|-1.1311646
1468517137.388|-0.111557|-0.2935181|-0.9037476
1468517137.408|-0.1145477|-0.2647247|-0.7827454
1468517137.428|-0.0538788|-0.3415375|-0.889267
1468517137.449|-0.0031891|-0.3444061|-1.0716705
1468517137.47|-0.0814819|-0.2718964|-1.0351868
1468517137.491|-0.1304321|-0.2250061|-1.0049744
1468517137.51|-0.0869293|-0.2625732|-0.9493408
1468517137.531|0.0202789|-0.2802887|-0.9642944
1468517137.553|0.0220947|-0.3125916|-1.1453705
1468517137.572|-0.0631104|-0.2566986|-1.171463
1468517137.593|-0.0893097|-0.1938782|-1.1136475
1468517137.615|-0.1085052|-0.2135162|-0.9471588
1468517137.645|-0.0504608|-0.2720947|-0.9883118
1468517137.657|-0.1096344|-0.2534027|-1.000885
1468517137.678|-0.0906525|-0.2037659|-0.9586334
1468517137.7|-0.0616913|-0.2210083|-0.9097443
1468517137.72|-0.0447845|-0.2661896|-0.8482971
1468517137.742|-0.0233002|-0.2240295|-0.8605042
1468517137.764|-0.0182495|-0.1993408|-0.8662262
1468517137.784|-0.0242157|-0.2365112|-0.8603363
1468517137.825|0.0706329|-0.2634735|-0.9870148
1468517137.848|0.07724|-0.3135071|-0.9667816
1468517137.868|0.055954|-0.2472382|-0.9930725
1468517137.888|0.0306549|-0.2597809|-1.0194702
1468517137.91|0.0063934|-0.2518311|-1.0138092
1468517137.93|-0.0632324|-0.2709503|-0.8703613
1468517137.952|-0.0509186|-0.2659149|-0.8748016
1468517137.972|-0.0114899|-0.3392487|-0.9111481
1468517137.993|0.0283356|-0.3478546|-0.9501038
1468517138.013|0.0344391|-0.3099823|-0.9070129
1468517138.036|-0.0074158|-0.3119812|-0.995575
1468517138.056|0.031189|-0.3383179|-1.1422424
1468517138.077|0.0384369|-0.3867798|-1.1482086
1468517138.097|-0.0580444|-0.2532501|-0.9716644
1468517138.118|-0.0469818|-0.3188171|-0.8448944
1468517138.14|-0.0175323|-0.3343658|-0.898819
1468517138.162|-0.016983|-0.3105164|-0.9539795
1468517138.182|0.0113373|-0.2835541|-0.9894257
1468517138.203|0.0491486|-0.2864227|-0.9687805
1468517138.224|0.042038|-0.2932892|-0.8669434
1468517138.245|0.0765381|-0.2987671|-0.8836975
1468517138.266|0.0960846|-0.2839661|-0.9461823
1468517138.287|0.0804901|-0.2601776|-1.0172119
1468517138.308|0.1163788|-0.2705688|-1.074173
1468517138.329|0.0879211|-0.265625|-1.0193634
1468517138.349|0.091156|-0.2558899|-0.9601898
1468517138.371|0.1111145|-0.2426758|-0.9042664
1468517138.392|0.1175537|-0.2463226|-0.873764
1468517138.413|0.1565857|-0.2507019|-0.8458099
1468517138.434|0.1699677|-0.2590942|-0.8195801
1468517138.455|0.1568451|-0.2590942|-0.8534088
1468517138.475|0.1217651|-0.2644348|-0.9287109
1468517138.497|0.0371246|-0.2640381|-0.9194946
1468517138.518|-0.0033722|-0.2706451|-0.9113464
1468517138.54|-0.0358734|-0.287262|-0.9037476
1468517138.56|-0.0702972|-0.2957458|-0.8868866
1468517138.581|-0.0399628|-0.292099|-0.9295502
1468517138.601|-0.0221863|-0.2898865|-0.970871
1468517138.623|0.0223389|-0.3142853|-1.0035553
1468517138.643|0.06633|-0.3324585|-0.9773102
1468517138.664|0.0927429|-0.3399048|-0.9082642
1468517138.685|0.1065063|-0.3514099|-0.9229736
1468517138.706|0.1392059|-0.3439941|-0.9665833
1468517138.727|0.1219177|-0.3283997|-0.9790497
1468517138.748|0.1236877|-0.34729|-0.9602509
1468517138.769|0.1026764|-0.3485413|-0.9061737
1468517138.79|0.0383301|-0.3925171|-0.7723694
1468517138.812|-0.0154114|-0.387619|-0.6476288
1468517138.832|-0.0601654|-0.3487549|-0.6694641
1468517138.853|-0.0328979|-0.2958221|-0.7439728
1468517138.875|0.0185699|-0.2762451|-0.8025818
1468517138.896|0.0335693|-0.2713013|-0.8426971
1468517138.917|-0.0210419|-0.2406769|-0.7140198
1468517138.937|-0.0231628|-0.1734161|-0.7405243
1468517138.958|0.1257782|-0.0138855|-0.8816071
1468517138.979|0.1946411|-0.1015015|-1.0818024
1468517139|0.1710358|-0.1423492|-1.0800171
1468517139.021|0.21315|-0.1402283|-1.0612183
1468517139.042|0.087204|-0.1085663|-0.9215851
1468517139.063|0.0884094|-0.1581879|-0.7250061
1468517139.084|0.1574249|-0.2520447|-0.8216858
1468517139.106|0.0357361|-0.0752716|-1.1432495
1468517139.126|-0.2090302|0.0910645|-1.3881226
1468517139.148|-0.2089691|0.118454|-1.3825073
1468517139.168|-0.0155945|-0.0078888|-1.1199951
1468517139.19|0.0745087|-0.0264435|-0.9820557
1468517139.211|-0.0798492|0.0842133|-1.171051
1468517139.232|-0.1044769|0.1164093|-1.2002106
1468517139.253|0.0017853|0.0313568|-1.301712
1468517139.274|0.1075287|-0.026123|-1.1465149
1468517139.295|0.0971069|-0.026947|-1.079895
1468517139.316|0.0828552|-0.0248413|-1.1002197
1468517139.337|0.0593414|-0.0420227|-1.1200409
1468517139.358|-0.0560455|-0.0796051|-0.8361664
1468517139.378|-0.1760712|-0.0362244|-0.8494263
1468517139.399|-0.267868|0.099472|-0.932663
1468517139.42|-0.2809906|0.2597046|-1.2230835
1468517139.442|-0.113678|0.1757812|-1.197464
1468517139.463|-0.0227814|0.0699005|-1.0149841
1468517139.484|-0.0058289|0.1069183|-0.9893799
1468517139.505|0.0840302|0.1552582|-1.4833984
1468517139.526|0.2465973|0.1400757|-1.0485687
1468517139.547|0.1609344|0.0390625|-0.9071655
1468517139.568|0.0581818|0.0176392|-0.8808441
1468517139.589|0.0617523|0.0068054|-1.0379028
1468517139.609|-0.008667|0.1169586|-0.9671021
1468517139.63|-0.0192719|0.0892181|-0.8535919
1468517139.651|-0.1350555|0.0241394|-0.9378052
1468517139.672|-0.2554016|0.0970612|-1.2763672
1468517139.693|-0.0022736|0.0071411|-1.0607605
1468517139.714|-0.1769867|0.1598358|-1.8133545
1468517139.735|-0.0478668|-0.0088043|-0.0254822
1468517139.756|-0.0709229|-0.0831604|0.1793823
1468517139.777|0.0764313|0.1346741|-1.6143036
1468517139.798|0.4382324|0.2399292|-3.962616
1468517139.819|-0.2425537|0.057663|-0.3860474
1468517139.84|0.1061401|-0.0965729|-0.8557281
1468517139.861|-0.0392456|-0.0324707|-0.8582611
1468517139.882|-0.0246887|0.0462036|-1.0780334
1468517139.903|-0.0130157|0.076355|-1.1451721
1468517139.924|-0.017395|0.0108185|-0.9614563
1468517139.945|-0.0211182|-0.019516|-0.8850861
1468517139.966|-0.0271149|-0.0043182|-0.9145508
1468517139.987|-0.0111084|0.0272369|-1.0457458
1468517140.008|-0.0148621|0.0419006|-1.0773163
1468517140.029|-0.0187225|0.0310669|-1.0116882
1468517140.05|-0.0222473|0.0077515|-0.9520264
1468517140.071|-0.0194244|0.0107422|-0.9834595
1468517140.092|-0.0168304|0.0231018|-1.0138702
1468517140.113|-0.0199585|0.0275879|-1.0334778
1468517140.134|-0.0198517|0.0223694|-0.9975739
1468517140.155|-0.0220947|0.0124969|-0.9874725
1468517140.176|-0.019165|0.0148926|-0.9999847
1468517140.197|-0.0177765|0.0214233|-1.0117493
1468517140.218|-0.0187378|0.0221863|-1.0143433
1468517140.239|-0.0163422|0.0184479|-0.9985352
1468517140.26|-0.0204773|0.0146332|-0.9867401
1468517140.281|-0.0184631|0.0170593|-1.0011292
1468517140.302|-0.0160828|0.0206604|-1.0079803
1468517140.323|0.050354|0.0135498|-1.1338654
1468517140.344|0.0107269|-0.0304413|-0.9567108
1468517140.365|-0.0233002|-0.0231323|-0.872818
1468517140.389|-0.0200043|0.0226746|-1.0131683
1468517140.408|-0.0159607|0.0528412|-1.0985413
1468517140.429|-0.0107574|0.0364227|-1.0584412
1468517140.471|-0.1012115|-0.0033875|-0.819931
1468517140.492|0.0016479|-0.0459137|-0.8540039
1468517140.513|-0.0137329|0.008667|-1.0238953
1468517140.534|-0.0324707|0.0293274|-0.9876251
1468517140.555|-0.0164795|0.0479584|-1.0761108
1468517140.576|-0.016449|0.0288849|-1.0178528
1468517140.598|-0.0196686|0.0591125|-1.1807861
1468517140.617|-0.0288544|-0.0114899|-0.918869
1468517140.64|-0.0186615|-0.0342255|-0.8404846
1468517140.66|-0.0207672|0.0005951|-0.9650879
1468517140.682|-0.0151215|0.03479|-1.052063
1468517140.701|-0.0128021|0.0530243|-1.0971069
1468517140.722|-0.016449|0.0260162|-0.972229
1468517140.765|-0.0257568|0.0021515|-0.9192352
1468517140.786|-0.0231476|0.0088043|-0.9659882
1468517140.807|-0.0190582|0.0236359|-1.010788
1468517140.828|-0.0071564|0.0454407|-1.1470184
1468517140.849|-0.023941|0.0180969|-0.9886169
1468517140.87|-0.0132141|0.0016785|-0.9733429
1468517140.891|-0.016037|0.0057068|-0.9998016
1468517140.912|-0.0221252|0.0036926|-0.9549103
1468517140.934|-0.015274|0.0214386|-1.0233154
1468517140.954|-0.0160522|0.0316925|-1.0487976
1468517140.976|-0.0163269|0.0216217|-1.00914
1468517140.997|0.019928|0.0159912|-1.1027222
1468517141.018|-0.0031891|-0.0078735|-0.984024
1468517141.039|-0.0161133|0.0155029|-0.9853058
1468517141.059|0.0049133|0.0408936|-1.1576691
1468517141.08|-0.0037994|0.0201416|-1.0578308
1468517141.101|-0.016571|0.0015869|-0.944046
1468517141.122|-0.0196686|0.0097656|-0.9799347
1468517141.143|-0.0149841|0.0248566|-1.0381927
1468517141.164|-0.0152435|0.0141296|-1.0044708
1468517141.187|-0.0215912|0.0050049|-0.9329224
1468517141.206|-0.0185089|0.0182648|-0.9985352
1468517141.228|-0.0173035|0.0272827|-1.0306244
1468517141.249|-0.0174866|0.0224304|-1.0204926
1468517141.27|-0.0187683|0.0140991|-0.9848633
1468517141.291|-0.0184479|0.0121765|-0.9879303
1468517141.312|-0.0108795|0.0314636|-1.0260773
1468517141.333|0.0305634|-0.0162506|-0.9513702
1468517141.354|0.0033112|-0.0389557|-0.9073792
1468517141.375|-0.0180359|0.0005646|-0.9724121
1468517141.396|-0.0157623|0.0297546|-1.0485687
1468517141.417|-0.0104218|0.0366974|-1.0683746
1468517141.438|-0.019043|0.015564|-0.9862518
1468517141.459|-0.1085358|0.0332184|-0.8007965
1468517141.48|-0.1167145|0.0077057|-0.761261
1468517141.501|-0.0290222|-0.0074615|-0.9072418
1468517141.522|-0.0097961|0.010376|-1.0035248
1468517141.543|-0.0155792|0.0397339|-1.0737915
1468517141.565|-0.0129852|0.0266418|-1.016922
1468517141.586|-0.0179749|0.0082703|-0.9756622
1468517141.606|-0.0167847|0.0128784|-0.9867401
1468517141.629|-0.0177917|0.0219269|-1.0133972
1468517141.648|0.0037537|0.0253754|-1.0776367
1468517141.671|-0.0097656|0.0074921|-0.9985809
1468517141.692|-0.0184784|0.0141144|-0.9900513
1468517141.713|-0.0180206|0.0229034|-1.0171661
1468517141.734|-0.0173798|0.0289459|-1.0263519
1468517141.754|-0.0148315|0.0177307|-1.0041962
1468517141.776|-0.0193176|0.01651|-0.9832001
1468517141.818|-0.0247498|0.0136414|-0.9617004
1468517141.839|-0.0262756|0.0190125|-0.9709015
1468517141.86|-0.0249481|0.0207672|-0.9930878
1468517141.881|-0.0167847|0.0153046|-0.9940491
1468517141.923|0.0412903|0.0636292|-1.3917084
1468517141.944|-0.0166931|-0.0055847|-0.90271
1468517141.965|-0.0103302|0.0132904|-1.0058899
1468517141.988|-0.0135345|0.0355988|-1.0754852
1468517142.007|-0.0161133|0.0269928|-1.0249634
1468517142.048|-0.0638733|0.015976|-0.8698273
1468517142.071|0.0220795|0.0097351|-1.1112518
1468517142.09|-0.0015869|-0.0047302|-0.946167
1468517142.111|-0.0297394|0.0183105|-0.9590759
1468517142.132|-0.0162964|0.0302124|-1.0429077
1468517142.153|-0.0140686|0.0297089|-1.0476379
1468517142.174|-0.0168457|0.015274|-0.9867249
1468517142.216|0.0409393|-0.0754395|-0.8496094
1468517142.239|-0.0037079|0.0207062|-1.0746155
1468517142.258|-0.0050812|0.0644684|-1.1622467
1468517142.279|-0.015625|0.0409088|-1.0702515
1468517142.3|-0.0185547|0.0038147|-0.9447327
1468517142.321|-0.0221863|-0.0058899|-0.9154816
1468517142.342|-0.0182495|0.0160522|-0.9942932
1468517142.363|-0.0161133|0.0365448|-1.0570374
1468517142.384|-0.0180206|0.0221558|-1.0155182
1468517142.405|-0.0216675|0.0044098|-0.9565582
1468517142.426|-0.018692|0.0056152|-0.9669342
1468517142.447|-0.0165558|0.0223846|-1.0176544
1468517142.468|-0.0167542|0.0243988|-1.0294495
1468517142.489|-0.0163422|0.0211334|-1.0074921
1468517142.51|-0.0170288|0.0128784|-0.9858093
1468517142.531|-0.0182495|0.0160675|-0.9945374
1468517142.552|-0.0153809|0.0213623|-1.008667
1468517142.573|-0.0179901|0.0167999|-1.0016022
1468517142.594|-0.0182343|0.0163116|-0.9961853
1468517142.615|-0.0202789|0.0211945|-1.0023041
1468517142.636|-0.0170288|0.0177612|-1.0034943
1468517142.657|-0.0167999|0.0172729|-0.9989929
1468517142.678|-0.0186768|0.0136871|-0.9947815
1468517142.7|-0.0189056|0.0134583|-0.9999847
1468517142.72|-0.0148315|0.0191956|-1.0075073
1468517142.742|-0.0168457|0.019928|-1.0018311
1468517142.763|-0.0170593|0.0179901|-0.9992371
1468517142.784|-0.0184937|0.0173035|-1.0001831
1468517142.806|-0.0157623|0.015564|-1.0013885
1468517142.826|-0.0162811|0.0170135|-1.0016022
1468517142.847|-0.0175629|0.0184784|-0.9980469
1468517142.868|-0.0172882|0.0182495|-1.0016022
1468517142.889|-0.0141144|0.0186768|-1.0041962
1468517142.91|-0.0172577|0.0153198|-0.9973602
1468517142.931|-0.0216675|0.0183563|-1.0013885
1468517142.952|-0.0143433|0.0159912|-1.0001984
1468517142.973|-0.0151367|0.0191498|-1.0001678
1468517142.994|-0.0167999|0.0192261|-1.0067902
1468517143.015|-0.0184784|0.016571|-0.9994965
1468517143.036|-0.019104|0.0137177|-1.003067
1468517143.057|-0.0170593|0.0189667|-1.0023041
1468517143.078|-0.0192566|0.0192566|-1.0013733
1468517143.099|-0.0187378|0.0185242|-1.0025482
1468517143.12|-0.0158539|0.0194092|-1.0018311
1468517143.141|-0.0182495|0.01828|-1.0023193
1468517143.162|-0.0182343|0.0180511|-1.0041962
1468517143.183|-0.0165558|0.0167389|-0.9971161
1468517143.205|-0.0226135|0.0161743|-0.9997559
1468517143.226|-0.0153503|0.0174713|-0.9999542
1468517143.246|-0.0187073|0.017334|-1.0037384
1468517143.267|-0.020401|0.0158844|-1.0006866
1468517143.288|-0.0175476|0.0189667|-0.9985199
1468517143.309|-0.0177917|0.0187378|-1.0013733
1468517143.33|-0.0157776|0.0170135|-1.0041962
1468517143.351|-0.0168304|0.018219|-0.9966431
1468517143.372|-0.0157928|0.0174866|-1.0032501
1468517143.393|-0.0175476|0.0189667|-0.999939
1468517143.414|-0.0163422|0.018219|-0.9978333
1468517143.436|-0.0189514|0.0168304|-1.0037384
1468517143.456|-0.0185394|0.0192261|-0.9992218
1468517143.477|-0.0183105|0.0192261|-0.9980316
1468517143.498|-0.0168304|0.0196686|-1.0006409
1468517143.52|-0.01828|0.0177612|-0.9959412
1468517143.541|-0.019516|0.0207062|-1.0034943
1468517143.562|-0.0160828|0.018219|-0.9985352
1468517143.583|-0.0167542|0.0162964|-1.0004425
1468517143.604|-0.020401|0.0163879|-1.0021057
1468517143.625|-0.0174866|0.0167999|-1.0023193
1468517143.646|-0.0177917|0.0170135|-0.994751
1468517143.667|-0.0170593|0.0192108|-1.003006
1468517143.688|-0.0175171|0.0165405|-0.9969025
1468517143.709|-0.016571|0.0189514|-1.0011139
1468517143.73|-0.0165253|0.0162811|-0.9992523
1468517143.751|-0.0165405|0.0172729|-1.0020752
1468517143.776|0.0151978|0.0547943|-0.9045715
1468517143.793|-0.1153717|-0.0390015|-0.6570892
1468517143.814|0.0142975|-0.0382385|-0.9543915
1468517143.837|-0.0125732|0.0051727|-1.0042877
1468517143.856|-0.0135803|0.0397186|-1.081604
1468517143.877|-0.0107574|0.0354462|-1.0565491
1468517143.898|-0.0180359|0.0104065|-0.9730377
1468517143.919|-0.02211|0.0002899|-0.9468994
1468517143.94|-0.0182648|0.0180206|-0.998291
1468517143.962|-0.0170441|0.0292511|-1.0391083
1468517143.983|-0.0174713|0.0209808|-1.0171814
1468517144.004|-0.0185089|0.0131226|-0.9820099
1468517144.025|-0.022171|0.0148926|-0.9869843
1468517144.046|-0.014679|0.0281525|-1.0244598
1468517144.067|-0.0170746|0.0240936|-1.0169373
1468517144.088|-0.017807|0.0155487|-0.9881439
1468517144.109|-0.0186615|0.0146637|-1.0006714
1468517144.13|-0.0175934|0.019928|-0.9975739
1468517144.151|-0.0155334|0.0167542|-1.0025482
1468517144.172|-0.0155792|0.0179749|-1.0023193
1468517144.193|-0.0170135|0.0150604|-0.9942932
1468517144.214|-0.0146027|0.0189209|-1.0058594
1468517144.235|-0.0162811|0.0180054|-1.0049286
1468517144.256|-0.0168762|0.0184326|-0.9930878
1468517144.277|-0.0155182|0.0148163|-0.9999695
1468517144.298|-0.0153198|0.0182343|-1.0060883
1468517144.319|-0.0173035|0.0184784|-1.0011292
1468517144.34|-0.0153656|0.018692|-1.0016022
1468517144.361|-0.0171356|0.020874|-0.9975739
1468517144.382|-0.0170135|0.0165558|-1.0013885
1468517144.403|-0.0169983|0.0163116|-1.0023346
1468517144.424|-0.0180206|0.0160522|-0.9952393
1468517144.445|-0.0182495|0.0187683|-1.0044403
1468517144.466|-0.0177917|0.019455|-1.0027771
1468517144.487|-0.0177765|0.0158081|-0.9957123
1468517144.508|-0.0194702|0.0187836|-1.0037537
1468517144.529|-0.0189819|0.0160828|-0.9971313
1468517144.55|-0.0151062|0.0196381|-1.0027771
1468517144.571|-0.0173187|0.0211487|-1.0074921
1468517144.592|-0.0183868|0.0144196|-1.0032654
1468517144.613|-0.0163116|0.018219|-1.0004272
1468517144.634|-0.0201569|0.0163879|-1.0021057
1468517144.657|-0.0148163|0.0150299|-0.9952393
1468517144.676|-0.0175171|0.0187378|-1.0030212
1468517144.697|-0.0173645|0.0194092|-0.9956818
1468517144.718|-0.0182648|0.0180206|-0.9987793
1468517144.739|-0.0169983|0.0170441|-1.0041962
1468517144.76|-0.0197144|0.0168304|-0.9980621
1468517144.781|-0.0173035|0.017746|-0.9992371
1468517144.802|-0.0136566|0.0176697|-0.9999542
1468517144.823|-0.0173035|0.0182343|-0.9987793
1468517144.844|-0.019043|0.0194702|-0.9997101
1468517144.865|-0.0160217|0.0160522|-1.0013885
1468517144.886|-0.0175629|0.017746|-0.995697
1468517144.908|-0.0158234|0.0184631|-1.0044403
1468517144.929|-0.0156097|0.0177002|-0.9959412
1468517144.95|-0.0202484|0.0192719|-0.9997253
1468517144.971|-0.0194855|0.0192871|-1.0044403
1468517144.992|-0.0168457|0.019928|-1.0023041
1468517145.013|-0.0167542|0.0155792|-0.9994965
1468517145.034|-0.0165253|0.0165253|-1.0006714
1468517145.055|-0.0182495|0.0170441|-0.9980469
1468517145.119|-0.0160522|0.0169983|-0.9997253
1468517145.203|-0.0369263|-0.0216217|-0.8778076
1468517145.244|-0.0089569|0.0739441|-1.1607666
1468517145.265|-0.0216522|0.0056458|-0.9612732
1468517145.286|-0.0229492|-0.0107574|-0.8952026
1468517145.329|-0.0282288|0.0024261|-0.9130859
1468517145.35|-0.0306091|-0.0268097|-0.82724
1468517145.371|-0.0154572|0.0248871|-1.0405731
1468517145.391|-0.015625|0.0448303|-1.0848846
1468517145.412|-0.0192413|0.0150909|-0.9888763
1468517145.433|-0.019516|0.0021515|-0.942627
1468517145.454|-0.0172424|0.0131226|-0.9902802
1468517145.475|-0.014801|0.0270233|-1.0379639
1468517145.496|-0.0158386|0.0235901|-1.0166931
1468517145.517|-0.0174408|0.0117035|-0.9902954
1468517145.539|-0.0186768|0.0112457|-0.9891205
1468517145.559|-0.0189514|0.0193024|-1.0112762
1468517145.58|-0.0163116|0.0255737|-1.0259094
1468517145.601|-0.0180054|0.0177765|-1.0025482
1468517145.622|-0.0170898|0.0147705|-0.9834137
1468517145.643|-0.0174408|0.013916|-1.0002136
1468517145.664|-0.0158081|0.0177307|-1.0030212
1468517145.685|-0.019043|0.0192413|-0.9982758
1468517145.706|-0.0162811|0.0162811|-0.9997406
1468517145.727|-0.0168762|0.0201416|-0.9980316
1468517145.748|-0.0155487|0.0187225|-1.0086975
1468517145.769|-0.0174561|0.0153656|-1.0011444
1468517145.79|-0.0160217|0.014328|-0.9938202
1468517145.811|-0.0178223|0.0184631|-0.9966431
1468517145.834|-0.0184784|0.0195007|-1.0084534
1468517145.854|-0.020401|0.0154114|-0.9985657
1468517145.876|-0.0136414|0.0196228|-1.006073
1468517145.896|-0.0167694|0.0158081|-0.9987946
1468517145.918|-0.0189819|0.0165863|-0.9992523
1468517145.938|-0.0174255|0.0151215|-1.0035095
1468517145.959|-0.0155487|0.0172577|-1.0037384
1468517145.98|-0.0148468|0.0172272|-0.9997253
1468517146.001|-0.0155182|0.0167694|-1.0063324
1468517146.021|-0.02034|0.0125122|-0.9966888
1468517146.042|-0.0174408|0.016098|-1.0056458
1468517146.063|-0.0178223|0.0184631|-0.9963989
1468517146.084|-0.0178223|0.0199432|-1.0011139
1468517146.105|-0.0172424|0.0163116|-1.0023346
1468517146.126|-0.0171051|0.020401|-1.0011139
1468517146.147|-0.019455|0.0180664|-1.0035095
1468517146.169|-0.0167999|0.0177612|-1.0018463
1468517146.19|-0.0144043|0.0186462|-0.998291
1468517146.211|-0.0170593|0.019455|-1.0039673
1468517146.233|-0.0606537|-0.0063782|-0.8375854
1468517146.255|-0.0415039|-0.0179138|-0.8257904
1468517146.274|-0.018219|0.0292969|-1.0419617
1468517146.295|-0.0105133|0.0561981|-1.1214294
1468517146.317|-0.0170135|0.0224152|-1.0216675
1468517146.338|-0.0175323|0.0018768|-0.9463959
1468517146.359|-0.0207214|0.0033875|-0.949707
1468517146.38|-0.0170441|0.0294952|-1.0388947
1468517146.401|-0.0149994|0.0224152|-1.0294647
1468517146.422|-0.0185089|0.012146|-0.9791718
1468517146.442|-0.0180969|0.012085|-0.9706726
1468517146.462|-0.0158234|0.0209045|-1.0103302
1468517146.483|-0.016571|0.0250702|-1.0233002
1468517146.504|-0.0172424|0.0177917|-1.0089417
1468517146.525|-0.0212555|0.0158234|-0.983429
1468517146.546|-0.0164642|0.0167999|-1.0098877
1468517146.568|-0.017807|0.0204315|-1.0053711
1468517146.59|-0.0177612|0.0163116|-0.9980621
1468517146.611|-0.0160828|0.0177307|-0.9999542
1468517146.632|-0.0179901|0.0158234|-0.9994965
1468517146.653|-0.0163574|0.0189362|-0.9975739
1468517146.674|-0.0150146|0.014328|-0.9990082
1468517146.695|-0.0187225|0.0155945|-0.9942932
1468517146.716|-0.0189362|0.0170898|-1.0053864
1468517146.737|-0.0165405|0.0187225|-1.0053864
1468517146.758|-0.0167999|0.0167542|-0.997345
1468517146.778|-0.0196686|0.0183411|-1.0072937
1468517146.799|-0.0177765|0.0170135|-0.9968872
1468517146.82|-0.0201721|0.0171051|-1.0018616
1468517146.841|-0.0266571|0.0706787|-1.1539917
1468517146.862|-0.0292511|-0.0101318|-0.8985138
1468517146.883|-0.0213165|-0.0158081|-0.9053955
1468517146.904|-0.0254517|0.017746|-1.0125122
1468517146.925|-0.0167999|0.0067444|-0.9633789
1468517146.945|0.0332184|-0.0374603|-1.0529327
1468517146.965|0.1178894|-0.1578064|-0.9734039
1468517146.986|0.1289215|-0.1334991|-0.9275818
1468517147.007|0.0843658|0.103363|-1.0189819
1468517147.028|-0.3210907|0.4502563|-0.9622955
1468517147.05|-0.2088165|0.6802521|-0.9958954
1468517147.071|0.3118591|0.3542633|-1.3596954
1468517147.091|0.4145355|0.254837|-1.5582428
1468517147.112|0.4927368|0.2738647|-1.5770569
1468517147.133|0.4611816|0.2554016|-1.3507843
1468517147.154|0.3730621|0.2433624|-1.0532227
1468517147.175|0.4011536|0.1614685|-1.0073547
1468517147.196|0.3890381|0.1460114|-1.1361237
1468517147.217|0.3769989|0.1118317|-1.1716003
1468517147.238|0.3340302|0.1154785|-0.9896393
1468517147.258|0.2660675|0.1463013|-0.9342957
1468517147.279|0.2029266|0.072403|-0.8358917
1468517147.3|0.1818542|-0.0321045|-0.8106537
1468517147.322|0.1144562|-0.0449371|-0.8262787
1468517147.343|0.0692139|-0.0698242|-0.8447876
1468517147.364|-0.0437469|-0.1439819|-1.0519562
1468517147.385|-0.0281677|-0.4283142|-1.2489166
1468517147.406|-0.0205536|-0.0939331|-0.81987
1468517147.427|0.0028076|-0.2275848|-0.5547638
1468517147.446|0.1511688|-0.0744781|-0.6630402
1468517147.466|0.1380463|-0.0847015|-0.6300354
1468517147.487|0.085495|-0.101593|-0.5331116
1468517147.508|0.1081238|-0.2216339|-0.7218475
1468517147.529|0.0443115|-0.4310455|-1.0745087
1468517147.55|-0.0606384|-0.2352753|-1.0422211
1468517147.571|0.0320435|-0.1578827|-1.1060028
1468517147.592|0.0276794|-0.0926819|-1.1861877
1468517147.614|-0.0174255|-0.0692139|-1.2062378
1468517147.635|-0.0340118|-0.1166534|-1.2155914
1468517147.656|0.0433655|-0.1661682|-1.1308594
1468517147.677|0.0090027|-0.220932|-0.9022369
1468517147.698|-0.059906|-0.2702026|-0.7937622
1468517147.719|-0.1208649|-0.3009644|-0.7678833
1468517147.74|-0.1508026|-0.279541|-0.8330688
1468517147.761|-0.1191559|-0.2069397|-0.8726654
1468517147.782|-0.1278381|-0.2108307|-0.8689423
1468517147.803|-0.0948334|-0.2400208|-0.9023895
1468517147.824|0.143631|-0.359375|-0.9893646
1468517147.845|0.2078094|-0.4635925|-0.9201813
1468517147.866|0.0202484|-0.3739929|-0.8869476
1468517147.887|-0.0487366|-0.2713318|-0.8556824
1468517147.908|-0.1824493|-0.2277985|-0.8942566
1468517147.929|-0.0793762|-0.275528|-0.9420776
1468517147.95|-0.022583|-0.3761139|-0.9409637
1468517147.972|-0.0159607|-0.3763275|-0.8792419
1468517147.994|-0.0519409|-0.3370361|-0.8383942
1468517148.014|-0.0468292|-0.3541565|-0.8486786
1468517148.036|-0.0302734|-0.373291|-0.8946228
1468517148.057|-0.0181427|-0.3775787|-0.9109344
1468517148.077|-0.0248718|-0.3743591|-0.8995972
1468517148.098|-0.0061188|-0.395874|-0.8647003
1468517148.118|-0.0193787|-0.3900299|-0.8670654
1468517148.139|-0.0263519|-0.3787537|-0.8788147
1468517148.16|-0.0272675|-0.3801727|-0.8837891
1468517148.181|-0.0141449|-0.3792267|-0.8889618
1468517148.204|0.0159607|-0.3842163|-0.9366608
1468517148.224|0.0048218|-0.3834839|-0.9402466
1468517148.246|-0.0157013|-0.3621521|-0.9295044
1468517148.266|1.53e-05|-0.3638|-0.9110413
1468517148.287|-0.0010986|-0.3474731|-0.9447327
1468517148.308|0.0031891|-0.394928|-0.9502411
1468517148.329|0.0042877|-0.3369751|-0.9505615
1468517148.35|-0.0183868|-0.3485718|-0.9351044
1468517148.371|-0.0256348|-0.3429565|-0.9275055
1468517148.392|-0.0433655|-0.3535919|-0.9290619
1468517148.413|0.0194397|-0.4003906|-0.8906708
1468517148.435|0.0212708|-0.4019775|-0.8739014
1468517148.454|-0.0039368|-0.3593445|-0.9164581
1468517148.475|-0.0275421|-0.3488159|-0.948349
1468517148.496|-0.019989|-0.3580627|-0.9540863
1468517148.517|-0.0025177|-0.348587|-0.9109344
1468517148.538|-0.0077209|-0.335968|-0.9068451
1468517148.559|-0.0116272|-0.3433228|-0.9132996
1468517148.58|0.0016937|-0.3587036|-0.9228363
1468517148.601|0.0011902|-0.348114|-0.921814
1468517148.621|0.005188|-0.344635|-0.9172821
1468517148.643|0.002182|-0.3337402|-0.8708649
1468517148.663|0.002243|-0.3273315|-0.9001312
1468517148.685|0.0345917|-0.3752441|-0.9874115
1468517148.706|0.0217285|-0.3453827|-0.9860382
1468517148.727|-0.0203857|-0.2945557|-0.9056549
1468517148.748|-0.0466156|-0.2813873|-0.8798523
1468517148.769|0.0018463|-0.3184662|-0.9416962
1468517148.79|0.0082397|-0.3305054|-1.0136261
1468517148.811|-0.0154724|-0.3027039|-0.9867859
1468517148.833|-0.0184631|-0.2922058|-0.9077454
1468517148.854|-0.0242767|-0.2897949|-0.8857727
1468517148.875|-0.0325928|-0.2926483|-0.9002228
1468517148.897|-0.0284424|-0.2971954|-0.9224701
1468517148.917|-0.0171509|-0.3086853|-0.9357452
1468517148.938|-0.0240173|-0.2941284|-0.9753876
1468517148.958|-0.0271301|-0.2916107|-0.9900513
1468517148.98|-0.0119476|-0.2954407|-0.9604797
1468517149|0.0039978|-0.3187714|-0.934845
1468517149.021|0.0108337|-0.3368073|-0.9155579
1468517149.042|0.0198975|-0.3330841|-0.937027
1468517149.063|0.0052948|-0.3251648|-0.9608917
1468517149.084|0.0215759|-0.3156891|-0.9572144
1468517149.125|-0.015686|-0.2858276|-0.9445801
1468517149.146|0.0346375|-0.3110962|-1.0673065
1468517149.167|0.0937958|-0.3186646|-1.0211182
1468517149.188|0.0895081|-0.2638397|-0.9058533
1468517149.21|0.0909729|-0.2888031|-0.8249359
1468517149.231|0.1566772|-0.4028931|-0.7645569
1468517149.253|0.1906586|-0.3112488|-0.9593811
1468517149.272|0.1170807|-0.3631134|-1.0391235
1468517149.295|0.1190338|-0.3321533|-0.9360504
1468517149.316|0.050766|-0.2566681|-0.915863
1468517149.336|0.0001373|-0.2543488|-0.9128723
1468517149.356|0.0790405|-0.3090057|-0.9596405
1468517149.378|0.1024628|-0.3172607|-0.9114075
1468517149.399|0.1012573|-0.3172455|-0.8088074
1468517149.42|0.0545197|-0.3017273|-0.8180237
1468517149.441|0.0349121|-0.2786255|-0.9734955
1468517149.462|0.1201782|-0.2819214|-1.1253204
1468517149.483|0.1443481|-0.2935944|-1.0671539
1468517149.504|0.081604|-0.3089752|-0.9778442
1468517149.525|0.0577698|-0.318222|-0.9493561
1468517149.545|0.0498352|-0.3233643|-0.9427795
1468517149.566|0.0752716|-0.3423309|-0.9714661
1468517149.588|0.0599976|-0.3340454|-0.9685974
1468517149.609|0.0137939|-0.3118439|-0.9711761
1468517149.63|0.0280151|-0.3113098|-0.993576
1468517149.651|0.0347748|-0.3144684|-0.9725494
1468517149.671|0.0435181|-0.3282471|-0.9950867
1468517149.692|0.039566|-0.3232422|-0.968811
1468517149.714|0.0273438|-0.3058319|-0.9810181
1468517149.735|0.0161133|-0.2924042|-1.0206757
1468517149.756|0.0184174|-0.2675476|-1.0495911
1468517149.777|0.0218201|-0.2386932|-1.1105957
1468517149.797|0.0052185|-0.2251129|-1.1074829
1468517149.82|-0.0003815|-0.2054443|-1.0707092
1468517149.84|0.0089111|-0.2087402|-1.0328827
1468517149.86|0.0133057|-0.2109375|-0.9953003
1468517149.88|0.0157013|-0.2092285|-0.9624329
1468517149.901|0.0089264|-0.2019196|-0.9538879
1468517149.922|-9.16e-05|-0.1960297|-0.9368286
1468517149.943|-0.0095062|-0.1907349|-0.8961792
1468517149.964|-0.0100098|-0.2030334|-0.88797
1468517149.985|-0.0067596|-0.2028046|-0.8983612
1468517150.006|-0.0167084|-0.1885529|-0.9134216
1468517150.027|-0.025528|-0.1820526|-0.9259338
1468517150.047|-0.0208893|-0.1883087|-0.9429779
1468517150.068|-0.0063629|-0.2028503|-0.9889069
1468517150.089|-0.0363464|-0.2006683|-0.9513855
1468517150.11|-0.0648651|-0.2030334|-0.929718
1468517150.131|-0.08815|-0.2153931|-0.9977264
1468517150.152|-0.0650024|-0.217514|-0.9659729
1468517150.174|-0.0868988|-0.2307434|-0.920517
1468517150.195|-0.0635376|-0.2486725|-0.9007111
1468517150.216|-0.0489807|-0.2649841|-0.8754883
1468517150.258|-0.0118561|-0.2719574|-0.9432831
1468517150.279|-0.0382233|-0.2644806|-1.0222778
1468517150.3|0.0071564|-0.2767792|-1.0747375
1468517150.321|0.0171661|-0.2525635|-1.0577545
1468517150.341|0.038559|-0.2852783|-1.0536804
1468517150.362|0.0223389|-0.3044434|-0.9985046
1468517150.383|-0.0100555|-0.2877197|-0.9769745
1468517150.404|-0.0141602|-0.289978|-0.9377594
1468517150.425|-0.0211792|-0.2983551|-0.9165497
1468517150.446|-0.0102386|-0.2966461|-0.9221802
1468517150.468|-0.013443|-0.2848663|-0.9533234
1468517150.489|0.0138245|-0.2835541|-1.0000305
1468517150.509|0.009613|-0.264801|-0.9803162
1468517150.53|0.0255127|-0.2655029|-0.9589996
1468517150.551|0.0184326|-0.2611389|-0.9377289
1468517150.572|0.0150757|-0.2580872|-0.95401
1468517150.593|0.0498657|-0.2512817|-0.9798737
1468517150.614|0.0283203|-0.2311859|-0.9559174
1468517150.635|0.0145721|-0.230484|-0.9372711
1468517150.656|0.0106964|-0.2228241|-0.9655914
1468517150.677|0.0097504|-0.2264557|-0.9559479
1468517150.698|0.0207672|-0.222168|-0.9476013
1468517150.718|0.0476532|-0.2228699|-0.9295807
1468517150.739|0.0717773|-0.2255249|-0.9333038
1468517150.761|0.0908966|-0.2234192|-0.9594727
1468517150.781|0.1053619|-0.2106476|-0.985611
1468517150.802|0.1217346|-0.1988831|-1.0022583
1468517150.823|0.1033325|-0.1828766|-0.9981842
1468517150.844|0.062439|-0.16185|-1.0255585
1468517150.865|0.02005|-0.1337433|-1.0708771
1468517150.886|-0.0015411|-0.1143341|-1.105072
1468517150.907|-0.0477448|-0.0983124|-1.1216431
1468517150.928|-0.090332|-0.0939026|-1.0938263
1468517150.949|-0.1060638|-0.0927124|-0.9716187
1468517150.97|-0.0838165|-0.1109009|-0.895813
1468517150.992|-0.0294189|-0.1291199|-0.8608093
1468517151.013|0.0294647|-0.1510315|-0.8331299
1468517151.033|0.0975342|-0.1801605|-0.8404999
1468517151.054|0.1467133|-0.1899261|-0.8860626
1468517151.075|0.1946411|-0.1962433|-0.9415436
1468517151.096|0.2254639|-0.1995392|-0.9944458
1468517151.117|0.2185364|-0.1875|-1.0137634
1468517151.138|0.2185211|-0.1722717|-1.026886
1468517151.159|0.2103119|-0.1533356|-1.0308075
1468517151.18|0.2007141|-0.1470947|-1.0322113
1468517151.201|0.1835785|-0.1549072|-1.0268707
1468517151.222|0.1663971|-0.1658173|-1.0319519
1468517151.243|0.1513977|-0.1712952|-1.025177
1468517151.264|0.1390076|-0.1840363|-1.0170135
1468517151.285|0.1148376|-0.1885376|-1.0220795
1468517151.306|0.1196747|-0.1994781|-1.0188446
1468517151.327|0.1282043|-0.2138977|-1.0087433
1468517151.348|0.1259003|-0.2245941|-1.0242004
1468517151.368|0.1039581|-0.2261658|-1.0467072
1468517151.389|0.0786133|-0.2194519|-1.0249786
1468517151.41|0.0499268|-0.2244415|-1.0080719
1468517151.431|0.0277863|-0.2194672|-0.9868011
1468517151.452|-0.0003052|-0.2140656|-0.9861298
1468517151.474|-0.0133057|-0.2089691|-0.9839935
1468517151.494|-0.019043|-0.2033234|-0.9818573
1468517151.515|-0.0117188|-0.2006989|-0.9602966
1468517151.536|-0.0074158|-0.1939087|-0.9420319
1468517151.557|0.0238037|-0.2061005|-0.9505615
1468517151.577|0.0581207|-0.2240448|-0.9309692
1468517151.598|0.0785828|-0.2330322|-0.9092407
1468517151.62|0.0923462|-0.2351379|-0.8860474
1468517151.641|0.1160126|-0.2488556|-0.8900909
1468517151.662|0.1379395|-0.2602234|-0.927002
1468517151.683|0.1362457|-0.2693024|-0.9322662
1468517151.704|0.1297455|-0.2811737|-0.936142
1468517151.725|0.110611|-0.28508|-0.931015
1468517151.746|0.1056519|-0.2863312|-0.9494781
1468517151.767|0.1000061|-0.2973938|-0.9715576
1468517151.788|0.0958099|-0.302063|-0.9822388
1468517151.809|0.0671539|-0.3038635|-0.9806824
1468517151.83|0.0592041|-0.317627|-0.9791412
1468517151.851|0.0435486|-0.3124237|-0.9841003
1468517151.872|0.0239105|-0.3050537|-0.9784241
1468517151.893|0.0144043|-0.3048401|-0.9782104
1468517151.914|0.0074615|-0.3067627|-0.9484558
1468517151.935|0.01474|-0.3002472|-0.9377441
1468517151.956|0.0156097|-0.2971497|-0.9358368
1468517151.977|0.0032349|-0.2954102|-0.9391479
1468517151.998|0.0041504|-0.2925262|-0.943161
1468517152.019|-0.0023499|-0.291626|-0.9509888
1468517152.04|-0.009552|-0.2962799|-0.9510345
1468517152.061|-0.0144043|-0.3010406|-0.9373627
1468517152.082|-0.0234985|-0.2920532|-0.915802
1468517152.106|-0.0124817|-0.290451|-0.9008636
1468517152.125|0.0127563|-0.2952728|-0.9147949
1468517152.146|0.0402832|-0.304245|-0.9273071
1468517152.167|0.0608521|-0.3006744|-0.9617462
1468517152.189|0.0666504|-0.3001709|-0.990097
1468517152.209|0.069809|-0.3009949|-0.985611
1468517152.229|0.0645447|-0.3039093|-0.9565735
1468517152.25|0.0463867|-0.3071442|-0.9521179
1468517152.272|0.0298767|-0.3079376|-0.9562073
1468517152.292|0.0179901|-0.2968445|-0.9613647
1468517152.313|0.0033264|-0.2909546|-0.9653625
1468517152.335|-0.0088806|-0.2875366|-0.970108
1468517152.356|-0.0276794|-0.2854462|-0.9658966
1468517152.376|-0.0386505|-0.2758789|-0.9578247
1468517152.398|-0.0541382|-0.2618866|-0.9457092
1468517152.419|-0.0514374|-0.243927|-0.9424896
1468517152.44|-0.0530243|-0.2279968|-0.944046
1468517152.461|-0.0553894|-0.2170715|-0.9532013
1468517152.482|-0.0585785|-0.2172699|-0.9484711
1468517152.503|-0.0315399|-0.2535095|-0.938736
1468517152.524|-0.0433044|-0.262207|-0.9302979
1468517152.545|-0.0487671|-0.2776947|-0.9316101
1468517152.566|-0.048172|-0.2889709|-0.9456329
1468517152.587|-0.0449371|-0.3072205|-0.9649048
1468517152.608|-0.0400696|-0.3122559|-0.9819489
1468517152.629|-0.0287476|-0.3038025|-0.994873
1468517152.65|-0.0253754|-0.3004761|-1.0026398
1468517152.671|-0.0296478|-0.3007812|-1.0156403
1468517152.692|-0.0200806|-0.3050995|-1.0135193
1468517152.713|-0.0278625|-0.2940979|-1.0146484
1468517152.734|-0.0400391|-0.2943268|-1.0111389
1468517152.755|-0.0643616|-0.2907104|-0.9539795
1468517152.776|-0.0843048|-0.2897186|-0.9199829
1468517152.797|-0.0870819|-0.2869568|-0.8821259
1468517152.818|-0.0768127|-0.301651|-0.8748779
1468517152.839|-0.0620728|-0.3095245|-0.9042053
1468517152.86|-0.044342|-0.3047943|-0.9206848
1468517152.882|-0.0299072|-0.3132324|-0.9367676
1468517152.903|-0.0162811|-0.3166656|-0.9294281
1468517152.924|-0.0092773|-0.3201294|-0.9440918
1468517152.945|0.0023193|-0.3251343|-0.9542542
1468517152.966|0.0100555|-0.3330231|-0.9523926
1468517152.986|0.0061035|-0.3361359|-0.9368286
1468517153.007|-0.0161133|-0.3387146|-0.9477844
1468517153.028|-0.025238|-0.3406219|-0.9586945
1468517153.049|-0.018631|-0.3677063|-0.9099426
1468517153.07|-0.032959|-0.3738251|-0.9234924
1468517153.091|-0.0502167|-0.3658447|-0.9523163
1468517153.114|-0.0622406|-0.3560486|-0.9312439
1468517153.133|-0.0783997|-0.3582001|-0.9093018
1468517153.155|-0.0712585|-0.3622131|-0.909317
1468517153.175|-0.0731964|-0.369812|-0.9216614
1468517153.197|-0.0580902|-0.3565979|-0.9361877
1468517153.217|-0.048172|-0.3495331|-0.9521942
1468517153.238|-0.04776|-0.3491211|-0.9403839
1468517153.259|-0.0535126|-0.3561859|-0.89505
1468517153.28|-0.0504303|-0.3716125|-0.9017639
1468517153.301|-0.0424194|-0.3878326|-0.9165192
1468517153.322|-0.0361633|-0.3723755|-0.9577637
1468517153.343|-0.0660706|-0.3673096|-0.9724579
1468517153.364|-0.0464478|-0.3802185|-1.0249786
1468517153.386|-0.030777|-0.3726807|-1.0657806
1468517153.407|-0.0421753|-0.343399|-1.0987244
1468517153.427|-0.0535126|-0.3043518|-1.0651398
1468517153.448|-0.069046|-0.2966766|-0.9934845
1468517153.469|-0.0808563|-0.276062|-0.9697418
1468517153.49|-0.068222|-0.250885|-0.9158783
1468517153.512|-0.0696564|-0.2256012|-0.8684235
1468517153.533|-0.0298615|-0.2246094|-0.8579102
1468517153.575|0.0346069|-0.2471161|-1.0678253
1468517153.596|0.0032959|-0.1926575|-1.0476837
1468517153.617|-0.0304108|-0.1842194|-0.9493561
1468517153.641|0.0043335|-0.2154846|-0.9138031
1468517153.659|0.0183258|-0.2433777|-0.8770599
1468517153.68|-0.004715|-0.2062683|-0.9357452
1468517153.701|-0.0006409|-0.2153473|-0.9651031
1468517153.722|0.025589|-0.2355804|-0.9320679
1468517153.742|0.0246887|-0.2443237|-0.9144135
1468517153.764|0.0170746|-0.2481537|-0.9253387
1468517153.785|0.0190887|-0.2442627|-0.9477386
1468517153.806|0.028656|-0.2540283|-0.9608002
1468517153.827|0.0180664|-0.2571259|-0.9660492
1468517153.848|-0.0070953|-0.2591553|-0.9758301
1468517153.869|-0.0109558|-0.2597961|-0.9770203
1468517153.89|-0.0270233|-0.2626343|-0.9645538
1468517153.911|-0.0231323|-0.2678528|-0.9470673
1468517153.933|-0.0098419|-0.2783203|-0.9350586
1468517153.954|-0.0114441|-0.2846375|-0.9618225
1468517153.975|-0.0028687|-0.2852783|-0.9705505
1468517153.996|0.0082245|-0.2865601|-0.9535065
1468517154.017|0.0133057|-0.2989044|-0.9100952
1468517154.038|0.005661|-0.296814|-0.8663635
1468517154.059|0.0129395|-0.287674|-0.8929901
1468517154.08|0.0252228|-0.2854919|-0.954895
1468517154.101|0.01651|-0.2749939|-0.9962006
1468517154.121|-0.0001678|-0.2629242|-0.9760742
1468517154.144|0.0048065|-0.2563782|-0.9136047
1468517154.268|0.004715|-0.2889862|-0.9320068
1468517154.311|0.039917|-0.2948456|-0.9745331
1468517154.352|0.0374603|-0.2888641|-0.9572296
1468517154.395|0.0409088|-0.2904663|-0.9898682
1468517154.437|0.0071564|-0.3015747|-0.9252472
1468517154.481|-0.0210876|-0.2784882|-0.9949036
1468517154.523|-0.0473785|-0.2523346|-1.0068665
1468517154.584|-0.0329895|-0.2579498|-0.9602814
1468517154.605|-0.0291138|-0.2606659|-0.9153595
1468517154.626|-0.0263214|-0.253891|-0.8852997
1468517154.648|-0.0057983|-0.2628632|-0.870163
1468517154.669|-0.0158234|-0.2664795|-0.9187012
1468517154.69|-0.0210419|-0.2563171|-1.0049133
1468517154.711|-0.052536|-0.2444305|-1.0261841
1468517154.732|-0.0702209|-0.2453918|-0.996933
1468517154.753|-0.0870514|-0.2494659|-0.9743042
1468517154.774|-0.0989685|-0.2488861|-0.9424286
1468517154.795|-0.0926361|-0.2543945|-0.9256592
1468517154.816|-0.0965881|-0.2425385|-0.9222717
1468517154.837|-0.0921478|-0.2460022|-0.9199066
1468517154.858|-0.087616|-0.2496796|-0.9289246
1468517154.879|-0.0871429|-0.2460022|-0.9407043
1468517154.9|-0.0778809|-0.2472839|-0.9726257
1468517154.921|-0.0640259|-0.2549896|-0.9782867
1468517154.942|-0.0643311|-0.2500763|-0.9520111
1468517154.963|-0.0516205|-0.25|-0.9300079
1468517154.985|-0.0425415|-0.2542877|-0.9295349
1468517155.005|-0.0327301|-0.2568817|-0.9335632
1468517155.026|-0.0383453|-0.2545929|-0.9363861
1468517155.047|-0.0306244|-0.259491|-0.946579
1468517155.068|-0.0265045|-0.2554626|-0.9555206
1468517155.09|-0.0245667|-0.254776|-0.9604797
1468517155.111|-0.0223694|-0.2639313|-0.9638519
1468517155.132|-0.0297546|-0.2616272|-0.9600525
1468517155.153|-0.0331573|-0.2647247|-0.9487457
1468517155.174|-0.0366211|-0.2667389|-0.9671936
1468517155.195|-0.0229645|-0.2652893|-0.9799194
1468517155.216|-0.0163879|-0.2703094|-0.9648132
1468517155.237|-0.0192108|-0.270874|-0.9395447
1468517155.258|-0.0150909|-0.273468|-0.9669495
1468517155.279|-0.0135956|-0.2718506|-1.0095062
1468517155.3|0.0024567|-0.2781372|-1.0248718
1468517155.321|-0.0007019|-0.2856445|-0.9991608
1468517155.342|-0.0007935|-0.2893524|-0.9760284
1468517155.364|-0.0159149|-0.2875977|-0.9729767
1468517155.404|-0.0506897|-0.2826691|-0.987442
1468517155.425|-0.0583496|-0.2789307|-0.9836578
1468517155.446|-0.0635834|-0.2725525|-0.9833832
1468517155.467|-0.0675659|-0.2632294|-1.0015411
1468517155.488|-0.0683899|-0.2679749|-1.007019
1468517155.51|-0.0654449|-0.2630463|-0.996582
1468517155.531|-0.0605011|-0.2643433|-1.0010376
1468517155.552|-0.0491028|-0.274231|-0.9980316
1468517155.573|-0.0547485|-0.2687073|-0.9741058
1468517155.594|-0.049881|-0.2727051|-0.9651489
1468517155.615|-0.0530548|-0.2723999|-0.9620819
1468517155.636|-0.0459442|-0.2663422|-0.9572906
1468517155.657|-0.0354614|-0.2697449|-0.9492493
1468517155.678|-0.030777|-0.2705383|-0.9553986
1468517155.699|-0.023941|-0.2718811|-0.9565582
1468517155.72|-0.0230103|-0.2685089|-0.9615173
1468517155.741|-0.0304108|-0.269455|-0.9778442
1468517155.762|-0.0273895|-0.2704163|-0.990387
1468517155.783|-0.0436707|-0.2793427|-0.9625854
1468517155.804|-0.0626831|-0.2801056|-0.9162903
1468517155.824|-0.0762634|-0.2839355|-0.9104309
1468517155.845|-0.0938568|-0.280014|-0.9416656
1468517155.866|-0.1083069|-0.2780609|-0.9355469
1468517155.887|-0.1074219|-0.2747803|-0.9676666
1468517155.908|-0.1109924|-0.26828|-0.9988403
1468517155.93|-0.103714|-0.2706757|-0.990097
1468517155.951|-0.0822449|-0.2739563|-0.954361
1468517155.971|-0.0593262|-0.2807922|-0.9411011
1468517155.993|-0.0352325|-0.2825317|-0.9382172
1468517156.014|-0.0192108|-0.2753143|-0.9620209
1468517156.035|-0.0053406|-0.2692719|-0.9836884
1468517156.056|-0.0035095|-0.2662201|-0.9763336
1468517156.077|-0.0033722|-0.2574921|-0.9914093
1468517156.098|0.0076294|-0.254776|-1.0083771
1468517156.119|0.0060883|-0.2518463|-1.0059967
1468517156.14|0.0043182|-0.2599335|-0.9703674
1468517156.161|0.0029755|-0.2651367|-0.9325867
1468517156.182|0.0088806|-0.2631683|-0.9186096
1468517156.203|0.0076141|-0.2723999|-0.9458618
1468517156.223|0.0166168|-0.2703705|-0.9580994
1468517156.245|0.0133057|-0.2640381|-0.9580536
1468517156.265|-0.0006866|-0.2678375|-0.958374
1468517156.287|-0.0234985|-0.2579193|-0.961441
1468517156.308|-0.03862|-0.2566223|-0.9588776
1468517156.329|-0.0566101|-0.2542572|-0.9681091
1468517156.35|-0.0608215|-0.2483521|-0.975174
1468517156.371|-0.0582733|-0.2465363|-0.9628754
1468517156.39|-0.0534515|-0.2508392|-0.9441986
1468517156.412|-0.0493011|-0.2550812|-0.9321594
1468517156.433|-0.0416107|-0.2600403|-0.9378662
1468517156.454|-0.040802|-0.2626953|-0.9388275
1468517156.475|-0.0393066|-0.2653809|-0.9376526
1468517156.496|-0.0400238|-0.2734985|-0.944809
1468517156.517|-0.0477295|-0.2663422|-0.9473724
1468517156.539|-0.0557098|-0.2651672|-0.9551697
1468517156.56|-0.0531311|-0.2621002|-0.9532623
1468517156.581|-0.0617828|-0.2635651|-0.959198
1468517156.602|-0.0644989|-0.2579041|-0.9726562
1468517156.623|-0.0606537|-0.2646942|-0.9802399
1468517156.644|-0.0552979|-0.2679901|-0.9698639
1468517156.665|-0.0342407|-0.2756805|-0.9660645
1468517156.686|-0.0199432|-0.2790527|-0.9811859
1468517156.707|-0.0151672|-0.2763062|-0.9773712
1468517156.728|-0.0064087|-0.2663879|-0.9777832
1468517156.749|0.0053711|-0.2741699|-0.9664459
1468517156.77|0.0136108|-0.2632751|-0.9679871
1468517156.791|0.0082397|-0.2600098|-0.9738922
1468517156.812|0.0121002|-0.2583923|-0.973877
1468517156.833|0.0123596|-0.2524414|-0.9631958
1468517156.854|0.0139008|-0.2486572|-0.9560699
1468517156.875|0.0080566|-0.2502899|-0.9438019
1468517156.896|0.0122375|-0.2542419|-0.9393463
1468517156.917|0.008255|-0.2599182|-0.9412689
1468517156.938|0.0171204|-0.2619934|-0.9544983
1468517156.959|0.0184174|-0.2661743|-0.9864502
1468517156.981|0.0251617|-0.2681732|-1.0029907
1468517157.002|0.0164948|-0.2745056|-0.9957275
1468517157.023|0.0150146|-0.2810974|-0.9711914
1468517157.044|0.0171356|-0.2947083|-0.9495239
1468517157.065|0.0115662|-0.2999573|-0.9342041
1468517157.086|0.0047607|-0.3034821|-0.9219666
1468517157.107|-0.0179901|-0.305069|-0.9317169
1468517157.128|-0.0236053|-0.3094635|-0.9457092
1468517157.149|-0.0314026|-0.305603|-0.9589539
1468517157.169|-0.0469208|-0.3023224|-0.9736176
1468517157.19|-0.0622864|-0.2987976|-0.978363
1468517157.211|-0.0668945|-0.3038483|-0.9620972
1468517157.232|-0.0701599|-0.3006592|-0.9599609
1468517157.253|-0.0587006|-0.2999115|-0.9665375
1468517157.274|-0.0444641|-0.3042908|-0.9710388
1468517157.295|-0.0364685|-0.3079376|-0.9554138
1468517157.316|-0.0234528|-0.3082886|-0.9402466
1468517157.337|-0.0068207|-0.3199158|-0.9506989
1468517157.358|-0.0066528|-0.3153229|-0.9537506
1468517157.379|-0.0077515|-0.3139496|-0.9398041
1468517157.399|-0.0030365|-0.3173981|-0.941452
1468517157.421|-0.0092773|-0.3191376|-0.948822
1468517157.442|-0.0110016|-0.3176422|-0.9497375
1468517157.463|-0.0011902|-0.3151245|-0.97052
1468517157.484|0.0062714|-0.3126526|-0.9660034
1468517157.505|0.0154572|-0.3148346|-0.9558105
1468517157.526|0.0130615|-0.3199158|-0.9407349
1468517157.547|0.0135803|-0.3218689|-0.9398041
1468517157.568|0.0125885|-0.3218536|-0.9364929
1468517157.589|0.0080109|-0.3192596|-0.9506531
1468517157.61|0.0045624|-0.3092041|-0.9801636
1468517157.631|0.0060883|-0.2985992|-0.9874115
1468517157.653|0.0120239|-0.2907715|-0.9941864
1468517157.673|0.0108185|-0.2848511|-1.016861
1468517157.694|0.0142975|-0.2784424|-1.015625
1468517157.715|0.0203857|-0.2868958|-0.9891663
1468517157.736|0.0163574|-0.2762451|-0.9366455
1468517157.757|0.0063782|-0.2696075|-0.9203186
1468517157.778|0.0018005|-0.2640839|-0.9431915
1468517157.799|-0.0150757|-0.2599487|-0.9770355
1468517157.82|-0.0337524|-0.2503662|-0.9822235
1468517157.841|-0.0485992|-0.2419281|-0.9696655
1468517157.862|-0.0499268|-0.2370758|-0.9719849
1468517157.883|-0.0462189|-0.2371063|-0.9814606
1468517157.904|-0.044693|-0.2340851|-0.9665375
1468517157.924|-0.0224762|-0.2386169|-0.9277191
1468517157.945|-0.0267181|-0.2429962|-0.8996429
1468517157.966|-0.020813|-0.2482147|-0.8935089
1468517157.987|-0.0178528|-0.2462921|-0.905777
1468517158.008|-0.0056763|-0.2571411|-0.9079437
1468517158.029|-0.0122223|-0.2586975|-0.9037323
1468517158.05|-0.0098877|-0.2699432|-0.9217682
1468517158.071|-0.0270081|-0.2704468|-0.9388428
1468517158.093|-0.032074|-0.2693329|-0.9480591
1468517158.112|-0.0413971|-0.2702179|-0.9691315
1468517158.134|-0.0405884|-0.2653046|-0.9950867
1468517158.153|-0.0362091|-0.2693787|-1.0163879
1468517158.175|-0.0228882|-0.2827454|-0.9980164
1468517158.196|-0.0159302|-0.2949371|-0.9467773
1468517158.217|-0.0121613|-0.3005829|-0.9446869
1468517158.238|-0.0129089|-0.302597|-0.9709473
1468517158.259|-0.0173492|-0.3072662|-0.9825592
1468517158.28|-0.0216522|-0.3129578|-0.9717255
1468517158.301|-0.0253448|-0.3148804|-0.9606476
1468517158.322|-0.0306396|-0.3130341|-0.971283
1468517158.343|-0.0237885|-0.3067017|-0.9650879
1468517158.364|-0.0170746|-0.3059235|-0.956543
1468517158.385|-0.0048218|-0.3050842|-0.9411316
1468517158.405|-0.0062866|-0.3016357|-0.9482117
1468517158.428|0.0020142|-0.3013153|-0.9548035
1468517158.448|0.0001221|-0.291153|-0.9606781
1468517158.469|0.0162659|-0.2963257|-0.9597168
1468517158.489|0.0383148|-0.3080139|-0.9803009
1468517158.511|0.043335|-0.3098907|-0.9620819
1468517158.531|0.0258179|-0.2988739|-0.9259186
1468517158.553|0.0170135|-0.2906647|-0.8445435
1468517158.573|0.0660553|-0.2779388|-0.9119263
1468517158.595|0.0504303|-0.3313293|-1.0350494
1468517158.615|0.0084076|-0.294632|-1.0211639
1468517158.639|-0.0256653|-0.257843|-0.9645233
1468517158.657|-0.039444|-0.2782593|-0.9093781
1468517158.678|-0.0021973|-0.2990265|-0.916275
1468517158.699|-0.0045319|-0.2954559|-0.9403534
1468517158.72|-0.0140228|-0.2874451|-0.9630432
1468517158.741|-0.0088196|-0.2960663|-0.9514923
1468517158.763|-0.0024719|-0.3005676|-0.940155
1468517158.783|0.0014038|-0.3006744|-0.9389801
1468517158.804|0.0066528|-0.3001862|-0.9600067
1468517158.826|0.0051727|-0.2906342|-0.9906616
1468517158.846|-0.0100708|-0.2855225|-0.9821472
1468517158.868|-0.0266724|-0.289856|-0.9564667
1468517158.889|-0.056366|-0.2933655|-0.9411774
1468517158.91|-0.0734253|-0.2947388|-0.9301453
1468517158.931|-0.0675507|-0.3039246|-0.9408264
1468517158.952|-0.0688477|-0.3126068|-0.9342651
1468517158.973|-0.049469|-0.3157806|-0.9129639
1468517158.994|-0.036377|-0.3114471|-0.9221191
1468517159.015|-0.0211945|-0.3038788|-0.9641113
1468517159.036|0.0010223|-0.2776794|-1.0645905
1468517159.057|0.0109711|-0.2602997|-1.1188202
1468517159.078|0.0021515|-0.2473755|-1.1142426
1468517159.099|0.004776|-0.2478027|-1.0397949
1468517159.12|-0.0099335|-0.234787|-0.9305115
1468517159.142|-0.0253448|-0.2366486|-0.8757019
1468517159.162|-0.0370483|-0.230484|-0.8539581
1468517159.204|-0.0413818|-0.2044373|-0.9457397
1468517159.225|0.0227509|-0.2533264|-1.0218048
1468517159.246|0.0258484|-0.2303925|-1.0554352
1468517159.267|0.0370178|-0.2161713|-1.0643158
1468517159.288|0.0246277|-0.2034607|-1.0042114
1468517159.309|0.0328522|-0.2315979|-0.9412537
1468517159.33|0.0311432|-0.2182312|-0.9170532
1468517159.35|0.0309143|-0.2213898|-0.9092712
1468517159.372|0.0406189|-0.2268219|-0.9225159
1468517159.393|0.0426636|-0.2304688|-0.9234924
1468517159.414|0.0475922|-0.2290649|-0.9364624
1468517159.435|0.0554962|-0.2303619|-0.9523163
1468517159.456|0.0550385|-0.2389984|-0.9613495
1468517159.477|0.0634155|-0.2506561|-0.9718018
1468517159.498|0.0704956|-0.2577057|-0.9876709
1468517159.519|0.05867|-0.2558594|-0.9692383
1468517159.54|0.0432281|-0.2516785|-0.9652405
1468517159.561|0.0536346|-0.2593384|-0.9695282
1468517159.582|0.0662231|-0.259903|-0.9595795
1468517159.624|0.0964661|-0.2559814|-0.9190369
1468517159.645|0.1015625|-0.2644653|-1.0245361
1468517159.666|0.125412|-0.2911072|-1.0447388
1468517159.688|0.0896149|-0.2230072|-0.9888
1468517159.708|0.0762024|-0.2393799|-0.9286804
1468517159.729|0.1080322|-0.258667|-0.9634857
1468517159.75|0.0991974|-0.2487183|-0.9882507
1468517159.772|0.0909271|-0.238266|-1.018219
1468517159.793|0.0860291|-0.2268829|-1.0186157
1468517159.814|0.0908051|-0.2319183|-0.9898071
1468517159.835|0.0958099|-0.2387238|-0.9510651
1468517159.856|0.0997009|-0.2395477|-0.9498749
1468517159.877|0.1003113|-0.2293701|-0.9665985
1468517159.898|0.118927|-0.2314148|-0.9793396
1468517159.919|0.122757|-0.2290955|-0.9790802
1468517159.941|0.1220551|-0.233429|-0.9694061
1468517159.961|0.1165924|-0.2339172|-0.9493256
1468517159.982|0.0967255|-0.2317047|-0.9647217
1468517160.007|0.0899048|-0.2353516|-1.0214996
1468517160.024|0.0672302|-0.2361145|-1.0088043
1468517160.045|0.0473022|-0.2329102|-0.9854431
1468517160.066|0.0287323|-0.2301025|-0.9823914
1468517160.087|0.0369873|-0.2273712|-0.989212
1468517160.108|0.0532227|-0.2306976|-0.973114
1468517160.129|0.077652|-0.2300415|-0.9236145
1468517160.151|0.0830994|-0.2313232|-0.930481
1468517160.171|0.0889435|-0.2265472|-0.950058
1468517160.192|0.0856171|-0.2264099|-0.9618988
1468517160.214|0.0719757|-0.2232056|-0.9685211
1468517160.235|0.068161|-0.2230682|-0.9779968
1468517160.256|0.048233|-0.2272797|-0.9629364
1468517160.277|0.0129395|-0.2265625|-0.9958801
1468517160.298|0.002655|-0.2382812|-1.0125427
1468517160.319|-0.0135956|-0.2493896|-0.9805145
1468517160.34|-0.0176239|-0.2508392|-0.9568787
1468517160.36|-0.0219574|-0.2625427|-0.9574432
1468517160.381|-0.0088348|-0.266571|-0.9799042
1468517160.402|-0.0017242|-0.271637|-1.0052032
1468517160.423|0.0099487|-0.2711639|-1.0077972
1468517160.444|0.014389|-0.2718658|-0.9815369
1468517160.465|0.033432|-0.2763367|-0.9441528
1468517160.486|0.0473633|-0.2757874|-0.9254456
1468517160.507|0.0657043|-0.2766266|-0.9355621
1468517160.529|0.0641479|-0.2614899|-0.9692841
1468517160.55|0.0570526|-0.2669983|-0.9449768
1468517160.571|0.0400391|-0.2648163|-0.9204254
1468517160.592|0.0215302|-0.2585602|-0.9360352
1468517160.613|0.0080414|-0.2520752|-0.9736176
1468517160.634|0.0056305|-0.2527924|-1.0069427
1468517160.654|0.0066681|-0.2502441|-0.9908447
1468517160.674|0.0030365|-0.2515564|-0.9558868
1468517160.695|0.0353241|-0.2601318|-0.9225311
1468517160.716|0.0555725|-0.2644653|-0.9158936
1468517160.737|0.0661316|-0.2663116|-0.9274597
1468517160.759|0.0713043|-0.2634735|-0.9432526
1468517160.779|0.0668335|-0.2608032|-0.975647
1468517160.801|0.0514374|-0.2610779|-0.9960327
1468517160.822|0.0234375|-0.2646332|-0.9812164
1468517160.843|-0.0044098|-0.2699738|-0.9418488
1468517160.864|-0.0163116|-0.2714081|-0.9383392
1468517160.885|-0.0206451|-0.2700653|-0.9480286
1468517160.906|-0.0250397|-0.2663422|-0.9546356
1468517160.927|-0.0236511|-0.2676239|-0.9418793
1468517160.948|-0.0087891|-0.2698822|-0.9404449
1468517160.969|-0.0049286|-0.2631531|-0.9580994
1468517160.99|0.0183258|-0.2642822|-0.9786377
1468517161.011|0.0415802|-0.2713013|-0.9797974
1468517161.032|0.052475|-0.2703552|-0.9771576
1468517161.053|0.0532227|-0.2686462|-0.9844818
1468517161.074|0.0408173|-0.2693481|-0.9819031
1468517161.095|0.0326385|-0.259964|-0.9901428
1468517161.116|0.0380249|-0.2632599|-0.9837799
1468517161.137|0.0343323|-0.2611694|-0.9494934
1468517161.158|0.0423737|-0.2679749|-0.9296722
1468517161.179|0.0353088|-0.2653503|-0.9362793
1468517161.2|0.0200806|-0.2706451|-0.9654236
1468517161.22|0.0042267|-0.2706299|-0.9905243
1468517161.241|0.0070801|-0.2753906|-0.9654846
1468517161.262|-0.0027771|-0.2771606|-0.9080811
1468517161.285|-0.0116577|-0.2781219|-0.920166
1468517161.304|-0.015686|-0.2747803|-0.9433136
1468517161.325|-0.0191498|-0.2784576|-0.9606323
1468517161.347|-0.0261688|-0.2816925|-0.9538269
1468517161.367|-0.0383453|-0.2767944|-0.966095
1468517161.389|-0.0391235|-0.2737122|-1.0031891
1468517161.409|-0.0465698|-0.2769165|-1.0056
1468517161.43|-0.0594025|-0.2782135|-0.97229
1468517161.451|-0.0614624|-0.2836304|-0.9409027
1468517161.473|-0.0575409|-0.2910309|-0.9210968
1468517161.493|-0.0390015|-0.3061523|-0.9140472
1468517161.513|-0.0136108|-0.3066559|-0.9274597
1468517161.534|0.0080719|-0.3063812|-0.9337921
1468517161.555|0.0297089|-0.3135071|-0.9479675
1468517161.576|0.0392761|-0.3198547|-0.9730682
1468517161.597|0.0289154|-0.3212738|-0.9825439
1468517161.619|0.0188141|-0.3066254|-0.9763184
1468517161.64|0.0017853|-0.3069916|-0.97258
1468517161.661|-0.002533|-0.3036194|-0.958374
1468517161.682|-0.0148926|-0.293869|-0.9266815
1468517161.704|-0.0129852|-0.2956543|-0.9146423
1468517161.724|-0.0151215|-0.2953339|-0.9200439
1468517161.745|-0.0142517|-0.299408|-0.9286041
1468517161.766|-0.015976|-0.2964478|-0.936615
1468517161.787|-0.0177612|-0.3019257|-0.9406738
1468517161.809|-0.0252533|-0.3065948|-0.9315186
1468517161.829|-0.0352325|-0.3172302|-0.9275818
1468517161.851|-0.0350342|-0.3197937|-0.9460602
1468517161.872|-0.0342255|-0.3163147|-0.9689484
1468517161.893|-0.0332184|-0.317276|-0.9732361
1468517161.914|-0.0340271|-0.3276672|-0.9593506
1468517161.935|-0.0478821|-0.3295593|-0.9534607
1468517161.956|-0.0410461|-0.3309174|-0.9563141
1468517161.976|-0.0323792|-0.3335266|-1.0009918
1468517161.997|-0.0109406|-0.335495|-1.0361938
1468517162.018|-0.0095825|-0.3331451|-1.0325928
1468517162.039|-0.0186462|-0.3119049|-1.055191
1468517162.06|-0.0227814|-0.2909393|-1.092865
1468517162.081|-0.0209656|-0.2729187|-1.097229
1468517162.103|-0.0328979|-0.256424|-0.9775238
1468517162.124|-0.0237274|-0.2476501|-0.89328
1468517162.145|-0.0098877|-0.2489624|-0.8892365
1468517162.166|0.0149384|-0.2498169|-0.9246521
1468517162.187|0.0523682|-0.2497253|-0.9611969
1468517162.208|0.072937|-0.2335815|-0.9664459
1468517162.229|0.1006927|-0.2339172|-0.9727783
1468517162.249|0.1326447|-0.2341003|-0.9852448
1468517162.27|0.1423798|-0.2224884|-0.989624
1468517162.291|0.1321564|-0.2158203|-0.9768372
1468517162.312|0.1138458|-0.2136993|-0.936676
1468517162.333|0.0940704|-0.2088318|-0.9078522
1468517162.354|0.0786133|-0.2111206|-0.9126282
1468517162.375|0.0657806|-0.2073669|-0.9355621
1468517162.396|0.0662079|-0.2157898|-0.9332581
1468517162.417|0.0624542|-0.2138367|-0.9230957
1468517162.459|0.0646973|-0.2246704|-0.9300079
1468517162.501|0.0544739|-0.2451935|-0.9646912
1468517162.543|0.0390778|-0.2617035|-0.9650726
1468517162.585|0.0193329|-0.2713776|-0.9595337
1468517162.628|-0.0041809|-0.2887878|-0.9781494
1468517162.67|-0.0157776|-0.3045502|-0.9038239
1468517162.69|-0.0052643|-0.3055573|-0.9413757
1468517162.711|0.0013123|-0.3001251|-0.9978333
1468517162.732|0.0099182|-0.2958679|-1.0230865
1468517162.753|0.0173798|-0.2958069|-1.0166779
1468517162.774|0.023407|-0.2863922|-1.0050049
1468517162.795|0.0184326|-0.2836456|-0.9998169
1468517162.816|-0.0033112|-0.2769165|-1.0026398
1468517162.837|-0.0050049|-0.2856598|-0.9764709
1468517162.858|-0.0211945|-0.2765198|-0.9509277
1468517162.879|-0.0294037|-0.2775421|-0.9554443
1468517162.9|-0.0299988|-0.2769318|-0.9769592
1468517162.921|-0.0299072|-0.2802887|-0.9793243
1468517162.942|-0.021347|-0.2907257|-0.9505463
1468517162.964|-0.0104218|-0.2934418|-0.9394226
1468517162.985|0.0011597|-0.2989655|-0.9420319
1468517163.005|0.0046387|-0.3031464|-0.939209
1468517163.026|0.0231934|-0.3022461|-0.9575958
1468517163.048|0.0381012|-0.3092194|-0.979126
1468517163.069|0.0514374|-0.3090515|-0.9753113
1468517163.09|0.0556488|-0.2993011|-1.0184937
1468517163.111|0.0500031|-0.2926331|-1.0312347
1468517163.132|0.0473175|-0.274826|-1.0214233
1468517163.153|0.0476379|-0.2813721|-1.0103607
1468517163.174|0.0437317|-0.2674713|-0.9859161
1468517163.194|0.0508575|-0.2627869|-0.9452057
1468517163.215|0.0534668|-0.2766418|-0.9221191
1468517163.236|0.0455017|-0.2768402|-0.8966217
1468517163.258|0.0277405|-0.2764435|-0.8961792
1468517163.279|0.0108185|-0.2710571|-0.889801
1468517163.3|-0.002655|-0.2735748|-0.9033356
1468517163.32|0.0031433|-0.270401|-0.9392242
1468517163.342|-0.0019684|-0.268631|-0.9810791
1468517163.363|-0.0140839|-0.2594757|-0.9803467
1468517163.385|-0.0238342|-0.2651367|-0.9581604
1468517163.405|-0.0253143|-0.2704926|-0.9388275
1468517163.426|-0.0306396|-0.2658844|-0.9232025
1468517163.448|-0.0261841|-0.2686157|-0.9246521
1468517163.469|-0.027298|-0.2744141|-0.9178314
1468517163.49|-0.0131073|-0.2873688|-0.8888092
1468517163.51|-0.0072327|-0.2870636|-0.9285126
1468517163.531|-0.0075378|-0.2844696|-0.9660645
1468517163.552|-0.0148315|-0.2847748|-0.9651489
1468517163.573|-0.0073853|-0.2879639|-0.939621
1468517163.594|-0.0013733|-0.2955475|-0.9396515
1468517163.616|0.0026245|-0.2948151|-0.958786
1468517163.636|0.0306091|-0.2944336|-0.9667664
1468517163.657|0.0160065|-0.296814|-0.9580536
1468517163.678|0.0284729|-0.298996|-0.9599457
1468517163.7|0.0912781|-0.2931976|-0.956192
1468517163.721|-0.0809021|-0.2891541|-0.9549255
1468517163.741|-0.068161|-0.3250275|-0.9546661
1468517163.763|-0.0401917|-0.3086395|-0.9419708
1468517163.784|-0.0076599|-0.3205109|-0.968689
1468517163.805|-0.037323|-0.3070831|-0.9752808
1468517163.826|-0.0773468|-0.274292|-0.9581451
1468517163.847|-0.0355835|-0.2914581|-0.9309692
1468517163.868|-0.0567169|-0.3356018|-0.9585114
1468517163.889|-0.0148163|-0.2904968|-0.9793549
1468517163.91|0.0016174|-0.3058929|-0.9536591
1468517163.931|0.0007782|-0.292511|-0.9814758
1468517163.952|-0.0035248|-0.3001709|-0.966156
1468517163.973|0.0085144|-0.3135681|-0.9376068
1468517163.994|0.007019|-0.3014984|-0.9401398
1468517164.015|0.0224609|-0.3106384|-0.9640503
1468517164.036|0.0401306|-0.3171082|-0.999054
1468517164.057|0.0404816|-0.2992096|-0.9703064
1468517164.078|0.0500031|-0.3047791|-0.95755
1468517164.099|0.0379333|-0.3065796|-0.9304047
1468517164.12|0.0431824|-0.3053131|-0.9211578
1468517164.141|0.03685|-0.3061981|-0.9500275
1468517164.162|0.055481|-0.3117218|-0.9876099
1468517164.206|0.0296478|-0.3135529|-0.9389954
1468517164.226|0.0184784|-0.3058777|-0.9320984
1468517164.247|0.0168152|-0.3036194|-0.9467621
1468517164.268|0.0046082|-0.2970428|-0.955719
1468517164.289|-0.0151672|-0.2924957|-0.9590607
1468517164.309|-0.0218964|-0.2927704|-0.9715881
1468517164.33|-0.0334473|-0.2835693|-0.9810333
1468517164.351|-0.0389557|-0.2776794|-0.9793396
1468517164.372|-0.0427094|-0.2764587|-0.9682159
1468517164.393|-0.0357666|-0.2713013|-0.9707794
1468517164.414|-0.0312042|-0.2694855|-0.9690857
1468517164.435|-0.0135956|-0.276886|-0.9589539
1468517164.456|-0.006958|-0.280426|-0.9568329
1468517164.477|-0.0035095|-0.287384|-0.975296
1468517164.498|-0.0044403|-0.2922363|-0.963501
1468517164.519|-0.0066986|-0.2946625|-0.9491119
1468517164.54|-0.0127106|-0.2944794|-0.9573975
1468517164.561|-0.0091248|-0.2968903|-0.9746704
1468517164.582|-0.0144958|-0.2950592|-0.9772644
1468517164.603|-0.0201874|-0.29039|-0.9767761
1468517164.624|-0.0119019|-0.2944336|-0.9696808
1468517164.645|-0.0084076|-0.2983856|-0.9678345
1468517164.666|-0.008255|-0.2917938|-0.9415436
1468517164.687|-0.0066376|-0.2878876|-0.9093628
1468517164.708|-0.0110168|-0.290741|-0.8982544
1468517164.729|-0.0064392|-0.2899628|-0.9315948
1468517164.75|-0.0049896|-0.2905426|-0.9646759
1468517164.771|0.0066376|-0.2780609|-0.9617462
1468517164.792|-0.0186462|-0.2494049|-0.9540253
1468517164.813|-0.0082397|-0.2794647|-0.9501953
1468517164.834|-0.0097351|-0.282135|-0.9369812
1468517164.855|0.0186157|-0.3057861|-0.9517365
1468517164.876|0.008316|-0.2938995|-0.9757843
1468517164.897|0.0079498|-0.2913513|-1.0039062
1468517164.918|0.0171967|-0.305481|-0.9595337
1468517164.939|0.0167694|-0.3135223|-0.9373627
1468517164.961|0.0228729|-0.3096466|-0.9219513
1468517164.983|0.0258331|-0.3077087|-0.9361267
1468517165.002|0.0225677|-0.294754|-0.9622803
1468517165.024|0.021347|-0.2837677|-0.8969574
1468517165.044|0.0583344|-0.3188629|-0.8223877
1468517165.065|0.1144562|-0.3219299|-0.9426117
1468517165.086|0.0665131|-0.2996674|-1.0413971