1468597351.307
1468597351.858
1468597352.258
1468597353.075
1468597353.925
1468597355.091
1468597355.258
1468597355.791
1468597356.375
1468597356.541
1468597356.675
1468597366.591
1468597366.924
1468597367.691
1468597368.108
1468597369.007
1468597369.342
1468597369.825
1468597376.458
1468597377.507
1468597377.707
1468597377.842
1468597378.492
1468597382.075
1468597382.24
1468597382.658
1468597384.225
1468597385.541
1468597386.273
1468597386.708
1468597386.825
1468597387.642
1468597388.608
1468597388.825
1468597417.325
1468597418.041
1468597418.691
1468597419.041
1468597419.692
1468597419.891
1468597420.423
1468597420.791
1468597421.192
1468597423.157
1468597423.362
1468597423.709
1468597423.807
1468597423.977
1468597424.458
1468597425.708
1468597425.96
1468597426.307
1468597426.541
1468597427.009
1468597428.308
1468597429.108
1468597430.024
1468597430.175
1468597430.658