1468605170.01|0.085556|-0.3969879|-0.9032593
1468605170.031|0.0567322|-0.4136963|-0.8968048
1468605170.052|0.0520782|-0.421463|-0.8635559
1468605170.073|0.0665894|-0.4213257|-0.8568878
1468605170.094|0.0807343|-0.4127502|-0.8575134
1468605170.114|0.0917664|-0.4198456|-0.8823547
1468605170.136|0.076355|-0.4208527|-0.8970337
1468605170.156|0.0956573|-0.4101562|-0.9139557
1468605170.177|0.0892334|-0.4078674|-0.9064026
1468605170.198|0.0847321|-0.4054413|-0.8959808
1468605170.219|0.0881805|-0.4024658|-0.8779755
1468605170.24|0.0796967|-0.3990936|-0.8919373
1468605170.261|0.0548706|-0.4091949|-0.9227905
1468605170.282|0.0901031|-0.4117279|-0.9120789
1468605170.303|0.0870514|-0.4066162|-0.9096832
1468605170.324|0.0761871|-0.4042969|-0.894104
1468605170.345|0.0711212|-0.4083099|-0.8870544
1468605170.366|0.0783844|-0.3717651|-0.8652649
1468605170.387|0.110199|-0.4318695|-0.8684387
1468605170.41|0.0591888|-0.3721466|-0.8991394
1468605170.429|0.0578766|-0.4039307|-0.8846893
1468605170.45|0.0556793|-0.3865662|-0.8382416
1468605170.471|0.0800171|-0.4063721|-0.8794403
1468605170.492|0.0696564|-0.3704071|-0.9078369
1468605170.513|0.0830994|-0.3723755|-0.9118347
1468605170.534|0.0784912|-0.3613586|-0.8798676
1468605170.555|0.138092|-0.3387299|-0.8599091
1468605170.576|0.1405792|-0.2596588|-0.956543
1468605170.597|0.0714569|-0.2636719|-1.0016632
1468605170.618|0.0624695|-0.2701416|-1.0137939
1468605170.639|0.0826569|-0.278244|-1.0239563
1468605170.66|0.081543|-0.2805176|-0.9970245
1468605170.681|0.0938416|-0.2596741|-0.9843292
1468605170.702|0.1173859|-0.2524414|-1.0007477
1468605170.723|0.0584106|-0.2689362|-0.9962921
1468605170.744|0.039917|-0.2593536|-0.9530029
1468605170.765|0.1282196|-0.2153931|-0.902832
1468605170.786|0.1295776|-0.269165|-0.8828583
1468605170.807|0.0789185|-0.2238464|-0.9143677
1468605170.828|0.0652771|-0.2247925|-0.9094391
1468605170.849|0.1145782|-0.2530212|-1.0147095
1468605170.869|0.1048126|-0.25737|-1.0637054
1468605170.89|0.0487366|-0.205719|-1.0401001
1468605170.911|0.0023193|-0.196228|-1.0030212
1468605170.932|-0.0130157|-0.2177277|-0.9623108
1468605170.953|-0.045105|-0.213089|-0.9788971
1468605170.974|-0.0323944|-0.2177277|-0.971344
1468605170.995|0.0098572|-0.2228851|-0.9490509
1468605171.016|0.0181274|-0.2139435|-0.9465942
1468605171.037|0.0200653|-0.2073822|-0.9671326
1468605171.058|0.0019684|-0.2100677|-0.9749908
1468605171.079|-0.0130615|-0.2185822|-0.9850006
1468605171.1|-0.0119629|-0.2164917|-0.9767151
1468605171.121|0.0111847|-0.2208862|-0.9691315
1468605171.142|-0.0160065|-0.253479|-0.9680023
1468605171.163|-0.0392609|-0.2553406|-0.97612
1468605171.184|-0.0365448|-0.2536621|-0.9855499
1468605171.205|-0.0167847|-0.2515869|-1.0029755
1468605171.226|-0.0146179|-0.2694092|-1.0116119
1468605171.247|-0.0484009|-0.2753143|-1.0256805
1468605171.268|-0.0389709|-0.2652893|-1.0546875
1468605171.29|-0.0194244|-0.2584991|-1.0555267
1468605171.311|-0.028183|-0.266861|-1.0279388
1468605171.332|-0.0251465|-0.2773743|-1.0079346
1468605171.353|0.0059814|-0.2866821|-1.0123901
1468605171.374|0.0182648|-0.2602386|-1.0178528
1468605171.395|0.0228119|-0.2648621|-1.0270844
1468605171.416|0.0052643|-0.2677002|-1.0096588
1468605171.437|0.0178833|-0.269928|-1.0018463
1468605171.458|0.0297394|-0.2754517|-1.0108337
1468605171.478|0.0211945|-0.2760162|-1.0030518
1468605171.499|0.0274048|-0.2789917|-1.0115662
1468605171.521|0.0370636|-0.2740479|-0.9859772
1468605171.542|0.048584|-0.2975616|-0.9520569
1468605171.563|0.0437012|-0.3103333|-0.9767609
1468605171.584|0.0359955|-0.302948|-0.9769592
1468605171.605|0.0269012|-0.3000946|-0.972702
1468605171.626|0.0172424|-0.3002625|-0.9464874
1468605171.646|0.0188599|-0.297348|-0.9117279
1468605171.666|0.0334625|-0.3047638|-0.889267
1468605171.687|0.0395813|-0.3260956|-0.9281769
1468605171.708|0.0161438|-0.3314819|-0.9975281
1468605171.729|0.0026093|-0.3128357|-0.963623
1468605171.751|0.0067596|-0.3143158|-0.9300842
1468605171.772|0.0346527|-0.3257751|-0.9189758
1468605171.793|0.0233459|-0.3138885|-0.9399567
1468605171.814|-0.0081635|-0.2961426|-0.9399261
1468605171.835|-0.0509491|-0.263382|-0.9473572
1468605171.856|-0.055542|-0.3073883|-0.9783936
1468605171.877|0.0162201|-0.372467|-0.9765472
1468605171.898|0.08284|-0.4051819|-0.9397125
1468605171.919|0.0938873|-0.4237366|-0.930603
1468605171.94|-0.0029449|-0.359024|-0.8883209
1468605171.961|-0.0378113|-0.3349609|-0.8816223
1468605171.983|-0.0004578|-0.3680115|-0.9330597
1468605172.003|0.000824|-0.3507996|-0.9650879
1468605172.023|-0.0302429|-0.3234406|-0.9590607
1468605172.045|-0.0301971|-0.3211365|-0.9391937
1468605172.065|3.05e-05|-0.3323364|-0.9496002
1468605172.086|0.0123901|-0.3316803|-0.9443512
1468605172.107|-0.0032806|-0.3262634|-0.9481354
1468605172.128|-0.0095825|-0.3321381|-0.8975983
1468605172.149|0.0004883|-0.3264465|-0.9299316
1468605172.171|0.006897|-0.3137054|-0.9501495
1468605172.192|0.0209656|-0.3266754|-0.9738464
1468605172.213|0.014267|-0.3396454|-0.9448853
1468605172.234|-0.0136566|-0.3408203|-0.8773499
1468605172.255|0.0135345|-0.3345337|-0.8583069
1468605172.276|-0.0013275|-0.3421173|-0.8614807
1468605172.297|-0.0182648|-0.3593597|-0.8500671
1468605172.318|-0.0351715|-0.3318634|-0.8877411
1468605172.339|-0.0101776|-0.3097229|-0.9522858
1468605172.36|0.0381927|-0.2940979|-0.973587
1468605172.381|0.0534058|-0.3191071|-0.945816
1468605172.402|-0.029129|-0.3630524|-0.882019
1468605172.423|-0.0368805|-0.3618622|-0.8924561
1468605172.444|-0.0480804|-0.3395538|-0.9263763
1468605172.465|0.0014191|-0.3304596|-0.9460449
1468605172.486|0.0264893|-0.3356323|-0.9351349
1468605172.507|-0.0137787|-0.3442078|-0.9163818
1468605172.528|0.026001|-0.3493805|-0.925766
1468605172.549|0.0476074|-0.3366394|-0.9265594
1468605172.57|0.0569916|-0.3295135|-0.9016724
1468605172.591|0.0326996|-0.3431396|-0.8583221
1468605172.613|0.0206909|-0.3365021|-0.8346558
1468605172.634|0.0477753|-0.3293915|-0.836441
1468605172.655|0.098938|-0.3365784|-0.8302002
1468605172.676|0.0674744|-0.3615112|-0.8002014
1468605172.697|0.0313568|-0.3755341|-0.7705994
1468605172.718|0.0520477|-0.3690643|-0.7631989
1468605172.739|0.0855103|-0.3622894|-0.7710876
1468605172.76|0.0660248|-0.3688049|-0.7778015
1468605172.781|0.0027771|-0.375824|-0.7791901
1468605172.802|0.0266876|-0.3700867|-0.7814636
1468605172.823|0.0660248|-0.3779297|-0.7830658
1468605172.844|0.0436554|-0.3821411|-0.8027649
1468605172.865|0.0032806|-0.387207|-0.8147278
1468605172.886|-0.0122375|-0.39888|-0.8167419
1468605172.907|-0.023407|-0.4069824|-0.8251038
1468605172.928|-0.0214386|-0.3935852|-0.8710938
1468605172.949|-0.0119019|-0.3797455|-0.893219
1468605172.97|-0.0149536|-0.3744049|-0.8901062
1468605172.991|-0.0065308|-0.3800812|-0.8953247
1468605173.012|-0.0261993|-0.3673248|-0.9035645
1468605173.033|-0.0206451|-0.3569641|-0.9346771
1468605173.055|-0.0004272|-0.3636627|-0.9833832
1468605173.075|-0.0352478|-0.3659821|-1.038559
1468605173.097|-0.0617065|-0.3556824|-1.0080719
1468605173.118|-0.0261536|-0.3412933|-0.9648438
1468605173.139|0.0184021|-0.3284149|-0.948822
1468605173.16|0.0401459|-0.3046417|-0.9412537
1468605173.181|0.0328979|-0.2923279|-0.9210968
1468605173.202|-0.0028534|-0.2915497|-0.9155121
1468605173.223|-0.0065155|-0.2917328|-0.9138794
1468605173.244|0.0001068|-0.283432|-0.914978
1468605173.265|0.0259399|-0.2738647|-0.9252319
1468605173.286|0.0193787|-0.2688446|-0.9391632
1468605173.307|-0.0004883|-0.2799072|-0.9468689
1468605173.328|0.0020905|-0.2862091|-0.9464264
1468605173.349|0.0155029|-0.2773438|-0.9498749
1468605173.37|0.0251465|-0.2782135|-0.9676208
1468605173.391|0.013504|-0.2737732|-0.9860229
1468605173.411|-0.0046387|-0.2710114|-0.9725952
1468605173.432|0.0166016|-0.2662354|-0.9673004
1468605173.454|0.0511627|-0.2510223|-0.9895782
1468605173.474|0.0691376|-0.2337341|-1.0116272
1468605173.495|0.0639191|-0.2266083|-1.0207977
1468605173.516|0.0452423|-0.2209473|-1.0099487
1468605173.537|0.0434875|-0.2246094|-0.9905853
1468605173.559|0.0543365|-0.2264099|-0.9728394
1468605173.579|0.0684967|-0.2231903|-0.9560089
1468605173.601|0.0760498|-0.2159271|-0.949295
1468605173.622|0.0770569|-0.2058258|-0.9518433
1468605173.642|0.0688019|-0.2147522|-0.9585419
1468605173.663|0.0505829|-0.219223|-0.9463196
1468605173.684|0.0401306|-0.2204742|-0.9406891
1468605173.705|0.0420837|-0.2135773|-0.9304657
1468605173.725|0.0473938|-0.2095947|-0.9375153
1468605173.746|0.0466156|-0.2138062|-0.9529266
1468605173.768|0.0275726|-0.2080841|-0.9602509
1468605173.789|0.0213318|-0.218689|-0.9690857
1468605173.813|0.0093384|-0.2175293|-0.9608459
1468605173.829|0.0187531|-0.2143402|-0.9659882
1468605173.851|0.0337219|-0.2062073|-0.9767609
1468605173.872|0.0334778|-0.2039948|-0.983139
1468605173.893|0.0306702|-0.2099762|-0.9786987
1468605173.914|0.0292206|-0.2020111|-0.9729767
1468605173.935|0.0301666|-0.2048035|-0.9971161
1468605173.956|0.0189667|-0.2088165|-1.0141907
1468605173.977|0.0209808|-0.2174377|-1.0293732
1468605173.998|0.0147705|-0.2270355|-1.0497742
1468605174.019|0.0001984|-0.2248077|-1.0523987
1468605174.041|-0.0074463|-0.2118225|-1.011673
1468605174.061|0.0216217|-0.1959534|-0.9502716
1468605174.082|0.0572052|-0.192215|-0.942337
1468605174.103|0.0631409|-0.1922913|-0.9546204
1468605174.124|0.0313416|-0.1833954|-0.9572296
1468605174.145|0.025528|-0.1799927|-0.9373627
1468605174.165|0.0279236|-0.180069|-0.9302826
1468605174.187|0.0374146|-0.1689758|-0.934906
1468605174.208|0.0298309|-0.1649628|-0.9769897
1468605174.228|-0.0010223|-0.1690063|-0.9971771
1468605174.25|-0.0134125|-0.1592865|-0.9640503
1468605174.271|0.0185547|-0.1484375|-0.9140015
1468605174.292|0.0490265|-0.1345062|-0.9024811
1468605174.312|0.0335083|-0.1359863|-0.9706268
1468605174.333|-0.0065155|-0.1425171|-1.0281982
1468605174.354|-0.0040588|-0.1291046|-0.9770508
1468605174.376|0.0188904|-0.1443024|-0.9754486
1468605174.396|-0.0166779|-0.1416779|-1.003891
1468605174.417|-0.0308075|-0.1300659|-1.0076294
1468605174.438|-0.0136108|-0.115448|-0.9755554
1468605174.459|4.58e-05|-0.113205|-0.955658
1468605174.48|-0.001709|-0.1178894|-0.9677429
1468605174.5|-0.0175934|-0.1216736|-1.0091858
1468605174.522|-0.0174255|-0.1197815|-1.0065765
1468605174.543|-0.0124512|-0.121994|-1.0160217
1468605174.564|-0.0267487|-0.1219025|-1.0200653
1468605174.584|-0.0397034|-0.1192169|-1.0193787
1468605174.606|-0.022995|-0.1186676|-1.0122528
1468605174.627|-0.0170593|-0.1201782|-1.0209961
1468605174.647|-0.0353699|-0.1205444|-1.0101776
1468605174.669|-0.042038|-0.1185455|-1.0002441
1468605174.69|-0.030304|-0.1224213|-0.9957581
1468605174.711|-0.029129|-0.1195526|-1.0014038
1468605174.731|-0.0360107|-0.1236572|-1.0104218
1468605174.752|-0.0353546|-0.1151428|-1.0309601
1468605174.773|-0.0157166|-0.1150818|-0.9866791
1468605174.794|-0.0115204|-0.1183167|-0.9869232
1468605174.817|-0.0235138|-0.1134796|-0.9883575
1468605174.835|-0.0171967|-0.1066742|-0.9814148
1468605174.857|-0.0144043|-0.1070862|-0.960144
1468605174.878|-0.0210266|-0.1102142|-0.9767303
1468605174.898|-0.0491028|-0.1112061|-0.9898224
1468605174.919|-0.0467224|-0.1135101|-0.9749298
1468605174.94|-0.0257874|-0.1168823|-0.967804
1468605174.961|0.0037994|-0.1149292|-0.9618073
1468605174.981|0.0149689|-0.1194|-0.9852142
1468605175.002|-0.0036774|-0.1241455|-1.0108337
1468605175.024|-0.0173187|-0.1209106|-1.018158
1468605175.045|-0.0037079|-0.1160126|-0.9989471
1468605175.065|0.0011444|-0.1149139|-1.0029449
1468605175.087|0.0019379|-0.1052704|-1.0085602
1468605175.107|-0.0115509|-0.11203|-1.0367737
1468605175.128|-0.0325623|-0.1158752|-1.0448914
1468605175.149|-0.0397797|-0.0918884|-0.9983978
1468605175.169|0.0116425|-0.1076355|-0.9669342
1468605175.191|0.0278473|-0.1299744|-0.9481354
1468605175.211|0.0021973|-0.1299744|-0.9269257
1468605175.232|-0.0303955|-0.138855|-0.9306183
1468605175.253|-0.0692749|-0.1520538|-0.9570465
1468605175.274|-0.0645905|-0.1484375|-0.9778137
1468605175.295|-0.0542908|-0.1333771|-1.0077209
1468605175.316|-0.0456085|-0.1208344|-1.0050049
1468605175.338|-0.0305939|-0.1133423|-0.9852905
1468605175.358|-0.0242767|-0.0964661|-0.9730988
1468605175.379|-0.0386963|-0.0933075|-1.0078583
1468605175.4|-0.0684052|-0.0908051|-1.0417328
1468605175.421|-0.102951|-0.0830078|-1.1008759
1468605175.442|-0.1064148|-0.0877838|-1.1418152
1468605175.463|-0.0818787|-0.083374|-1.1235199
1468605175.484|-0.0714417|-0.0898895|-1.0660706
1468605175.505|-0.0843201|-0.1003876|-1.0276489
1468605175.526|-0.0999756|-0.0873718|-1.0602264
1468605175.547|-0.0779419|-0.0863495|-1.1154785
1468605175.568|-0.0661774|-0.0744934|-1.1380615
1468605175.589|-0.0549164|-0.0677795|-1.1356506
1468605175.61|-0.0637817|-0.0806732|-1.1123352
1468605175.631|-0.0904999|-0.0913239|-1.0798645
1468605175.652|-0.0815125|-0.1067657|-1.0621948
1468605175.673|-0.0684967|-0.1010132|-1.0649872
1468605175.694|-0.0623169|-0.095871|-1.0634918
1468605175.715|-0.044281|-0.1063538|-1.0677948
1468605175.736|-0.0483704|-0.1079254|-1.0708923
1468605175.757|-0.0551605|-0.1035461|-1.0533752
1468605175.778|-0.0774384|-0.1061096|-1.021286
1468605175.799|-0.032196|-0.120697|-1.0453796
1468605175.82|-0.0266418|-0.1107483|-1.0367889
1468605175.841|-0.03508|-0.1183472|-1.0212708
1468605175.862|-0.0713043|-0.1391144|-0.9871979
1468605175.883|-0.1057281|-0.1711731|-0.9645996
1468605175.904|-0.088623|-0.1726379|-0.9394836
1468605175.924|-0.0493011|-0.1607971|-0.9357758
1468605175.945|-0.0361786|-0.1795654|-0.9422607
1468605175.966|-0.0671234|-0.1939697|-0.9504852
1468605175.988|-0.0710297|-0.1983032|-0.934906
1468605176.008|-0.0365601|-0.2072754|-0.9327393
1468605176.03|-0.0173492|-0.2096558|-0.9239655
1468605176.051|-0.0635681|-0.2053833|-0.901123
1468605176.071|-0.0957336|-0.2177429|-0.8830872
1468605176.092|-0.0647278|-0.2354126|-0.9464874
1468605176.113|-0.0614319|-0.2181396|-0.9558258
1468605176.134|-0.0521545|-0.1966858|-0.9608459
1468605176.155|-0.0185852|-0.1981964|-0.9933929
1468605176.175|-0.022171|-0.201355|-1.0263062
1468605176.197|-0.0653687|-0.1975555|-1.013855
1468605176.218|-0.0458527|-0.2217102|-0.9820557
1468605176.239|-0.033371|-0.2438507|-0.9868927
1468605176.259|-0.0424194|-0.2252197|-0.9721375
1468605176.281|-0.0560303|-0.2280884|-0.961319
1468605176.302|-0.0500336|-0.2292328|-0.949234
1468605176.323|-0.0537415|-0.2297058|-0.9365082
1468605176.343|-0.0567322|-0.2198944|-0.9610138
1468605176.364|-0.0575104|-0.2194214|-0.9567566
1468605176.385|-0.0641022|-0.2377777|-0.959259
1468605176.405|-0.0662079|-0.2221832|-0.9868164
1468605176.426|-0.0671692|-0.1950531|-0.9790802
1468605176.447|-0.0513306|-0.2106323|-0.9644928
1468605176.468|-0.0328827|-0.2160187|-0.9751129
1468605176.489|-0.0277252|-0.2040405|-0.9906311
1468605176.51|-0.0388641|-0.1941528|-0.9948425
1468605176.531|-0.0557098|-0.2071075|-0.974411
1468605176.552|-0.0609894|-0.2171936|-0.9510803
1468605176.572|-0.0600891|-0.223877|-0.9196777
1468605176.593|-0.0602264|-0.2252045|-0.8963013
1468605176.614|-0.0584564|-0.2483368|-0.8978729
1468605176.635|-0.057724|-0.2650909|-0.9119263
1468605176.656|-0.0650024|-0.2679291|-0.9382019
1468605176.677|-0.0570374|-0.2568207|-0.9338531
1468605176.698|-0.0108337|-0.2696686|-0.9267273
1468605176.719|0.0062408|-0.2880096|-0.9429016
1468605176.74|-0.015564|-0.2793427|-0.9461823
1468605176.761|-0.0372772|-0.2776794|-0.9424591
1468605176.782|-0.0154114|-0.2698669|-0.96315
1468605176.803|0.0066223|-0.258606|-0.9547424
1468605176.824|0.0308685|-0.2485809|-0.949646
1468605176.845|0.0346069|-0.2737122|-0.9462585
1468605176.866|0.039093|-0.2741547|-0.9273376
1468605176.887|0.0203247|-0.2787323|-0.9375916
1468605176.908|-0.0043793|-0.2706757|-0.9449158
1468605176.929|0.0572815|-0.2431488|-0.9538116
1468605176.95|0.109848|-0.2236176|-0.9580231
1468605176.991|0.0819244|-0.2406006|-1.0449677
1468605177.033|0.0272369|-0.2399445|-0.9822083
1468605177.075|0.1222229|-0.2641449|-0.8923035
1468605177.117|0.0480499|-0.2641907|-0.8870697
1468605177.157|-0.0218964|-0.3218231|-0.8389435
1468605177.199|0.1301117|-0.2787476|-0.8907318
1468605177.241|0.0675354|-0.2897034|-0.8746643
1468605177.283|0.0724945|-0.3134155|-0.9157104
1468605177.324|0.0931396|-0.2901306|-0.9547424
1468605177.366|0.1093445|-0.2766418|-0.884613
1468605177.408|0.1151428|-0.2866364|-0.881134
1468605177.45|0.056015|-0.2901764|-0.8290558
1468605177.492|0.0791931|-0.3323517|-0.7678375
1468605177.534|0.0653687|-0.312149|-0.8043671
1468605177.577|0.0761108|-0.2988892|-0.8560181
1468605177.619|0.0430908|-0.2804565|-0.8878937
1468605177.661|0.1279297|-0.246521|-0.9309387
1468605177.703|0.0951233|-0.2879333|-0.9667664
1468605177.744|0.0579987|-0.3052826|-0.9878082
1468605177.785|0.0601196|-0.2930908|-0.9846344
1468605177.828|0.031601|-0.2986298|-0.9552002
1468605177.87|0.0386353|-0.239502|-0.9760437
1468605177.912|0.0410614|-0.2562714|-0.9548798
1468605177.953|0.0492096|-0.2558136|-0.9394989
1468605177.995|0.0373535|-0.239502|-0.9689636
1468605178.037|0.012146|-0.2555237|-0.9253998
1468605178.058|0.025238|-0.2558441|-0.9180298
1468605178.099|0.0218658|-0.1711884|-0.8574219
1468605178.142|0.1008301|-0.2371826|-0.9458466
1468605178.163|0.0483704|-0.2221222|-1.0328674
1468605178.204|0.1054688|-0.1966858|-0.8410645
1468605178.226|0.1603241|-0.2374573|-0.8662567
1468605178.247|0.0956116|-0.2415924|-1.0513458
1468605178.289|0.0073547|-0.2489166|-1.022995
1468605178.31|0.077774|-0.253891|-0.9642181
1468605178.353|-0.0006409|-0.2338562|-1.1120453
1468605178.394|0.0408325|-0.2493591|-0.9813232
1468605178.436|0.110672|-0.2231598|-1.0074158
1468605178.478|0.0804291|-0.2035675|-0.9901276
1468605178.52|0.1166687|-0.1973724|-0.9448242
1468605178.562|0.0771332|-0.1833954|-0.9680023
1468605178.604|0.1124573|-0.1842194|-0.9111786
1468605178.646|0.0863647|-0.1875763|-0.9897614
1468605178.689|0.0816193|-0.1852875|-0.943161
1468605178.73|0.0765839|-0.1774597|-0.9466858
1468605178.772|0.0610199|-0.1605377|-0.8969727
1468605178.815|0.1455383|-0.1537628|-0.9456329
1468605178.839|0.0668488|-0.1572876|-1.0437317
1468605178.877|0.0229492|-0.171936|-1.0455933
1468605178.922|0.0471344|-0.1516418|-1.0267334
1468605178.961|-0.0456085|-0.1574097|-1.1924896
1468605179.003|0.0080719|-0.1867828|-0.8504639
1468605179.045|0.0621643|-0.1881256|-0.9673615
1468605179.086|-0.0092926|-0.1798248|-0.9613342
1468605179.128|0.0312958|-0.1893616|-0.9660339
1468605179.17|-0.0162811|-0.1791382|-0.9724579
1468605179.212|0.0245209|-0.1621399|-0.9918671
1468605179.254|0.0482788|-0.1276093|-1.0282135
1468605179.296|-0.0042572|-0.1584015|-0.9862213
1468605179.339|0.0153198|-0.143692|-0.986084
1468605179.402|-0.0218658|-0.157959|-1.0432739
1468605179.465|0.0240784|-0.1406708|-0.9999695
1468605179.507|-0.0366058|-0.1109161|-1.0056305
1468605179.549|0.0626373|-0.1382141|-0.9925537
1468605179.591|0.0011292|-0.1204071|-1.0121918
1468605179.633|0.0371552|-0.109024|-0.9931183
1468605179.675|0.0036469|-0.1214142|-1.0601959
1468605179.717|0.0235443|-0.1320648|-1.0883636
1468605179.759|0.0354309|-0.131424|-1.1209564
1468605179.801|0.0316467|-0.1349182|-1.1242828
1468605179.843|0.0112152|-0.1552887|-1.0544891
1468605179.885|0.0148773|-0.1506195|-1.0405121
1468605179.927|-0.0108948|-0.1525574|-1.0658875
1468605179.97|0.0149841|-0.1424103|-1.0482483
1468605179.99|0.012619|-0.1518402|-1.0246735
1468605180.033|-0.010025|-0.1641541|-1.0130157
1468605180.076|-0.0052643|-0.1608582|-0.9725342
1468605180.18|0.0098114|-0.1393433|-1.013031
1468605180.222|0.0635071|-0.1360321|-0.9516449
1468605180.264|0.0679474|-0.1565857|-0.9957428
1468605180.306|0.0850983|-0.172226|-0.927002
1468605180.348|0.0297699|-0.2045441|-0.905365
1468605180.39|0.0661926|-0.1766357|-0.9221191
1468605180.432|0.1183777|-0.193924|-0.9232788
1468605180.474|0.0962219|-0.2424469|-0.9302979
1468605180.516|0.0793457|-0.2154846|-1.0032043
1468605180.537|0.0779266|-0.2215424|-0.9921417
1468605180.558|0.0971832|-0.2359619|-0.9827271
1468605180.579|0.1104889|-0.222229|-0.9506836
1468605180.6|0.126297|-0.2203064|-0.9236908
1468605180.621|0.1141968|-0.2063446|-0.8730164
1468605180.642|0.0522614|-0.2536011|-0.8633423
1468605180.663|-0.0032043|-0.2472229|-0.9762115
1468605180.684|-0.013855|-0.220871|-1.0027618
1468605180.705|0.0254822|-0.2306366|-1.0031891
1468605180.726|0.0166779|-0.2301636|-0.9620972
1468605180.748|-0.0067291|-0.2535706|-0.9424591
1468605180.769|0.0106506|-0.2106323|-0.9979095
1468605180.79|0.0351868|-0.2109375|-0.9931183
1468605180.811|0.0250702|-0.2433319|-0.9694977
1468605180.832|0.0101013|-0.2864685|-0.9799805
1468605180.853|0.0346222|-0.3062439|-0.9798279
1468605180.874|0.0619202|-0.3007355|-0.9042969
1468605180.895|0.0573425|-0.2879944|-0.8860168
1468605180.916|0.0442657|-0.2956238|-0.9359894
1468605180.937|0.0155945|-0.3233185|-0.9457092
1468605180.958|0.0218353|-0.3353119|-0.9299316
1468605180.979|0.0199432|-0.3318939|-0.8814545
1468605181|-0.004837|-0.3396759|-0.8553162
1468605181.021|0.0150757|-0.3556824|-0.8697968
1468605181.042|0.0641479|-0.3182068|-0.8843231
1468605181.063|0.0459137|-0.3330994|-0.9064636
1468605181.084|0.0223236|-0.3377075|-0.8866882
1468605181.105|0.0309601|-0.3217621|-0.8910675
1468605181.126|0.0305176|-0.3289642|-0.941925
1468605181.147|0.0248108|-0.3257294|-0.9353027
1468605181.168|0.0288544|-0.3315125|-0.904129
1468605181.189|0.0134125|-0.3255615|-0.8705597
1468605181.21|-0.0017395|-0.3301697|-0.8434296
1468605181.231|0.0053253|-0.3389435|-0.852951
1468605181.252|0.0061188|-0.3470001|-0.831955
1468605181.273|0.00914|-0.3412323|-0.7980804
1468605181.294|-0.0307617|-0.3412476|-0.7613068
1468605181.316|-0.0188599|-0.3618774|-0.8264313
1468605181.337|-0.0066071|-0.3610229|-0.8084259
1468605181.358|0.0188904|-0.34729|-0.7855835
1468605181.379|-0.0103302|-0.3415222|-0.7964783
1468605181.4|-0.0704803|-0.3325195|-0.8422089
1468605181.421|-0.1229095|-0.3430634|-0.855423
1468605181.442|-0.0837402|-0.343277|-0.8921967
1468605181.463|-0.0536041|-0.3378601|-0.9076843
1468605181.484|-0.0548096|-0.3340607|-0.888031
1468605181.505|-0.0592957|-0.3338013|-0.8743439
1468605181.526|-0.0978394|-0.3354797|-0.8486786
1468605181.547|-0.0632477|-0.3305817|-0.8748169
1468605181.568|-0.0278473|-0.3280792|-0.904953
1468605181.589|-0.0051422|-0.3082581|-0.8822937
1468605181.61|-0.0004425|-0.291626|-0.9136353
1468605181.631|-0.0034027|-0.2874908|-0.9542542
1468605181.652|0.0113678|-0.2847137|-0.9546814
1468605181.673|0.0473633|-0.2709045|-0.9391174
1468605181.694|0.0688934|-0.2643585|-0.9470673
1468605181.715|0.0162506|-0.2525787|-1.0007629
1468605181.736|0.0388336|-0.2627411|-0.9958344
1468605181.758|0.0463867|-0.2583618|-0.9432831
1468605181.779|0.0536957|-0.2626495|-0.934082
1468605181.8|0.031311|-0.2707672|-0.9401093
1468605181.821|0.0356293|-0.2758942|-0.9469757
1468605181.842|0.0493011|-0.2752075|-0.9549866
1468605181.863|0.0408325|-0.2687988|-0.9488068
1468605181.884|0.0235596|-0.2676697|-0.9514618
1468605181.905|0.0162201|-0.2759094|-0.9534302
1468605181.926|0.0211182|-0.2807312|-0.9766083
1468605181.947|0.024353|-0.2778015|-0.9943085
1468605181.968|0.0039673|-0.2691803|-0.9947815
1468605181.989|-0.0041046|-0.2862244|-0.9653473
1468605182.01|0.0075989|-0.2805328|-0.9529877
1468605182.031|0.0173798|-0.2715759|-0.958847
1468605182.052|-0.003891|-0.2619934|-1.0053864
1468605182.073|-0.0188904|-0.2628326|-1.0118256
1468605182.094|-0.0298615|-0.2610474|-0.9799042
1468605182.115|0.0096588|-0.2606354|-0.8984985
1468605182.136|0.0253601|-0.2563629|-0.8646088
1468605182.158|0.0163422|-0.2570496|-0.9270477
1468605182.179|-0.0099945|-0.2437897|-0.9589233
1468605182.2|0.0077362|-0.2431793|-0.9231873
1468605182.22|0.0432739|-0.2462311|-0.8536224
1468605182.242|0.0663452|-0.2581482|-0.8824921
1468605182.263|-0.0005341|-0.2490845|-1.0050507
1468605182.284|-0.0166321|-0.241806|-0.9896851
1468605182.305|0.0262756|-0.2499542|-0.9473114
1468605182.326|0.0594788|-0.2387085|-0.9381561
1468605182.347|0.0303192|-0.2201996|-0.999115
1468605182.368|0.0124207|-0.2141113|-1.0324402
1468605182.389|0.0423737|-0.2112579|-1.01297
1468605182.41|0.0596924|-0.2256622|-1.044693
1468605182.431|0.0445251|-0.2196045|-1.0863037
1468605182.452|0.0237732|-0.2053528|-1.0514984
1468605182.473|0.0100403|-0.185791|-0.9582672
1468605182.494|0.0325775|-0.1852417|-0.883728
1468605182.515|0.0782471|-0.2010803|-0.8957672
1468605182.536|0.0927582|-0.1928101|-0.9800873
1468605182.557|0.0986633|-0.1758728|-0.9801788
1468605182.578|0.0751648|-0.1569214|-0.9160461
1468605182.6|0.0836182|-0.1617126|-0.8583832
1468605182.62|0.0851746|-0.15802|-0.8829346
1468605182.642|0.097641|-0.1423492|-0.9470978
1468605182.662|0.0983276|-0.1242371|-0.9658813
1468605182.684|0.0950928|-0.132843|-0.9602814
1468605182.705|0.0775452|-0.1333008|-0.9837341
1468605182.726|0.0577393|-0.1233826|-1.0016785
1468605182.747|0.0705414|-0.121048|-0.9997253
1468605182.768|0.0864716|-0.1148834|-1.0041504
1468605182.788|0.0696869|-0.1113892|-1.0481415
1468605182.809|0.0583038|-0.1086731|-1.0639954
1468605182.831|0.0365448|-0.1065369|-1.0524445
1468605182.852|0.027832|-0.1102295|-1.046814
1468605182.873|0.0323486|-0.1052704|-1.0469971
1468605182.894|0.0445404|-0.082077|-1.0274353
1468605182.915|0.0653839|-0.0778809|-0.9975739
1468605182.936|0.0690918|-0.1052704|-1.0180664
1468605182.957|0.0366364|-0.1105652|-1.0172424
1468605182.978|0.0099945|-0.1083527|-1.004776
1468605183|0.0181885|-0.0997772|-1.0245514
1468605183.021|0.0277557|-0.0882111|-1.0719604
1468605183.042|0.0268555|-0.0935059|-1.0658417
1468605183.063|-0.0078278|-0.0958557|-1.070694
1468605183.083|-0.027359|-0.0895996|-1.0775452
1468605183.104|-0.0276794|-0.0879364|-1.0725708
1468605183.125|-0.0249786|-0.0661011|-1.0778656
1468605183.146|-0.0040741|-0.0621796|-1.0888977
1468605183.167|0.0005188|-0.0514374|-1.0890503
1468605183.189|-0.0025482|-0.0556488|-1.0538483
1468605183.21|-0.0141296|-0.0530548|-1.0385132
1468605183.231|-0.0162354|-0.0568695|-1.0370941
1468605183.252|-0.0099945|-0.0553284|-1.0349579
1468605183.273|0.0038452|-0.060318|-1.014389
1468605183.295|-0.0032349|-0.0683136|-1.0170441
1468605183.336|-0.0063477|-0.0794678|-0.9864197
1468605183.358|0.0020294|-0.0822601|-0.9932709
1468605183.378|0.0056152|-0.0828705|-0.9852295
1468605183.399|0.0114441|-0.083725|-0.9814301
1468605183.42|0.0246887|-0.083374|-0.9676819
1468605183.442|0.0224457|-0.0923309|-0.9972992
1468605183.462|0.0047913|-0.0952911|-0.9959412
1468605183.483|0.0137482|-0.102356|-0.9709015
1468605183.504|0.0175171|-0.1055298|-0.9763641
1468605183.526|0.0193481|-0.10672|-0.9910126
1468605183.547|0.0153809|-0.116272|-0.9863739
1468605183.568|0.0128479|-0.1172638|-0.9679413
1468605183.589|0.0310822|-0.117691|-0.9648132
1468605183.61|0.0394897|-0.1298218|-0.980011
1468605183.631|0.0361786|-0.1333618|-0.9802856
1468605183.652|0.034668|-0.1370239|-0.9599762
1468605183.673|0.0285187|-0.1330261|-0.9640045
1468605183.694|0.0196381|-0.1339569|-0.9786835
1468605183.715|0.0301361|-0.1365967|-0.976532
1468605183.736|0.0560913|-0.1305695|-0.9523163
1468605183.758|0.0544586|-0.134964|-0.9816742
1468605183.778|0.0514679|-0.1403961|-0.9883423
1468605183.799|0.0597687|-0.1382751|-0.9677429
1468605183.82|0.0587463|-0.1452026|-0.9706268
1468605183.841|0.0482178|-0.1521912|-0.971405
1468605183.862|0.0387421|-0.1573639|-0.9532471
1468605183.883|0.0303802|-0.1604767|-0.9629974
1468605183.904|0.0379333|-0.160141|-0.9693604
1468605183.925|0.0574646|-0.1519012|-0.9744568
1468605183.946|0.0769501|-0.1439209|-0.9710236
1468605183.968|0.0787201|-0.1436615|-0.9823761
1468605183.989|0.0671997|-0.1489258|-0.9855194
1468605184.01|0.0762177|-0.1419678|-0.9759827
1468605184.031|0.0813904|-0.137619|-0.9990997
1468605184.052|0.072464|-0.1382751|-0.9757538
1468605184.073|0.0627136|-0.1424713|-0.9554596
1468605184.094|0.0717621|-0.14534|-0.9538116
1468605184.115|0.0702972|-0.1401825|-0.9696045
1468605184.136|0.0717621|-0.133606|-0.9927368
1468605184.157|0.0829315|-0.1365662|-0.9825592
1468605184.178|0.0796661|-0.1403046|-0.9884949
1468605184.199|0.0726013|-0.1425781|-0.9795685
1468605184.22|0.0606995|-0.1464691|-0.9677887
1468605184.241|0.0666656|-0.1423492|-0.9996796
1468605184.262|0.085022|-0.1330109|-0.9796906
1468605184.283|0.1027069|-0.1333771|-0.9363861
1468605184.304|0.1120911|-0.136734|-0.9775391
1468605184.325|0.0925446|-0.1423035|-0.9795074
1468605184.346|0.0924377|-0.1413879|-0.969101
1468605184.367|0.1156006|-0.1342163|-0.9677887
1468605184.388|0.1219788|-0.1244659|-0.9738617
1468605184.409|0.1268158|-0.1327515|-0.9755707
1468605184.43|0.1449432|-0.1292419|-0.9416809
1468605184.451|0.1489563|-0.1324158|-0.9473724
1468605184.472|0.1455231|-0.1355438|-0.9339294
1468605184.493|0.1492767|-0.1408691|-0.8968353
1468605184.514|0.1340179|-0.1257172|-0.920639
1468605184.535|0.0855713|-0.138916|-1.0028992
1468605184.556|0.0571136|-0.1268158|-1.0390472
1468605184.578|0.0756836|-0.1004486|-1.0033722
1468605184.599|0.0857391|-0.1010437|-0.978302
1468605184.619|0.0613403|-0.0995636|-0.9702911
1468605184.641|0.0633392|-0.1247101|-0.9995575
1468605184.662|0.0666962|-0.1071472|-1.0176392
1468605184.682|0.0762329|-0.0996704|-1.0177612
1468605184.703|0.0702515|-0.0954132|-0.9761658
1468605184.724|0.0812073|-0.0966339|-0.973526
1468605184.745|0.0782318|-0.1003418|-0.9865723
1468605184.766|0.0746918|-0.092041|-0.9962158
1468605184.787|0.0911407|-0.090271|-0.9900208
1468605184.808|0.0868225|-0.084671|-0.983139
1468605184.829|0.0913544|-0.0888214|-0.9888306
1468605184.85|0.1046753|-0.0832214|-0.9693756
1468605184.871|0.1088562|-0.0896454|-0.9535675
1468605184.892|0.0963898|-0.0991211|-0.9792023
1468605184.913|0.0568695|-0.1072235|-1.0046539
1468605184.935|0.0545807|-0.1079712|-0.989975
1468605184.956|0.0779114|-0.1062775|-0.9554138
1468605184.977|0.0666504|-0.1056519|-0.9821472
1468605184.998|0.0532227|-0.0999908|-0.9939728
1468605185.019|0.0644531|-0.0991669|-0.9698181
1468605185.04|0.0634003|-0.096283|-0.9664917
1468605185.061|0.0500488|-0.094986|-0.9729004
1468605185.082|0.0348511|-0.1011353|-0.9701385
1468605185.103|0.0116272|-0.0988312|-0.9943085
1468605185.124|-0.0024872|-0.1004791|-0.9830017
1468605185.145|0.002533|-0.0944824|-0.9569397
1468605185.166|0.0231018|-0.1004639|-0.9576416
1468605185.187|0.0196533|-0.0973053|-0.999939
1468605185.208|0.016037|-0.1021576|-1.0203094
1468605185.229|0.022644|-0.0982971|-1.0046692
1468605185.25|0.0316315|-0.0960693|-1.0107727
1468605185.271|0.0144501|-0.0951233|-1.0259399
1468605185.292|0.0257263|-0.1070404|-1.0002289
1468605185.313|0.0516815|-0.1051483|-0.9646759
1468605185.334|0.0865173|-0.0977478|-0.9659576
1468605185.355|0.0928345|-0.0965118|-1.0002289
1468605185.376|0.1117706|-0.0929565|-0.9786224
1468605185.397|0.1278229|-0.0933228|-0.9785919
1468605185.419|0.1383057|-0.0936127|-1.0119019
1468605185.44|0.1288605|-0.0966187|-1.0415039
1468605185.461|0.1174622|-0.0970917|-1.0436707
1468605185.481|0.1226654|-0.0955658|-1.0308685
1468605185.502|0.1310272|-0.0941772|-1.0119324
1468605185.523|0.1557922|-0.0885468|-0.9955292
1468605185.544|0.1448822|-0.0865631|-1.0054474
1468605185.565|0.1161652|-0.0832672|-1.012146
1468605185.586|0.0992126|-0.0887146|-1.0041656
1468605185.607|0.1125946|-0.0865021|-0.9774017
1468605185.628|0.1138916|-0.0711517|-0.9697266
1468605185.649|0.0997925|-0.0512238|-1.0003662
1468605185.67|0.1002655|-0.0487823|-1.0072021
1468605185.691|0.0810242|-0.0596771|-1.0026093
1468605185.713|0.0528107|-0.0679626|-1.0029755
1468605185.733|0.0254211|-0.082489|-1.0036011
1468605185.754|0.0082245|-0.0941315|-1.0039673
1468605185.775|0.0064545|-0.0931396|-0.999939
1468605185.795|0.0336761|-0.0940094|-0.9958649
1468605185.817|0.0401306|-0.0917969|-0.9904022
1468605185.838|0.0490112|-0.0950623|-0.9967804
1468605185.859|0.0357819|-0.0995636|-1.0034637
1468605185.88|0.0262909|-0.1010742|-0.9949951
1468605185.901|0.0145111|-0.1090393|-0.9886932
1468605185.922|-0.0093994|-0.1105804|-1.0017548
1468605185.943|-0.0159912|-0.1186066|-1.0077515
1468605185.964|0.0004578|-0.1229248|-0.9829102
1468605185.986|0.0168915|-0.1221466|-0.9710236
1468605186.006|0.0015564|-0.1183929|-0.9805145
1468605186.027|-0.0070801|-0.1208191|-0.9874115
1468605186.049|-0.0066071|-0.1319122|-0.9841766
1468605186.07|-0.0088043|-0.1294098|-0.9891205
1468605186.092|-0.0172424|-0.1414642|-0.9932404
1468605186.111|-0.0187225|-0.1453705|-0.9795685
1468605186.133|-0.0038605|-0.1441498|-0.9537506
1468605186.154|0.0018463|-0.1397247|-0.9501648
1468605186.174|-0.0165253|-0.1498108|-0.9654083
1468605186.195|-0.0184021|-0.1531372|-0.9642487
1468605186.216|-0.0120239|-0.1539917|-0.9689636
1468605186.237|-0.0294189|-0.1527557|-0.990509
1468605186.258|-0.0491791|-0.1620026|-0.9806976
1468605186.28|-0.0573425|-0.1651154|-0.9495392
1468605186.3|-0.0485535|-0.1656952|-0.9221039
1468605186.322|-0.022644|-0.1621857|-0.9203491
1468605186.343|0.0145569|-0.1410828|-0.9234161
1468605186.364|0.0377197|-0.1292725|-0.9386597
1468605186.385|0.06633|-0.1172638|-0.9668579
1468605186.405|0.0410309|-0.1116333|-1.0146484
1468605186.427|-0.0097961|-0.1332245|-1.0432892
1468605186.448|-0.0334015|-0.160965|-1.0180054
1468605186.469|-0.010025|-0.1628876|-0.97966
1468605186.489|0.0153809|-0.1613922|-1.0074921
1468605186.51|-0.0001068|-0.1614838|-1.01297
1468605186.532|0.0132751|-0.1725311|-0.9825134
1468605186.554|0.0425873|-0.1646423|-0.9578094
1468605186.574|0.0578461|-0.1515045|-0.9588623
1468605186.595|0.0375519|-0.1455688|-0.9964294
1468605186.616|-0.0028076|-0.1614532|-1.0084839
1468605186.636|-0.0007477|-0.1753387|-0.9806671
1468605186.657|0.0162354|-0.1690521|-0.9642792
1468605186.679|0.013855|-0.1667786|-0.9805756
1468605186.699|-0.0018921|-0.1646729|-0.9926453
1468605186.72|9.16e-05|-0.1818695|-0.9738617
1468605186.742|-0.0082092|-0.1846466|-0.9613647
1468605186.763|-0.0216522|-0.1901245|-0.9671326
1468605186.784|-0.022934|-0.1950836|-0.9747162
1468605186.805|-0.0381317|-0.192688|-0.9993286
1468605186.826|-0.0716705|-0.197403|-1.0174255
1468605186.847|-0.0928345|-0.1963501|-0.9881439
1468605186.867|-0.0773773|-0.2050934|-0.9420624
1468605186.889|-0.0228119|-0.2098541|-0.9086151
1468605186.91|0.0079346|-0.1893463|-0.9589996
1468605186.931|-0.0166931|-0.1825562|-1.0053558
1468605186.951|-0.0250244|-0.1962128|-0.9829865
1468605186.972|-0.0082245|-0.2100067|-0.9447479
1468605186.994|-0.0054779|-0.2124634|-0.9431
1468605187.015|-0.0251007|-0.2226105|-0.990509
1468605187.036|-0.058548|-0.2200775|-1.0128174
1468605187.057|-0.0434875|-0.2314301|-0.9719238
1468605187.078|-0.0042877|-0.2184448|-0.9540253
1468605187.098|-0.0104523|-0.2088318|-0.9750214
1468605187.119|-0.0445709|-0.217041|-1.0061188
1468605187.14|-0.0594177|-0.2300262|-0.9953918
1468605187.161|-0.0430908|-0.2334747|-0.9520874
1468605187.182|0.0187531|-0.2115936|-0.9378357
1468605187.204|0.0236206|-0.2045898|-0.9637909
1468605187.225|-0.0049896|-0.2108307|-0.9835205
1468605187.245|-0.014267|-0.2177277|-0.9573669
1468605187.267|0.010437|-0.2133942|-0.9229889
1468605187.288|0.0144501|-0.2042847|-0.9385071
1468605187.309|-0.0013275|-0.2145691|-0.9740906
1468605187.329|0.0025635|-0.2217407|-0.9533386
1468605187.351|0.0248413|-0.2126923|-0.9364014
1468605187.372|0.0323639|-0.2153931|-0.9602814
1468605187.395|0.011795|-0.2160645|-0.970993
1468605187.413|0.0102234|-0.2185669|-0.9438171
1468605187.434|0.0046997|-0.2206116|-0.948349
1468605187.455|-0.0119781|-0.2204132|-0.9627991
1468605187.477|-0.0012817|-0.2220306|-0.9249725
1468605187.498|0.0159607|-0.2037048|-0.9143829
1468605187.519|0.0141449|-0.1935577|-0.96492
1468605187.54|-0.0163422|-0.1947937|-1.0132446
1468605187.56|-0.0180664|-0.2051239|-1.0088043
1468605187.581|-0.0089722|-0.2107391|-0.937912
1468605187.602|-0.0035248|-0.2080383|-0.9258118
1468605187.623|-0.0323334|-0.2193451|-0.9408569
1468605187.644|-0.0405884|-0.2351074|-0.9253998
1468605187.665|-0.0193329|-0.222641|-0.9120026
1468605187.686|-0.0085449|-0.2120056|-0.9258575
1468605187.707|-0.0218048|-0.2060089|-0.9596558
1468605187.729|-0.0667267|-0.2148743|-1.0071106
1468605187.75|-0.1143799|-0.2218628|-0.9833984
1468605187.771|-0.0937042|-0.2207184|-0.921402
1468605187.791|-0.0701294|-0.2055359|-0.9354248
1468605187.811|-0.0905609|-0.1973419|-0.994751
1468605187.832|-0.113678|-0.2034912|-1.0062103
1468605187.853|-0.132431|-0.2014771|-0.9400482
1468605187.874|-0.106842|-0.1908112|-0.8772736
1468605187.895|-0.0522003|-0.1692047|-0.8764801
1468605187.916|-0.0486755|-0.1516418|-0.9846497
1468605187.937|-0.0926361|-0.1529083|-1.0207062
1468605187.957|-0.131897|-0.1623688|-0.9712219
1468605187.979|-0.1303101|-0.1616974|-0.9215546
1468605188|-0.1304626|-0.152832|-0.9628601
1468605188.021|-0.1644592|-0.1548462|-1.0332031
1468605188.042|-0.187149|-0.1657257|-1.0193787
1468605188.063|-0.1744995|-0.1624451|-0.9628143
1468605188.084|-0.1388092|-0.1546478|-0.9473114
1468605188.105|-0.1311798|-0.1417084|-0.9722748
1468605188.126|-0.1664581|-0.1595764|-1.0417328
1468605188.147|-0.2058411|-0.1717072|-1.0350494
1468605188.168|-0.2136841|-0.1680145|-0.9728851
1468605188.188|-0.1890869|-0.151825|-0.9984894
1468605188.21|-0.181839|-0.1546021|-1.0500336
1468605188.231|-0.1908417|-0.151474|-1.0604248
1468605188.252|-0.1762848|-0.1550293|-1.042923
1468605188.273|-0.1629486|-0.1510925|-1.0213623
1468605188.294|-0.1494293|-0.1502533|-1.0073547
1468605188.315|-0.147171|-0.1450653|-1.0004425
1468605188.336|-0.1540985|-0.1479187|-0.9754333
1468605188.357|-0.1579895|-0.1456299|-0.9808655
1468605188.378|-0.1337433|-0.1432953|-0.9807892
1468605188.399|-0.104126|-0.1307068|-0.9801483
1468605188.419|-0.0843658|-0.1210022|-0.9902039
1468605188.44|-0.0640717|-0.1179657|-1.0180359
1468605188.461|-0.0476532|-0.1290588|-1.0327301
1468605188.482|-0.0442505|-0.1325836|-1.0204315
1468605188.503|-0.057373|-0.1494751|-0.9976501
1468605188.524|-0.0715637|-0.1669006|-0.9635315
1468605188.545|-0.0765533|-0.1713257|-0.9647522
1468605188.567|-0.0642242|-0.1601562|-0.9927826
1468605188.587|-0.039917|-0.1533966|-1.0134735
1468605188.608|-0.0254211|-0.1544952|-0.9992523
1468605188.629|-0.026886|-0.1660461|-0.9915314
1468605188.649|-0.0450745|-0.1643829|-1.0048218
1468605188.671|-0.0493622|-0.1678772|-1.0062866
1468605188.692|-0.0569458|-0.1743622|-0.9760742
1468605188.713|-0.0471649|-0.1754303|-0.9507599
1468605188.734|-0.0464935|-0.1706085|-0.9544983
1468605188.755|-0.0442352|-0.1809387|-0.9649811
1468605188.776|-0.0395203|-0.1954803|-0.9648132
1468605188.797|-0.0328217|-0.1944885|-0.9546356
1468605188.818|-0.0246735|-0.1950836|-0.9692841
1468605188.84|-0.0133667|-0.1888123|-0.9734497
1468605188.86|-0.0078583|-0.1927338|-0.9829407
1468605188.881|-0.0118103|-0.2018127|-0.9780426
1468605188.903|-0.0081635|-0.2043457|-0.9707336
1468605188.924|0.0053101|-0.1990967|-0.967804
1468605188.945|0.0169067|-0.2008667|-0.9552765
1468605188.966|0.0247192|-0.2086334|-0.933075
1468605188.987|0.0294189|-0.2177277|-0.9137421
1468605189.008|0.007309|-0.2273254|-0.9150391
1468605189.029|-0.026886|-0.2267151|-0.9305115
1468605189.05|0.0055847|-0.2263184|-0.9159698
1468605189.071|0.0389252|-0.2206879|-0.9409332
1468605189.091|0.0483551|-0.2074738|-0.9786377
1468605189.112|0.0311584|-0.2075195|-0.9893188
1468605189.134|0.0005035|-0.2128143|-0.9953461
1468605189.155|0.0068359|-0.2067261|-0.9872589
1468605189.177|0.0382233|-0.1997681|-0.9819031
1468605189.197|0.026001|-0.1991272|-1.0079498
1468605189.218|0.0061646|-0.1988678|-1.0205078
1468605189.239|0.0190582|-0.2015076|-0.9807892
1468605189.259|0.0513763|-0.1901245|-0.9489594
1468605189.281|0.0336914|-0.1808777|-0.9872284
1468605189.302|-0.0559692|-0.1867981|-1.0402374
1468605189.322|-0.0588379|-0.2036591|-1.0240479
1468605189.343|-0.0407715|-0.1984863|-0.986145
1468605189.365|-0.0003052|-0.1925812|-0.9493408
1468605189.386|0.0277557|-0.1809998|-0.9385529
1468605189.407|0.0407257|-0.1881561|-0.960556
1468605189.428|0.035553|-0.2016602|-0.9765015
1468605189.449|0.0739288|-0.2079163|-0.9528198
1468605189.47|0.111618|-0.209259|-0.947998
1468605189.49|0.1188354|-0.2112732|-0.9645386
1468605189.512|0.1063843|-0.2167206|-0.9752502
1468605189.533|0.088501|-0.2339325|-0.9654694
1468605189.553|0.0756836|-0.2406769|-0.9532776
1468605189.574|0.0891876|-0.2403259|-0.9404449
1468605189.596|0.0990601|-0.2342682|-0.9436951
1468605189.617|0.0679626|-0.2325745|-0.9534607
1468605189.639|0.0404053|-0.239151|-0.9557037
1468605189.659|0.032196|-0.2480621|-0.9661865
1468605189.68|0.0354614|-0.2506866|-0.9387665
1468605189.701|0.0420227|-0.2537842|-0.9260101
1468605189.722|0.0384979|-0.2518921|-0.949646
1468605189.743|0.0390015|-0.2597809|-0.9617462
1468605189.764|0.0471344|-0.2620239|-0.9376526
1468605189.784|0.0599518|-0.2613678|-0.9279175
1468605189.805|0.050766|-0.2591705|-0.9449463
1468605189.827|0.0572815|-0.2660217|-0.9473572
1468605189.848|0.070282|-0.2676239|-0.9248505
1468605189.868|0.0479736|-0.2602539|-0.9544067
1468605189.89|0.0239868|-0.2591553|-0.9729004
1468605189.911|0.0455475|-0.2830658|-0.9503021
1468605189.932|0.0714264|-0.2623444|-0.9330902
1468605189.952|0.0731049|-0.2595367|-0.9709015
1468605189.974|0.0504608|-0.2721405|-0.993515
1468605189.995|0.0151672|-0.2960358|-1.0131378
1468605190.017|0.0338745|-0.3110809|-0.9268951
1468605190.037|0.0504303|-0.3052521|-0.9126434
1468605190.058|0.036438|-0.2967072|-0.9239655
1468605190.079|0.0329742|-0.297226|-0.9497375
1468605190.101|0.049408|-0.2942657|-0.9416351
1468605190.121|0.082428|-0.2580719|-0.9190979
1468605190.142|0.0863342|-0.231842|-0.9392395
1468605190.163|0.0778351|-0.2338257|-0.9378357
1468605190.184|0.08461|-0.2470398|-0.9225464
1468605190.205|0.1044006|-0.2424469|-0.9174957
1468605190.226|0.1334991|-0.2368011|-0.9263763
1468605190.247|0.1379547|-0.2200928|-0.9212799
1468605190.269|0.1368713|-0.2253418|-0.9246368
1468605190.29|0.1490479|-0.2353668|-0.8958282
1468605190.311|0.1491699|-0.2315674|-0.8891754
1468605190.331|0.1656342|-0.223175|-0.9093933
1468605190.353|0.1822815|-0.2128754|-0.9251404
1468605190.374|0.1773376|-0.2047424|-0.9390411
1468605190.394|0.1477509|-0.2035522|-0.9537659
1468605190.415|0.1377563|-0.2122345|-0.9533844
1468605190.437|0.1661377|-0.2146149|-0.9391327
1468605190.458|0.1921234|-0.2098541|-0.9489594
1468605190.479|0.1830292|-0.2004089|-0.9676056
1468605190.5|0.1664886|-0.2064819|-0.9825745
1468605190.521|0.1577759|-0.2185516|-0.9805756
1468605190.542|0.1746063|-0.2134247|-0.9736328
1468605190.564|0.2174225|-0.215271|-0.9368896
1468605190.584|0.2398682|-0.2265778|-0.9435272
1468605190.605|0.2259521|-0.2426605|-0.9850616
1468605190.625|0.2124176|-0.2637024|-0.9942017
1468605190.646|0.2092743|-0.281311|-0.973526
1468605190.668|0.2391663|-0.2743225|-0.9613495
1468605190.689|0.283783|-0.252594|-0.983078
1468605190.712|0.3022766|-0.2207489|-0.9906158
1468605190.731|0.3203888|-0.1971436|-0.9828339
1468605190.752|0.3340759|-0.1767273|-0.9880981
1468605190.773|0.331131|-0.1700745|-1.0093536
1468605190.794|0.3096313|-0.1687012|-0.9975739
1468605190.815|0.2989197|-0.1927338|-0.9521484
1468605190.836|0.3145294|-0.207962|-0.9060974
1468605190.857|0.3268127|-0.1990509|-0.9180603
1468605190.877|0.3088226|-0.1949615|-0.93367
1468605190.899|0.276062|-0.2037964|-0.9480133
1468605190.92|0.2515411|-0.2129822|-0.9204712
1468605190.943|0.2485962|-0.2156372|-0.9084473
1468605190.962|0.2476501|-0.2149506|-0.9479218
1468605190.983|0.2448425|-0.2160034|-0.9609375
1468605191.004|0.2359161|-0.2233276|-0.9487305
1468605191.025|0.242218|-0.2310944|-0.9166107
1468605191.046|0.2585144|-0.2262421|-0.8988037
1468605191.067|0.2679901|-0.2218018|-0.9152985
1468605191.088|0.2676697|-0.2133026|-0.9322662
1468605191.108|0.2609406|-0.2170105|-0.9306641
1468605191.13|0.2609863|-0.2100372|-0.9263611
1468605191.151|0.2288208|-0.2099457|-0.9500732
1468605191.172|0.223053|-0.210495|-0.958847
1468605191.193|0.2319794|-0.2134399|-0.9398956
1468605191.214|0.2240601|-0.2023621|-0.9540405
1468605191.235|0.1992188|-0.2028809|-0.9805908
1468605191.256|0.1575928|-0.2128143|-0.9739075
1468605191.276|0.1504211|-0.2218323|-0.9628754
1468605191.298|0.164093|-0.2212982|-0.9368439
1468605191.318|0.1640625|-0.2203369|-0.9363556
1468605191.339|0.1427155|-0.2289734|-0.9468689
1468605191.36|0.1239319|-0.2480469|-0.9434967
1468605191.381|0.1280975|-0.2584534|-0.9504395
1468605191.401|0.1429443|-0.2557678|-0.9293213
1468605191.421|0.169754|-0.2420044|-0.914032
1468605191.443|0.1687164|-0.2344513|-0.9276886
1468605191.464|0.1421814|-0.2346954|-0.9573059
1468605191.485|0.1103058|-0.2445679|-0.9536743
1468605191.506|0.1105957|-0.2496643|-0.9452057
1468605191.527|0.1244659|-0.2379456|-0.9481659
1468605191.549|0.143692|-0.2311859|-0.9409637
1468605191.569|0.138031|-0.2249908|-0.9515839
1468605191.59|0.1135712|-0.2303314|-0.9800568
1468605191.611|0.0912781|-0.2390594|-0.9607697
1468605191.632|0.0971222|-0.2417908|-0.9217682
1468605191.653|0.114502|-0.2364044|-0.9226532
1468605191.674|0.1106873|-0.2357941|-0.9323425
1468605191.695|0.1095276|-0.2384033|-0.9318848
1468605191.717|0.1047668|-0.2497864|-0.9435577
1468605191.737|0.0936584|-0.2488098|-0.9922943
1468605191.758|0.0878906|-0.256485|-0.9757996
1468605191.779|0.1094513|-0.2675171|-0.9278259
1468605191.8|0.1269379|-0.2610016|-0.9164124
1468605191.821|0.0774536|-0.2500916|-1.0005951
1468605191.842|0.0506134|-0.2491455|-1.0224152
1468605191.863|0.0875702|-0.2498932|-0.9880524
1468605191.883|0.1280212|-0.2292175|-0.932251
1468605191.904|0.1488037|-0.2105865|-0.9422302
1468605191.925|0.1238403|-0.2039337|-1.008194
1468605191.946|0.1030273|-0.208847|-1.0404358
1468605191.966|0.1105957|-0.2178192|-1.0130768
1468605191.987|0.1214142|-0.2155304|-0.9399719
1468605192.008|0.1117096|-0.2394409|-0.9273834
1468605192.028|0.0589752|-0.2333527|-0.9511261
1468605192.048|0.0483246|-0.2481079|-0.9798584
1468605192.07|0.0137177|-0.245697|-0.9721222
1468605192.091|-0.014328|-0.2562103|-0.9569092
1468605192.112|-0.0154419|-0.2649078|-0.9439697
1468605192.133|-0.0040894|-0.2724152|-0.9416199
1468605192.153|-0.0126953|-0.2656403|-0.9536591
1468605192.174|-0.0279388|-0.2674561|-0.957962
1468605192.195|-0.027832|-0.2739868|-0.9509277
1468605192.216|-0.0033722|-0.2731476|-0.9404449
1468605192.237|-0.0176849|-0.2596893|-0.9184113
1468605192.259|-0.0350494|-0.2677765|-0.9109344
1468605192.279|-0.0547028|-0.2781219|-0.9181366
1468605192.301|-0.0418243|-0.2719879|-0.9029388
1468605192.322|-0.0340576|-0.2455444|-0.8840637
1468605192.343|-0.0224304|-0.2256622|-0.8753967
1468605192.364|-0.0037842|-0.2407074|-0.885849
1468605192.384|-0.0013275|-0.2417755|-0.9187012
1468605192.405|-0.0159607|-0.2516785|-0.9452972
1468605192.428|-0.043869|-0.2480011|-0.9309235
1468605192.448|-0.043045|-0.2478485|-0.9138947
1468605192.469|-0.0186157|-0.2370148|-0.930542
1468605192.49|-0.025177|-0.2189331|-0.9573975
1468605192.51|-0.0236511|-0.2511749|-0.9639893
1468605192.532|-0.0565796|-0.2531891|-0.9409027
1468605192.553|-0.0273285|-0.2717285|-0.9234772
1468605192.575|-0.0821533|-0.2439117|-0.9983521
1468605192.594|-0.1166687|-0.2677307|-0.9872589
1468605192.615|-0.1195679|-0.2685547|-0.952774
1468605192.636|-0.0396576|-0.237854|-0.9093323
1468605192.658|-0.0321198|-0.1986847|-0.9357605
1468605192.677|-0.0635529|-0.203064|-0.979599
1468605192.699|-0.1090851|-0.2119446|-0.9724426
1468605192.72|-0.1249695|-0.2169647|-0.9113007
1468605192.74|-0.0985107|-0.2011719|-0.9595947
1468605192.761|-0.106308|-0.1768188|-1.0353394
1468605192.782|-0.1396637|-0.2010803|-1.0856934
1468605192.803|-0.2209625|-0.2335358|-1.0648346
1468605192.824|-0.2348633|-0.2604523|-1.0050049
1468605192.845|-0.1976471|-0.2594299|-0.9429626
1468605192.866|-0.167511|-0.2272034|-0.9809875
1468605192.889|-0.1747284|-0.243988|-1.0042725
1468605192.909|-0.1963348|-0.2750092|-1.0075989
1468605192.93|-0.1903839|-0.2859802|-0.9551849
1468605192.951|-0.1679382|-0.2717896|-0.9110718
1468605192.971|-0.1665955|-0.24617|-0.9444427
1468605192.993|-0.1655884|-0.2309113|-0.9651489
1468605193.014|-0.1847076|-0.2343445|-0.9654541
1468605193.035|-0.1585846|-0.2301331|-0.9627686
1468605193.055|-0.1494751|-0.2237701|-0.9289093
1468605193.077|-0.1616974|-0.2431641|-0.8914795
1468605193.098|-0.1819458|-0.2614899|-0.8899994
1468605193.119|-0.194046|-0.2548218|-0.918335
1468605193.14|-0.2112732|-0.2373962|-0.9107056
1468605193.161|-0.1928711|-0.2443542|-0.9457092
1468605193.182|-0.2194672|-0.2434082|-0.9698639
1468605193.202|-0.1658783|-0.2233124|-0.9483185
1468605193.223|-0.1565552|-0.2088776|-0.9420471
1468605193.244|-0.1770935|-0.2063599|-0.9657288
1468605193.265|-0.2040863|-0.22229|-0.9812622
1468605193.286|-0.2014771|-0.2192993|-1.0136414
1468605193.307|-0.1714172|-0.1836243|-1.0185089
1468605193.328|-0.1850739|-0.1934509|-1.0157776
1468605193.35|-0.2065277|-0.1986389|-0.988205
1468605193.37|-0.2108002|-0.1927795|-0.9874725
1468605193.392|-0.1976471|-0.186203|-1.0124512
1468605193.413|-0.1730499|-0.1746674|-1.0257721
1468605193.434|-0.1830444|-0.1524811|-0.990448
1468605193.455|-0.1730194|-0.1744995|-0.9621887
1468605193.476|-0.1852417|-0.1629639|-0.9548035
1468605193.496|-0.1712646|-0.1651459|-0.9630585
1468605193.517|-0.1680145|-0.1567841|-0.9693756
1468605193.538|-0.1700439|-0.1486969|-0.9844818
1468605193.559|-0.155014|-0.1520844|-1.0033569
1468605193.582|-0.1151733|-0.1335449|-0.9924774
1468605193.602|-0.0824585|-0.1287384|-0.9909668
1468605193.623|-0.0721436|-0.1263733|-0.9800415
1468605193.644|-0.0684357|-0.1281128|-0.9835968
1468605193.664|-0.0461884|-0.131012|-0.9915924
1468605193.686|-0.0365448|-0.1221313|-0.9773254
1468605193.707|-0.0255737|-0.141571|-0.9833374
1468605193.727|-0.0246887|-0.1377563|-0.9854279
1468605193.748|0.0058594|-0.1176453|-1.0076752
1468605193.769|0.00354|-0.1187134|-1.0183411
1468605193.79|-0.0011902|-0.1411591|-1.0319824
1468605193.812|-0.003067|-0.1459808|-1.0244446
1468605193.832|0.0063477|-0.1412659|-0.9979248
1468605193.853|0.0016479|-0.1532898|-0.9774323
1468605193.874|-0.0040741|-0.172226|-0.9671936
1468605193.895|0.0145264|-0.1764526|-0.9725952
1468605193.917|0.0293732|-0.1668243|-0.9401093
1468605193.938|0.0852966|-0.1537781|-0.9143372
1468605193.958|0.1101837|-0.1478424|-0.9156647
1468605193.979|0.1071014|-0.1529236|-0.9440613
1468605194|0.1029358|-0.1502228|-0.980484
1468605194.021|0.1308899|-0.1355743|-0.9602203
1468605194.042|0.1645966|-0.1346588|-0.9549103
1468605194.064|0.1760712|-0.1427917|-0.9641724
1468605194.084|0.1427155|-0.1666565|-0.9490509
1468605194.106|0.0723419|-0.1976776|-0.9319458
1468605194.127|0.0289154|-0.1783752|-0.9390259
1468605194.147|0.08638|-0.1565552|-0.9909668
1468605194.168|0.1074066|-0.1338959|-1.0472412
1468605194.189|0.1186981|-0.1278687|-1.0509796
1468605194.21|0.1220856|-0.1202545|-1.0012512
1468605194.231|0.1238403|-0.1287537|-0.9469452
1468605194.252|0.1183167|-0.131485|-0.9490967
1468605194.273|0.093811|-0.1423645|-1.0208588
1468605194.294|0.0767517|-0.1587524|-1.0335541
1468605194.315|0.0783234|-0.1630707|-0.9969482
1468605194.336|0.0719299|-0.1449127|-0.9459991
1468605194.357|0.088562|-0.151825|-0.9381866
1468605194.378|0.0925903|-0.1638489|-0.9524689
1468605194.399|0.0866241|-0.1732483|-0.9702759
1468605194.442|0.0700836|-0.1707001|-0.9754944
1468605194.461|0.0449677|-0.1841736|-0.954834
1468605194.483|0.0388184|-0.1995697|-0.9301453
1468605194.504|0.0433655|-0.1945801|-0.9352875
1468605194.525|0.0660858|-0.1844177|-0.9526672
1468605194.546|0.0997314|-0.1767426|-0.957489
1468605194.567|0.1287384|-0.164978|-0.9369965
1468605194.588|0.1069641|-0.1811218|-0.9296112
1468605194.609|0.0866852|-0.1886139|-0.927597
1468605194.63|0.0911865|-0.1957092|-0.9226532
1468605194.65|0.1112518|-0.185257|-0.9407349
1468605194.671|0.1144867|-0.1763916|-0.9487
1468605194.692|0.1224823|-0.1748962|-0.9467773
1468605194.713|0.1051636|-0.1742706|-0.943985
1468605194.735|0.0935516|-0.1830902|-0.9554291
1468605194.756|0.0913239|-0.1737823|-0.97995
1468605194.777|0.087265|-0.1593933|-1.0020905
1468605194.798|0.0875092|-0.1905975|-0.9689789
1468605194.819|0.0603485|-0.197525|-0.9546661
1468605194.84|0.0483398|-0.1875305|-0.9752045
1468605194.861|0.0476837|-0.191864|-0.9700317
1468605194.882|0.0633087|-0.1849976|-0.9685211
1468605194.902|0.0848846|-0.1789246|-0.980011
1468605194.924|0.0912628|-0.1775513|-0.9927521
1468605194.945|0.0834808|-0.1827545|-0.9767151
1468605194.968|0.0818481|-0.1743164|-0.9790344
1468605194.987|0.0950317|-0.160553|-0.9973297
1468605195.008|0.0973206|-0.1504364|-1.0128784
1468605195.029|0.0813599|-0.1549072|-1.0072632
1468605195.05|0.088974|-0.1556854|-0.982193
1468605195.071|0.1218414|-0.1555939|-0.9539795
1468605195.092|0.140213|-0.1467896|-0.9682922
1468605195.113|0.1315155|-0.157135|-0.9773712
1468605195.133|0.1340637|-0.1637115|-0.9731445
1468605195.155|0.1387634|-0.1578217|-0.9700317
1468605195.176|0.1581573|-0.1459808|-0.9675293
1468605195.197|0.183136|-0.1370087|-0.9529877
1468605195.218|0.1876678|-0.1322784|-0.9569702
1468605195.239|0.1735077|-0.1330566|-0.9768524
1468605195.26|0.1882172|-0.1376801|-0.9837189
1468605195.282|0.2015076|-0.131134|-0.9581146
1468605195.302|0.2135773|-0.1290131|-0.9512177
1468605195.323|0.2108307|-0.1344604|-0.9571686
1468605195.344|0.2133026|-0.1357117|-0.9616547
1468605195.364|0.2604065|-0.1353455|-0.9537201
1468605195.386|0.2775269|-0.1296997|-0.9538879
1468605195.407|0.2836609|-0.1317749|-0.9564819
1468605195.429|0.2987366|-0.1372375|-0.9351959
1468605195.449|0.3147736|-0.1363983|-0.9370575
1468605195.47|0.3153229|-0.1191711|-0.9681396
1468605195.491|0.305191|-0.1130066|-1.0021515
1468605195.512|0.2999573|-0.1132812|-1.0189667
1468605195.533|0.2905579|-0.1203766|-1.0032043
1468605195.554|0.304306|-0.1187897|-0.9951324
1468605195.575|0.318161|-0.1262665|-1.0043335
1468605195.595|0.3476105|-0.1515045|-0.9954681
1468605195.617|0.3901978|-0.1585693|-0.9743652
1468605195.638|0.3706055|-0.1464539|-0.9977264
1468605195.66|0.3222961|-0.1397095|-1.0311584
1468605195.68|0.2915344|-0.1347046|-1.0264587
1468605195.701|0.3182068|-0.1193237|-1.0002747
1468605195.722|0.3119507|-0.0982056|-1.0074768
1468605195.743|0.26474|-0.1004333|-1.0289001
1468605195.763|0.206192|-0.1305084|-1.0048981
1468605195.785|0.1875|-0.1516724|-0.9724731
1468605195.806|0.2092285|-0.1364746|-0.9323425
1468605195.826|0.2320557|-0.1091766|-0.9160461
1468605195.848|0.1946259|-0.1184235|-0.9213867
1468605195.869|0.1796875|-0.1514435|-0.9327545
1468605195.891|0.1904297|-0.1371002|-0.9186859
1468605195.911|0.2303009|-0.1195221|-0.9080811
1468605195.932|0.1946411|-0.0960083|-0.9281006
1468605195.953|0.1567383|-0.1121521|-0.9467468
1468605195.974|0.1273651|-0.1564789|-0.9438019
1468605195.994|0.1463318|-0.1826019|-0.8578644
1468605196.016|0.165802|-0.1422272|-0.8887482
1468605196.037|0.1761169|-0.1389465|-0.9182892
1468605196.057|0.2073669|-0.1210632|-0.9261169
1468605196.079|0.1955414|-0.1487732|-0.914032
1468605196.1|0.2329407|-0.1638184|-0.8622742
1468605196.121|0.2738953|-0.1247711|-0.8651886
1468605196.142|0.2836914|-0.0933838|-0.9819946
1468605196.163|0.2356567|-0.0957336|-1.0206604
1468605196.184|0.2229004|-0.0966644|-0.9701233
1468605196.204|0.2170105|-0.093338|-0.9358215
1468605196.226|0.177948|-0.144104|-0.9521027
1468605196.247|0.1209564|-0.1233215|-1.0062561
1468605196.268|0.0671692|-0.1501007|-1.045105
1468605196.288|0.0480804|-0.1538239|-0.9797058
1468605196.309|0.075058|-0.1408539|-0.9539948
1468605196.331|0.0936584|-0.142334|-0.9350433
1468605196.352|0.1016693|-0.1357422|-0.9865265
1468605196.372|0.0712585|-0.1075287|-1.0095825
1468605196.393|0.0362396|-0.1161194|-1.0123138
1468605196.414|0.0412445|-0.1212158|-0.9794922
1468605196.436|0.071106|-0.1091156|-0.9802856
1468605196.457|0.0650177|-0.1048889|-1.028717
1468605196.478|0.0357971|-0.1239777|-1.0256348
1468605196.499|-0.0001831|-0.1272736|-0.9777374
1468605196.519|0.0507355|-0.1206818|-0.9837189
1468605196.541|0.0254517|-0.1278381|-1.0285187
1468605196.562|0.0165558|-0.1490936|-0.9717102
1468605196.584|0.0494232|-0.1472778|-0.9510193
1468605196.604|0.0899048|-0.1076965|-0.9617767
1468605196.624|0.0596466|-0.1219788|-1.0042725
1468605196.645|0.010849|-0.1456604|-1.0024261
1468605196.666|0.0127563|-0.151062|-0.9431152
1468605196.686|0.1624298|-0.0937347|-0.9537048
1468605196.707|0.158844|-0.0880585|-1.0139465
1468605196.728|0.0619507|-0.1078644|-0.9975433
1468605196.749|0.0279846|-0.1306|-0.9644623
1468605196.77|0.0918579|-0.1344757|-0.9101868
1468605196.791|0.1463013|-0.0965424|-0.8963013
1468605196.811|0.1438904|-0.0904083|-0.955368
1468605196.832|0.0324402|-0.1438141|-1.0361633
1468605196.854|-0.0242157|-0.1526337|-1.0373077
1468605196.875|0.0432739|-0.1477203|-0.9735107
1468605196.896|0.145874|-0.1275635|-0.9402466
1468605196.916|0.1625519|-0.098526|-0.9546814
1468605196.938|0.0893555|-0.0816803|-0.9710541
1468605196.959|0.0584259|-0.1108856|-1.0048981
1468605196.981|0.0773163|-0.1044464|-0.9833069
1468605197.001|0.0805206|-0.0882568|-1.0075073
1468605197.022|0.0325623|-0.0890198|-1.0272827
1468605197.043|0.034317|-0.0955658|-0.9790955
1468605197.064|0.0780334|-0.0987701|-0.9643555
1468605197.085|0.1169586|-0.0880585|-0.9707947
1468605197.106|0.0612335|-0.1116486|-1.0550232
1468605197.127|-0.0096893|-0.1512451|-1.0013275
1468605197.148|0.0207977|-0.1534271|-0.938385
1468605197.17|0.0747986|-0.1691132|-0.927948
1468605197.191|0.0119934|-0.1931458|-1.0391541
1468605197.211|-0.1144409|-0.2080536|-1.0530396
1468605197.232|-0.1008759|-0.1764374|-0.9449921
1468605197.253|0.1179352|-0.09552|-0.8769836
1468605197.274|0.1225891|-0.0744934|-0.9189301
1468605197.294|0.0295258|-0.0971069|-0.9876251
1468605197.316|-0.0426483|-0.1168671|-0.9914856
1468605197.337|-0.0394897|-0.1075134|-0.9528656
1468605197.359|0.0111847|-0.0891571|-0.9984894
1468605197.379|-0.0036316|-0.0731964|-1.0501862
1468605197.401|-0.0661469|-0.0982056|-1.0635071
1468605197.422|-0.0817719|-0.0944214|-1.0309296
1468605197.442|-0.0283051|-0.080719|-0.973938
1468605197.463|-0.009201|-0.0810699|-0.9906769
1468605197.484|-0.0380554|-0.0929565|-1.0310364
1468605197.505|-0.0594788|-0.0848541|-1.0198975
1468605197.525|-0.0594482|-0.0789032|-1.0090027
1468605197.547|-0.0860443|-0.0944061|-1.0129547
1468605197.568|-0.1105957|-0.0971985|-0.9700012
1468605197.589|-0.0866394|-0.0974121|-0.983902
1468605197.61|-0.0630951|-0.1138153|-1.0314636
1468605197.631|-0.0849762|-0.114563|-1.0261078
1468605197.653|-0.127182|-0.1144409|-1.0079956
1468605197.673|-0.1289368|-0.0914764|-0.9707336
1468605197.694|-0.1342468|-0.0723114|-0.9363251
1468605197.715|-0.1118469|-0.0678864|-0.9560852
1468605197.736|-0.0967255|-0.0966034|-1.0070801
1468605197.756|-0.1029816|-0.1035614|-1.029129
1468605197.778|-0.1000214|-0.0952301|-1.0257721
1468605197.799|-0.0642242|-0.0873413|-1.0267944
1468605197.819|0.0027771|-0.0670319|-1.0151367
1468605197.841|0.0147247|-0.0630646|-0.9976044
1468605197.862|-0.0237732|-0.0856934|-1.0134583
1468605197.883|-0.0711212|-0.1233368|-1.0667877
1468605197.904|-0.0504761|-0.1282654|-1.0811768
1468605197.925|0.0217743|-0.1120453|-1.0409393
1468605197.946|0.073822|-0.1129608|-1.0412903
1468605197.967|0.0394745|-0.1068573|-1.0519562
1468605197.987|0.0198517|-0.1157074|-1.0681458
1468605198.009|0.033844|-0.1078033|-1.0780029
1468605198.03|0.0545654|-0.0960999|-1.0572968
1468605198.051|0.0695496|-0.0957642|-1.0451965
1468605198.072|0.0322266|-0.116745|-1.0622253
1468605198.093|0.0055084|-0.1180878|-1.0601501
1468605198.114|0.0205994|-0.1121521|-1.0132904
1468605198.135|0.0584106|-0.1274109|-1.0175476
1468605198.156|0.0449829|-0.1207275|-0.9957886
1468605198.177|0.0409698|-0.1106415|-0.975174
1468605198.198|0.033432|-0.1052704|-0.9595337
1468605198.218|0.0439758|-0.1332092|-0.9500122
1468605198.24|0.0498199|-0.1335144|-0.9164276
1468605198.261|0.0716248|-0.1226807|-0.8708954
1468605198.282|0.1147919|-0.1306305|-0.8656464
1468605198.303|0.1215057|-0.1271667|-0.8646545
1468605198.324|0.0968628|-0.128418|-0.8470001
1468605198.345|0.0842743|-0.1452789|-0.8339081
1468605198.366|0.0935364|-0.1578217|-0.8651733
1468605198.387|0.112442|-0.1486816|-0.85112
1468605198.408|0.1217041|-0.1399994|-0.8500977
1468605198.428|0.1167755|-0.135849|-0.891449
1468605198.449|0.086319|-0.1394348|-0.9014893
1468605198.471|0.0714264|-0.138092|-0.8622589
1468605198.492|0.0655975|-0.1142883|-0.8382416
1468605198.514|0.0608215|-0.0925903|-0.9208374
1468605198.534|-0.0356903|-0.0740356|-0.9814758
1468605198.555|-0.0832214|-0.0696259|-0.9785156
1468605198.576|-0.1200104|-0.091507|-0.9607849
1468605198.596|-0.1405182|-0.118454|-0.9640961
1468605198.618|-0.1643219|-0.1100006|-0.9610138
1468605198.639|-0.1660614|-0.084671|-0.9703064
1468605198.66|-0.1710052|-0.0618744|-1.0354156
1468605198.68|-0.1779022|-0.0848999|-1.0138397
1468605198.702|-0.1871338|-0.0758057|-1.0114136
1468605198.723|-0.1924438|-0.0726776|-0.9887238
1468605198.745|-0.1691589|-0.0774536|-1.0024109
1468605198.765|-0.1525421|-0.0757446|-0.9848785
1468605198.786|-0.1564484|-0.0622253|-1.0294495
1468605198.807|-0.2171326|-0.0443115|-1.068985
1468605198.829|-0.2262726|-0.055542|-1.0428314
1468605198.849|-0.2032471|-0.0601959|-0.9820557
1468605198.87|-0.1668091|-0.0384827|-1.0175171
1468605198.891|-0.145752|-0.0503998|-1.0328979
1468605198.911|-0.1447601|-0.0454559|-1.0191345
1468605198.933|-0.115509|-0.0114746|-0.9715576
1468605198.954|-0.0753174|-0.02388|-0.9765015
1468605198.976|-0.097229|-0.024231|-1.0009155
1468605198.996|-0.0988617|-0.0076752|-1.0332031
1468605199.017|-0.0695953|0.0041046|-1.0193176
1468605199.038|-0.0522919|-0.0060425|-0.9912415
1468605199.059|-0.0556946|-0.0118408|-0.9711761
1468605199.08|-0.0501251|0.0245972|-1.0207825
1468605199.101|-0.024765|0.0132599|-1.0276642
1468605199.122|-0.0273895|-0.0112457|-1.0202637
1468605199.142|-0.0744476|-0.0098419|-1.0419006
1468605199.164|-0.0918884|0.0043488|-1.0624084
1468605199.185|-0.0536804|0.0045471|-1.0339508
1468605199.206|-0.0210419|-0.0111084|-1.0261688
1468605199.227|-0.0377655|-0.009552|-1.0723267
1468605199.248|-0.0484314|0.0118713|-1.0811615
1468605199.269|-0.024353|-0.0102386|-1.0429535
1468605199.291|-0.0170441|-0.0212402|-1.0413361
1468605199.311|-0.0380707|-0.0029907|-1.0852814
1468605199.332|-0.0309906|-0.0017395|-1.1277924
1468605199.353|-0.0043793|-0.0326385|-1.0792389
1468605199.374|0.0140686|-0.0460815|-1.0657959
1468605199.395|0.0493317|-0.0457306|-1.1006927
1468605199.416|0.0827332|-0.0530243|-1.0909729
1468605199.438|0.0879517|-0.0618591|-1.0792084
1468605199.458|0.1034851|-0.0592804|-1.0857544
1468605199.479|0.1146088|-0.0627594|-1.0661469
1468605199.5|0.1393738|-0.0767975|-1.0151062
1468605199.52|0.1471405|-0.0865784|-1.014679
1468605199.542|0.1403961|-0.1070709|-1.0235748
1468605199.563|0.0986938|-0.1151123|-1.0133514
1468605199.584|0.0956268|-0.123291|-0.9978027
1468605199.604|0.122818|-0.1103363|-0.967392
1468605199.626|0.1541595|-0.102417|-0.9580383
1468605199.647|0.1689301|-0.1097107|-0.9578094
1468605199.669|0.1413116|-0.1185608|-0.9432831
1468605199.689|0.1063995|-0.1336823|-0.94133
1468605199.71|0.1120605|-0.1408539|-0.9260101
1468605199.731|0.1374054|-0.1385956|-0.9105835
1468605199.752|0.1405792|-0.1554413|-0.9260406
1468605199.773|0.1096344|-0.1735077|-0.9245911
1468605199.794|0.0830536|-0.1598663|-0.8895721
1468605199.815|0.0574799|-0.1544495|-0.8981018
1468605199.835|0.0347443|-0.1729889|-0.8862305
1468605199.857|0.0115051|-0.1878052|-0.8521118
1468605199.878|-0.010437|-0.1898804|-0.8699188
1468605199.9|-0.0385132|-0.193634|-0.9066467
1468605199.92|-0.0285034|-0.1897736|-0.8586121
1468605199.941|0.000412|-0.1711273|-0.8175201
1468605199.962|-0.0016022|-0.1535339|-0.8649139
1468605199.983|-0.0126801|-0.1534729|-0.878418
1468605200.004|-0.0143433|-0.1609344|-0.8252716
1468605200.025|-0.008606|-0.1647644|-0.7995148
1468605200.046|-0.0207825|-0.145462|-0.8570862
1468605200.066|-0.0918579|-0.1447601|-0.9178009
1468605200.088|-0.1136475|-0.1611023|-0.8747101
1468605200.109|-0.1143646|-0.1411285|-0.876236
1468605200.13|-0.1617737|-0.1176453|-0.9842377
1468605200.151|-0.2292175|-0.1242065|-1.0501709
1468605200.172|-0.2495117|-0.1417694|-1.010376
1468605200.193|-0.2052307|-0.1282043|-0.8898468
1468605200.213|-0.1894989|-0.1157227|-0.9568634
1468605200.235|-0.2133789|-0.1204987|-1.0009308
1468605200.256|-0.1962738|-0.1197052|-0.9460449
1468605200.277|-0.173172|-0.0958557|-0.9583282
1468605200.297|-0.22052|-0.0789337|-1.0554962
1468605200.319|-0.228363|-0.0815582|-1.072113
1468605200.34|-0.1816406|-0.080307|-1.0509186
1468605200.361|-0.1337738|-0.0569916|-1.022995
1468605200.382|-0.1609192|-0.0548401|-1.0388947
1468605200.403|-0.1759491|-0.0798187|-1.0329437
1468605200.424|-0.1726074|-0.0897064|-0.9923248
1468605200.445|-0.1633453|-0.0862274|-1.006012
1468605200.466|-0.1538696|-0.0854645|-1.0066833
1468605200.487|-0.15979|-0.0699158|-1.0118103
1468605200.507|-0.1353455|-0.0589905|-0.9979401
1468605200.528|-0.1235199|-0.0817108|-0.9812775
1468605200.55|-0.1248779|-0.0896912|-0.9666901
1468605200.571|-0.1448517|-0.0814209|-0.9895935
1468605200.592|-0.1517944|-0.0546417|-1.0246887
1468605200.613|-0.1416016|-0.0541687|-1.0218048
1468605200.634|-0.1515656|-0.0632172|-0.9932709
1468605200.655|-0.1557312|-0.048645|-1.0031281
1468605200.675|-0.1399231|-0.0485077|-1.0052185
1468605200.697|-0.1320953|-0.0602264|-1.0074005
1468605200.718|-0.14534|-0.0642242|-1.0140839
1468605200.739|-0.171051|-0.0483704|-1.0374451
1468605200.759|-0.1676483|-0.0555267|-1.0162048
1468605200.781|-0.130722|-0.0388794|-0.9975586
1468605200.802|-0.1160126|-0.019928|-1.0059052
1468605200.824|-0.0862122|-0.0236816|-1.0148315
1468605200.844|-0.0689392|-0.0361786|-1.0427856
1468605200.865|-0.0811615|-0.04245|-1.0830536
1468605200.886|-0.0913696|-0.0370789|-1.1033478
1468605200.906|-0.0418549|-0.0150452|-1.0617065
1468605200.928|-0.0193329|-0.0159302|-1.0812836
1468605200.949|-0.0069733|-0.0091553|-1.0968018
1468605200.969|0.0277863|-0.0221558|-1.0542297
1468605200.99|0.0626678|-0.0335541|-1.0001068
1468605201.012|0.0659332|-0.0495758|-1.0330811
1468605201.033|0.0250549|-0.063797|-1.0833893
1468605201.055|0.0106659|-0.0827332|-1.081665
1468605201.075|0.0258331|-0.0782928|-1.0764008
1468605201.096|0.0522766|-0.0848694|-1.0799103
1468605201.117|0.0664368|-0.0927277|-1.0638733
1468605201.137|0.0702972|-0.1113281|-1.062561
1468605201.159|0.0569763|-0.1215668|-1.0723572
1468605201.18|0.0690155|-0.122818|-1.0186768
1468605201.2|0.0941925|-0.1291656|-1.018158
1468605201.221|0.1004028|-0.1429596|-1.0234528
1468605201.243|0.0949707|-0.1497803|-0.9880524
1468605201.264|0.0812683|-0.1495209|-0.9779205
1468605201.285|0.100235|-0.1418762|-1.0045319
1468605201.306|0.1337585|-0.1411743|-1.0044403
1468605201.327|0.1388702|-0.1531982|-0.9298096
1468605201.348|0.1286774|-0.1656799|-0.8901978
1468605201.368|0.092453|-0.1798401|-0.8807068
1468605201.389|0.0657501|-0.1836243|-0.8713379
1468605201.41|0.0719147|-0.1873169|-0.8354034
1468605201.431|0.0843201|-0.1934509|-0.815567
1468605201.452|0.0634766|-0.1978302|-0.8128052
1468605201.474|0.033783|-0.1999359|-0.8351288
1468605201.494|0.0312347|-0.2004395|-0.8173828
1468605201.514|0.01828|-0.2071228|-0.8193665
1468605201.534|-0.021759|-0.2037354|-0.8390656
1468605201.556|-0.0507507|-0.2060547|-0.8209534
1468605201.577|-0.0440826|-0.2028961|-0.8131104
1468605201.599|-0.0314941|-0.2113495|-0.8095856
1468605201.619|-0.053772|-0.1893616|-0.8283997
1468605201.64|-0.0708008|-0.1766968|-0.8319244
1468605201.661|-0.1194458|-0.1734161|-0.8398285
1468605201.683|-0.1452789|-0.1717224|-0.8720245
1468605201.703|-0.1425476|-0.162384|-0.8731232
1468605201.724|-0.1312714|-0.1498566|-0.9295349
1468605201.745|-0.1446686|-0.1585083|-0.9660339
1468605201.765|-0.1743469|-0.1676331|-0.9316254
1468605201.787|-0.1530151|-0.1605225|-0.9121704
1468605201.808|-0.1400452|-0.1386719|-0.9632874
1468605201.829|-0.1272888|-0.1145172|-0.9907379
1468605201.85|-0.1412506|-0.0812988|-0.9829712
1468605201.871|-0.1668243|-0.0990601|-1.0228882
1468605201.892|-0.2335358|-0.101181|-1.068924
1468605201.913|-0.2633057|-0.1076355|-0.994339
1468605201.933|-0.1918945|-0.0759125|-0.9216003
1468605201.955|-0.1346588|-0.0653839|-0.9724579
1468605201.975|-0.1829681|-0.0728302|-1.0934296
1468605201.996|-0.2249908|-0.0709534|-1.138443
1468605202.018|-0.2299347|-0.084671|-1.1172791
1468605202.039|-0.2108002|-0.0718231|-1.0800323
1468605202.06|-0.1360779|-0.0499725|-1.0643158
1468605202.081|-0.1191406|-0.0347137|-1.0681915
1468605202.102|-0.1411743|-0.040741|-1.0588226
1468605202.123|-0.1452942|-0.0733185|-1.0226593
1468605202.144|-0.1465149|-0.0745087|-1.0177002
1468605202.165|-0.1400452|-0.0573883|-1.0601196
1468605202.186|-0.1113892|-0.0340118|-1.0986633
1468605202.207|-0.0727844|-0.0587769|-1.0786438
1468605202.227|-0.0520782|-0.0632935|-1.0346527
1468605202.249|-0.0508575|-0.0675507|-1.0571289
1468605202.27|-0.0684204|-0.0648041|-1.0930939
1468605202.292|-0.0876007|-0.0536957|-1.0651703
1468605202.312|-0.0427704|-0.0485535|-0.9931488
1468605202.333|-0.0258179|-0.0505524|-1.0096741
1468605202.354|-0.0375366|-0.0673065|-1.0185699
1468605202.375|-0.0338287|-0.0704651|-0.9812012
1468605202.396|-0.0081329|-0.0403137|-0.9674683
1468605202.417|0.0332031|-0.029068|-1.0438843
1468605202.438|0.0397491|-0.0254669|-1.120224
1468605202.458|0.0295258|-0.0351868|-1.0524292
1468605202.48|0.0100098|-0.0593719|-1.033493
1468605202.501|-0.006897|-0.0658722|-1.0574799
1468605202.522|-0.012558|-0.0557709|-1.0805817
1468605202.543|-0.0093842|-0.0590057|-1.0723267
1468605202.564|0.0141907|-0.0728149|-1.063858
1468605202.585|0.0384369|-0.0641022|-1.0826416
1468605202.606|0.0286865|-0.0637817|-1.149353
1468605202.627|0.0594482|-0.0827179|-1.108017
1468605202.648|0.0886536|-0.0780945|-1.0570831
1468605202.669|0.0908203|-0.0680084|-1.0187073
1468605202.69|0.055481|-0.0688019|-1.0374756
1468605202.711|0.0254211|-0.0876007|-1.0885162
1468605202.732|0.0263824|-0.1053009|-1.0633392
1468605202.753|0.0712738|-0.1067963|-1.0119324
1468605202.774|0.0661163|-0.1066437|-0.9724884
1468605202.795|0.066391|-0.1159515|-0.9441681
1468605202.816|0.0949097|-0.1231079|-0.9330292
1468605202.836|0.1156921|-0.1256866|-0.9438629
1468605202.858|0.1067657|-0.1282196|-0.976532
1468605202.879|0.0817566|-0.1244202|-0.8557434
1468605202.902|0.0967865|-0.1348267|-0.8148804
1468605202.92|0.1058502|-0.1427612|-0.9014587
1468605202.942|0.151535|-0.2234192|-0.9442139
1468605202.963|0.1029205|-0.1825256|-0.8705292
1468605202.984|0.0753784|-0.179245|-0.873642
1468605203.005|0.0248108|-0.2040863|-0.9252472
1468605203.026|0.0597534|-0.2178802|-0.8727722
1468605203.047|0.1031494|-0.2059174|-0.8619385
1468605203.068|0.115921|-0.2031097|-0.8536072
1468605203.089|0.0944672|-0.2087708|-0.8272247
1468605203.11|0.0802765|-0.2186127|-0.8173981
1468605203.131|0.0670624|-0.2189331|-0.8358765
1468605203.151|0.0583496|-0.2118683|-0.8670502
1468605203.173|0.0420532|-0.2001953|-0.8663025
1468605203.193|0.0115509|-0.2026672|-0.9129791
1468605203.216|-0.0500031|-0.2080688|-0.9538269
1468605203.236|-0.0947723|-0.2253113|-0.9602051
1468605203.257|-0.1024628|-0.2249451|-0.9051361
1468605203.28|-0.0557861|-0.2216949|-0.8468475
1468605203.298|0.024765|-0.2150269|-0.8522644
1468605203.32|0.029007|-0.2161102|-0.8955383
1468605203.341|-0.0059509|-0.2224579|-0.9155273
1468605203.362|-0.0486755|-0.2458191|-0.9127197
1468605203.382|-0.0484924|-0.2566833|-0.9028473
1468605203.404|-0.0110626|-0.2393036|-0.8922424
1468605203.424|0.0132141|-0.2108612|-0.9120789
1468605203.445|-0.0135651|-0.1850433|-0.958313
1468605203.466|-0.0196381|-0.1760101|-0.9551849
1468605203.487|-0.0189514|-0.1733093|-0.9225464
1468605203.508|-0.0223083|-0.1584473|-0.9451752
1468605203.529|-0.0388031|-0.1406097|-0.9736786
1468605203.551|-0.049942|-0.1268311|-0.988266
1468605203.571|-0.0286713|-0.1422119|-0.9906769
1468605203.593|-0.0295258|-0.1487732|-1.0209961
1468605203.613|-0.0343018|-0.1387634|-1.0299072
1468605203.634|-0.0222931|-0.1135712|-1.0245209
1468605203.655|0.0003052|-0.1002808|-1.0359497
1468605203.677|0.0233612|-0.0868378|-1.0419312
1468605203.697|0.0224609|-0.0818024|-1.0319672
1468605203.718|0.0140076|-0.0886536|-1.0185852
1468605203.739|0.006424|-0.0859222|-1.0514374
1468605203.76|0.0170441|-0.0946503|-1.0840912
1468605203.781|0.0181274|-0.0792999|-1.0825653
1468605203.802|0.0445862|-0.0809174|-1.0697479
1468605203.824|0.0673218|-0.0790558|-1.0606689
1468605203.844|0.0761719|-0.0727386|-1.0622864
1468605203.865|0.0590363|-0.0837402|-1.0458527
1468605203.886|0.0765686|-0.0861053|-1.0384979
1468605203.909|0.0877228|-0.0753632|-1.0719604
1468605203.928|0.0886993|-0.0726776|-1.0809174
1468605203.949|0.088623|-0.0870819|-1.0883484
1468605203.971|0.0874939|-0.0869904|-1.1027679
1468605203.992|0.0638123|-0.0869446|-1.0565033
1468605204.012|0.0796661|-0.0901184|-1.0184326
1468605204.033|0.0895386|-0.0959473|-1.0513
1468605204.054|0.071701|-0.0941925|-1.0801697
1468605204.075|0.0505676|-0.0981293|-1.0691376
1468605204.096|0.0714111|-0.1003418|-1.0518341
1468605204.117|0.1030884|-0.0957947|-1.0455933
1468605204.139|0.0929871|-0.0992126|-1.0858154
1468605204.159|0.1098633|-0.1027222|-1.0843964
1468605204.18|0.1229401|-0.1086731|-1.0593414
1468605204.202|0.1355286|-0.1035309|-1.0356293
1468605204.223|0.1503448|-0.0992279|-1.0485687
1468605204.243|0.1839752|-0.10289|-1.0444794
1468605204.264|0.2285156|-0.1045074|-1.0145874
1468605204.285|0.2580261|-0.1001434|-1.0088196
1468605204.306|0.2391968|-0.0997925|-0.9927979
1468605204.327|0.2466278|-0.1051636|-0.9611206
1468605204.347|0.2671204|-0.1239166|-0.9110718
1468605204.39|0.2795715|-0.1644897|-0.8864899
1468605204.41|0.2258453|-0.1652222|-0.8828583
1468605204.431|0.1502533|-0.1735992|-0.892334
1468605204.452|0.1616974|-0.1849976|-0.92453
1468605204.473|0.1860199|-0.1685028|-0.9151306
1468605204.494|0.2093964|-0.1643219|-0.8977814
1468605204.515|0.2023468|-0.1634369|-0.8982849
1468605204.536|0.174118|-0.1711884|-0.9069061
1468605204.557|0.1364441|-0.1946869|-0.8979492
1468605204.578|0.1468353|-0.1845703|-0.8505707
1468605204.599|0.1540375|-0.1857605|-0.8358917
1468605204.619|0.1549835|-0.1885529|-0.858139
1468605204.641|0.1169586|-0.1907654|-0.8717346
1468605204.662|0.0855103|-0.1990051|-0.8664246
1468605204.684|0.0710144|-0.1938934|-0.8607483
1468605204.704|0.0640564|-0.1975861|-0.8607941
1468605204.725|0.0571289|-0.1832733|-0.8555145
1468605204.746|0.0481567|-0.1879578|-0.8421021
1468605204.767|0.0307922|-0.1918488|-0.8518677
1468605204.788|0.0200348|-0.2037811|-0.8708801
1468605204.809|0.0157166|-0.2021484|-0.8843384
1468605204.83|0.0041199|-0.1915283|-0.8935394
1468605204.85|-0.0263214|-0.1695251|-0.9239502
1468605204.872|-0.0477142|-0.1621246|-0.9156799
1468605204.893|-0.02388|-0.1532898|-0.9101257
1468605204.914|0.01297|-0.1369934|-0.9193878
1468605204.935|0.0168304|-0.1371765|-0.9508209
1468605204.956|-0.0056305|-0.1432648|-0.9778748
1468605204.977|-0.0233612|-0.1512146|-0.9900208
1468605204.998|-0.0401917|-0.1499023|-0.9869843
1468605205.019|-0.0330658|-0.1490326|-0.9997253
1468605205.04|-0.0129547|-0.14888|-1.0266113
1468605205.061|-0.0141602|-0.1378326|-1.0641174
1468605205.081|-0.012558|-0.1320801|-1.0692902
1468605205.103|-0.0182037|-0.1216278|-1.0621338
1468605205.124|0.009613|-0.1009369|-1.0418396
1468605205.146|0.025528|-0.1009521|-1.0616608
1468605205.187|0.0097961|-0.0921936|-1.0630493
1468605205.208|0.0113678|-0.082428|-1.0457153
1468605205.228|0.0261688|-0.0817566|-1.0076141
1468605205.25|0.02211|-0.0816193|-1.0192108
1468605205.271|0.027359|-0.0730743|-1.0678406
1468605205.29|0.0337982|-0.0637054|-1.0481567
1468605205.312|0.0537109|-0.0533142|-1.0451813
1468605205.333|0.0586548|-0.0479279|-1.0399475
1468605205.353|0.045517|-0.0523682|-1.0558472
1468605205.374|0.0238953|-0.0612183|-1.0663605
1468605205.395|0.022934|-0.0673676|-1.0812988
1468605205.416|0.0359344|-0.065567|-1.0682526
1468605205.437|0.0604401|-0.0538635|-1.0662079
1468605205.459|0.0658417|-0.0568848|-1.0619812
1468605205.48|0.0762329|-0.0547028|-1.0607452
1468605205.501|0.0704651|-0.0569763|-1.0626678
1468605205.522|0.063736|-0.071991|-1.0589905
1468605205.542|0.057251|-0.0803528|-1.0425262
1468605205.563|0.0862885|-0.0843506|-1.0460205
1468605205.584|0.1016846|-0.0791931|-1.0383911
1468605205.605|0.1298828|-0.0743866|-1.0222168
1468605205.626|0.1403198|-0.0768433|-1.0094299
1468605205.647|0.1398468|-0.0869141|-1.0137482
1468605205.668|0.1387787|-0.0924072|-1.0166321
1468605205.689|0.1472168|-0.1022644|-1.0065002
1468605205.71|0.1613464|-0.1061554|-0.9644012
1468605205.731|0.1704102|-0.1124268|-0.9530792
1468605205.753|0.1717072|-0.1170502|-0.9502869
1468605205.773|0.1550293|-0.1199493|-0.9196167
1468605205.794|0.1679993|-0.1304626|-0.8960114
1468605205.815|0.1847229|-0.1227112|-0.881485
1468605205.836|0.2039795|-0.1213989|-0.8920746
1468605205.856|0.1746826|-0.1373596|-0.8898926
1468605205.878|0.1455231|-0.1556702|-0.8997803
1468605205.899|0.1301117|-0.1708679|-0.8698883
1468605205.92|0.1315308|-0.1618652|-0.8960724
1468605205.941|0.1310272|-0.1869507|-0.8799438
1468605205.962|0.1226349|-0.1928101|-0.8750305
1468605205.984|0.0650024|-0.197876|-0.858902
1468605206.004|0.0670624|-0.1945648|-0.9506073
1468605206.025|0.0727539|-0.1920013|-1.0092163
1468605206.046|0.0786133|-0.1747589|-0.9684143
1468605206.067|0.0522919|-0.1922302|-0.9671783
1468605206.088|0.0431824|-0.1978607|-1.001297
1468605206.109|0.04216|-0.1951752|-1.0024414
1468605206.13|0.0407715|-0.1968231|-1.0072021
1468605206.152|0.0301666|-0.2093048|-1.0136871
1468605206.172|0.0250397|-0.2128601|-0.9983521
1468605206.193|0.0401001|-0.2180939|-0.9803925
1468605206.214|0.0411377|-0.2126312|-0.9723206
1468605206.235|0.041214|-0.2076721|-1.001358
1468605206.256|0.0249329|-0.1947632|-1.0086212
1468605206.277|0.0174255|-0.2017365|-1.0243225
1468605206.298|0.0114288|-0.2059631|-1.0203552
1468605206.318|0.0416718|-0.2154694|-0.937561
1468605206.34|0.0686493|-0.2131195|-0.8058014
1468605206.361|0.0213013|-0.1942291|-0.9110107
1468605206.383|0.0017548|-0.2023621|-1.0720978
1468605206.403|0.01297|-0.1942291|-0.9696503