1468854219.975|-0.0207672|0.0042572|-0.9764099
1468854219.995|-0.0195007|0.0091553|-1.0019226
1468854220.017|-0.0188293|0.0071564|-0.9889221
1468854220.037|-0.0189667|0.0069733|-1.0016937
1468854220.058|-0.0209503|0.0079651|-0.9986115
1468854220.079|-0.0207062|0.0077209|-0.9962463
1468854220.1|-0.0150757|0.0064087|-1.0005035
1468854220.121|-0.0209961|0.0098877|-0.9998016
1468854220.142|-0.0224152|0.0075226|-0.9986267
1468854220.164|-0.0211792|0.0062714|-0.9960327
1468854220.185|-0.0165558|0.0069122|-1.0002594
1468854220.206|-0.0180664|0.0088501|-0.9971771
1468854220.227|-0.0205078|0.00914|-0.9964752
1468854220.248|-0.0213776|0.0063171|-1.0031128
1468854220.269|-0.0190582|0.0093689|-0.9979095
1468854220.29|-0.0172729|0.0066986|-0.9986115
1468854220.31|-0.0194397|0.006012|-0.9983826
1468854220.331|-0.0197754|0.0084229|-0.9976654
1468854220.352|-0.0204468|0.0072327|-0.9995728
1468854220.373|-0.0187988|0.0079041|-0.9950562
1468854220.394|-0.0214081|0.006546|-1.0002747
1468854220.416|-0.0203552|0.0036316|-1.0007629
1468854220.436|-0.0200043|0.0081787|-0.9971924
1468854220.457|-0.0202179|0.0077209|-0.9986115
1468854220.478|-0.0204315|0.0065155|-0.9995728
1468854220.499|-0.0209351|0.0062714|-0.9969788
1468854220.52|-0.0202637|0.0093994|-0.9993134
1468854220.541|-0.0194855|0.0079346|-0.9993134
1468854220.562|-0.0178223|0.0086212|-0.9981079
1468854220.604|-0.0329285|-0.0063934|-0.9093781
1468854220.625|-0.0227356|0.0082092|-0.988678
1468854220.646|-0.0241394|0.0075378|-0.9938965
1468854220.668|-0.0200195|0.0074463|-0.9917755
1468854220.689|-0.0209656|0.0096741|-1.0040588
1468854220.71|-0.0229187|0.0077667|-0.9955292
1468854220.731|-0.0212097|0.0079498|-0.9969635
1468854220.752|-0.0189667|0.006485|-0.9988708
1468854220.773|-0.0184784|0.0067291|-1.0005035
1468854220.794|-0.0214386|0.0089569|-1.0028687
1468854220.815|-0.0206909|0.0062714|-0.9953156
1468854220.835|-0.0352631|0.0055389|-0.9300842
1468854220.857|-0.0270996|0.0046387|-0.9764252
1468854220.877|-0.0202637|0.0079193|-0.9917603
1468854220.898|-0.0214081|0.0060425|-0.9960327
1468854220.919|-0.0211639|0.0072479|-1.0007477
1468854220.939|-0.0173035|0.006424|-0.9936523
1468854220.961|-0.0182495|0.0086517|-1.0035553
1468854220.982|-0.0183105|0.0091095|-0.9981079
1468854221.002|-0.0020599|0.0017548|-1.038559
1468854221.023|-0.0114899|0.004776|-1.0239105
1468854221.044|-0.0170593|0.0061798|-0.9955292
1468854221.065|-0.0174408|0.0128632|-1.0319061
1468854221.086|-0.0209351|0.0057983|-0.9946136
1468854221.107|-0.016037|0.0081482|-1.0087585
1468854221.128|-0.0211792|0.0062866|-0.9976807
1468854221.149|-0.0171204|0.0102844|-0.9988251
1468854221.17|-0.0110626|-0.0006714|-0.9934387
1468854221.19|-0.0162201|-0.0145569|-0.9403534
1468854221.212|-0.0170135|-0.0009613|-1.0092926
1468854221.233|-0.0176086|0.0061493|-0.986557
1468854221.254|-0.0185089|0.0064697|-0.9955292
1468854221.275|-0.0167847|0.0035095|-0.9905853
1468854221.296|-0.0187988|0.0101166|-1.0040283
1468854221.317|-0.0219116|0.0062866|-0.9955444
1468854221.338|-0.0204468|0.0072327|-0.9983826
1468854221.359|-0.0227203|0.009903|-0.9943542
1468854221.381|0.0040741|-0.008194|-1.0480652
1468854221.401|-0.0191803|0.0016479|-0.9889679
1468854221.423|-0.0206604|0.0199738|-1.0432129
1468854221.444|-0.0205383|0.0027924|-0.9728851
1468854221.464|-0.019516|0.0084076|-0.9969635
1468854221.485|-0.0202332|0.0098877|-1.0028687
1468854221.506|-0.0190277|0.007431|-0.9957886
1468854221.527|-0.0184937|0.0077057|-1.0016632
1468854221.548|-0.0184326|0.0045624|-1.0002747
1468854221.569|-0.0211487|0.0053253|-0.9976959
1468854221.591|0.0137024|-0.0123901|-1.0216064
1468854221.611|-0.0139923|-0.0035553|-0.9844818
1468854221.632|-0.016861|0.0026398|-1.0097504
1468854221.654|-0.0222626|0.0077057|-0.9860687
1468854221.674|-0.0191803|-0.0003052|-0.9818878
1468854221.695|-0.0160065|0.0088959|-1.0153809
1468854221.716|-0.0188293|0.0074005|-0.9910583
1468854221.737|-0.0175934|0.0103149|-1.002121
1468854221.779|-0.0542145|-0.0179138|-0.8184967
1468854221.801|-0.0240631|0.010025|-1.0132599
1468854221.821|-0.0226288|0.0146332|-1.0240936
1468854221.842|-0.0207367|0.0062408|-0.9882202
1468854221.863|-0.0228729|0.0070496|-0.9986267
1468854221.884|-0.0202179|0.0072327|-0.9979248
1468854221.905|-0.0187073|0.006012|-1.0012054
1468854221.926|-0.0204315|0.0057831|-0.9962616
1468854221.947|-0.0194397|0.006012|-0.9998169
1468854221.973|-0.0268555|0.0282745|-1.0909424
1468854221.989|-0.0153046|-0.010437|-0.9467163
1468854222.01|-0.0157623|0.0081635|-1.0125427
1468854222.032|-0.0199738|0.0116272|-1.0118408
1468854222.053|-0.0182495|0.0050049|-0.9924774
1468854222.074|-0.0204315|0.0069885|-1.0007477
1468854222.095|-0.0214844|0.0079498|-0.9936523
1468854222.116|-0.0208893|0.0048523|-0.9998322
1468854222.137|-0.019516|0.008667|-0.9976654
1468854222.158|-0.0169983|0.0052338|-0.9986267
1468854222.179|-0.0239563|0.0331421|-1.0686493
1468854222.199|-0.0295258|-0.0160065|-0.8777618
1468854222.22|-0.0205231|0.002533|-0.972168
1468854222.241|-0.0211487|0.0153351|-1.0295258
1468854222.262|-0.0193176|-0.0011444|-0.9601288
1468854222.283|-0.0194855|0.0133209|-1.0177307
1468854222.304|-0.0194702|0.0037994|-0.9872894
1468854222.325|-0.0222168|0.0096741|-0.9998016
1468854222.346|-0.021637|0.004837|-0.9943848
1468854222.367|-0.0180511|0.0076599|-0.995285
1468854222.388|-0.0214539|0.0077515|-0.9979095
1468854222.409|-0.0194702|0.0065002|-0.9979248
1468854222.43|-0.0221863|0.0075226|-0.9976807
1468854222.451|-0.0177612|0.0059662|-0.9979095
1468854222.472|-0.0211792|0.0072479|-0.9990845
1468854222.493|-0.022171|0.0072784|-0.9976807
1468854222.514|-0.019989|0.0084381|-1.0002594
1468854222.536|-0.0200195|0.0079193|-0.9931641
1468854222.556|-0.0171204|0.0097809|-0.99646
1468854222.578|-0.0207062|0.0079651|-0.9979095
1468854222.599|-0.0192566|0.0076904|-0.9974213
1468854222.62|-0.0199585|0.0072327|-1.0002747
1468854222.641|-0.0203552|0.0041351|-1.0019531
1468854222.662|-0.0203857|0.0038605|-0.9974518
1468854222.683|-0.0205078|0.0093994|-0.9998016
1468854222.704|-0.0197601|0.0076904|-0.9962463
1468854222.725|-0.0196991|0.0055389|-0.9986267
1468854222.746|-0.0191803|0.0052948|-0.9993439
1468854222.767|-0.021637|0.0063019|-0.9993286
1468854222.788|-0.0216827|0.0067749|-0.9957886
1468854222.809|-0.0190125|0.0074463|-0.9979248
1468854222.83|-0.0187988|0.0069275|-0.9931641
1468854222.851|-0.0182648|0.0066986|-0.9960175
1468854222.872|-0.0206451|0.0055695|-0.9990845
1468854222.893|-0.0177002|0.0042877|-1.0005188
1468854222.914|-0.0177612|0.0069275|-1.0005035
1468854222.935|-0.0189819|0.006958|-0.9998169
1468854222.956|-0.0192261|0.0079498|-1.0012054
1468854222.977|-0.0187531|0.0062408|-0.9979095
1468854222.998|-0.0179901|0.0059662|-0.9960175
1468854223.019|-0.0185089|0.0079193|-0.999054
1468854223.04|-0.019516|0.0084076|-0.9969635
1468854223.061|-0.0212402|0.0067291|-0.9905853
1468854223.083|-0.0189362|0.0045471|-0.9974518
1468854223.104|-0.019989|0.0079346|-0.9971924
1468854223.125|-0.0180206|0.0069275|-0.9967194
1468854223.146|-0.0200195|0.0091553|-0.9979095
1468854223.167|-0.0204926|0.0077057|-0.9955292
1468854223.188|-0.0198975|0.0053253|-1.0010071
1468854223.209|-0.0185089|0.0074463|-0.9990692
1468854223.23|-0.0189819|0.0062408|-0.9981384
1468854223.251|-0.0184631|0.0065002|-1.0016785
1468854223.272|-0.0184937|0.006485|-0.9981232
1468854223.293|-0.0189514|0.0047913|-0.996994
1468854223.315|-0.0196838|0.0057983|-1.0012207
1468854223.335|-0.0180664|0.0088654|-0.9978943
1468854223.356|-0.0211639|0.0062866|-0.9983826
1468854223.378|-0.0197296|0.0067444|-0.9988708
1468854223.399|-0.0218658|0.0050964|-0.9962769
1468854223.42|-0.0219116|0.0079803|-1.0002594
1468854223.441|-0.0183258|0.0093384|-0.9971771
1468854223.462|-0.0182343|0.0062256|-0.9986115
1468854223.482|-0.0182648|0.0086517|-1.0016632
1468854223.503|-0.0199738|0.0074768|-0.9988708
1468854223.523|-0.0192413|0.0074615|-0.9995728
1468854223.544|-0.0184937|0.0064697|-0.9974213
1468854223.565|-0.0197449|0.0072021|-0.9969788
1468854223.586|-0.0224152|0.0087433|-1.0016785
1468854223.607|-0.0205536|0.0100861|-0.994339
1468854223.628|-0.0182953|0.0083923|-0.9981079
1468854223.649|-0.0197449|0.0074615|-0.9986267
1468854223.67|-0.0198212|0.0088654|-0.9931641
1468854223.691|-0.0174866|0.005249|-0.9995728
1468854223.712|-0.0180054|0.0071869|-0.9990692
1468854223.733|-0.0189819|0.0067291|-0.9988708
1468854223.754|-0.0165405|0.0074158|-1.0030975
1468854223.776|-0.0193024|0.0095978|-0.9964752
1468854223.796|-0.0200043|0.0084381|-0.9981232
1468854223.817|-0.0214386|0.0084686|-1.0007324
1468854223.839|-0.0168152|0.0064087|-0.9943542
1468854223.859|-0.0187378|0.0069733|-1.0021515
1468854223.881|-0.0179443|0.0055237|-1.0026245
1468854223.902|-0.0170288|0.0057068|-0.9971924
1468854223.923|-0.0195007|0.0074463|-0.9974365
1468854223.944|-0.0209045|0.0050812|-0.996994
1468854223.965|-0.019043|0.0095978|-0.9983673
1468854223.986|-0.0175018|0.0059662|-0.9986115
1468854224.007|-0.0213776|0.006073|-1.0021667
1468854224.027|-0.0216217|0.0053406|-0.9979401
1468854224.048|-0.0216217|0.0055847|-1.0000458
1468854224.069|-0.0192719|0.0079193|-0.9945984
1468854224.09|-0.0216522|0.0067902|-0.9988708
1468854224.111|-0.0191956|0.006012|-0.9986267
1468854224.132|-0.0192108|0.0062561|-0.9995728
1468854224.153|-0.018219|0.0055084|-0.9986115
1468854224.175|-0.0190735|0.0108032|-1.0002441
1468854224.195|-0.01828|0.0086365|-0.9992981
1468854224.217|-0.0194702|0.0067444|-1.0000458
1468854224.237|-0.0211792|0.0062714|-0.9974365
1468854224.259|-0.020874|0.0051117|-1.0024261
1468854224.28|-0.0226898|0.009201|-0.9974213
1468854224.301|-0.0177612|0.0054779|-0.9969635
1468854224.322|-0.0179749|0.0072021|-1.0033264
1468854224.343|-0.0178223|0.008606|-0.9967041
1468854224.364|-0.0204315|0.0065155|-0.9993286
1468854224.385|-0.0181885|0.0045471|-0.9983826
1468854224.406|-0.0217133|0.0091705|-0.9974213
1468854224.427|-0.0192108|0.0052795|-0.9953308
1468854224.448|-0.0206146|0.0055847|-1.0026398
1468854224.469|-0.0195465|0.0088806|-0.9955292
1468854224.49|-0.0167542|0.0059662|-1.0023956
1468854224.511|-0.021637|0.0060577|-0.9979248
1468854224.532|-0.0189819|0.0064697|-0.9974365
1468854224.553|-0.0172577|0.0062103|-0.9988556
1468854224.575|-0.0194702|0.0047913|-0.9934387
1468854224.595|-0.0165558|0.0071564|-0.9983673
1468854224.616|-0.0209198|0.0067902|-1.0012207
1468854224.637|-0.0185394|0.007431|-0.9948273
1468854224.658|-0.0223389|0.0056152|-1.0031128
1468854224.68|-0.0202789|0.0079193|-0.9915161
1468854224.701|-0.0214081|0.0060577|-0.9976807
1468854224.722|-0.0187836|0.0084076|-0.9997864
1468854224.743|-0.0197296|0.0065002|-0.9981384
1468854224.764|-0.0214539|0.0074921|-0.9969788
1468854224.785|-0.0213776|0.0053406|-0.998642
1468854224.806|-0.0228729|0.0063171|-0.9964905
1468854224.827|-0.0182953|0.0083771|-0.9967041
1468854224.848|-0.0206451|0.0065308|-1.0005188
1468854224.869|-0.0212097|0.0077209|-0.9960175
1468854224.89|-0.0187531|0.006958|-1.0000305
1468854224.911|-0.0170288|0.0054779|-0.9979095
1468854224.932|-0.0212097|0.0082092|-0.9998016
1468854224.953|-0.0216522|0.0075073|-1.0007477
1468854224.974|-0.0197296|0.0067444|-0.9986267
1468854224.995|-0.0189819|0.0067291|-0.9995728
1468854225.016|-0.0191803|0.0052948|-0.9988861
1468854225.037|-0.0180359|0.0076752|-0.9976501
1468854225.058|-0.0170288|0.0061951|-0.9983673
1468854225.08|-0.0187988|0.007431|-0.9953003
1468854225.099|-0.0209351|0.0062866|-0.9976807
1468854225.121|-0.0216522|0.0079956|-1.0019226
1468854225.142|-0.0214691|0.0082092|-0.9974213
1468854225.163|-0.0184631|0.0059967|-0.9998016
1468854225.184|-0.019989|0.0077209|-0.9979095
1468854225.205|-0.0180359|0.0074158|-0.9964752
1468854225.226|-0.0196686|0.0053101|-1.0010071
1468854225.247|-0.0184326|0.0052948|-1.0014648
1468854225.268|-0.0195007|0.006958|-0.9946136
1468854225.289|-0.0201416|0.0050964|-1.001709
1468854225.31|-0.0199585|0.0057678|-0.9938965
1468854225.331|-0.0214539|0.0070038|-0.9950867
1468854225.352|-0.0213928|0.0058289|-0.9995728
1468854225.373|-0.0209503|0.0067596|-0.9960327
1468854225.394|-0.0222473|0.009903|-0.9953003
1468854225.415|-0.0191956|0.006012|-1.0002747
1468854225.436|-0.0194397|0.0040741|-0.9927368
1468854225.457|-0.0202332|0.0096436|-1.0026245
1468854225.479|-0.0197601|0.0074615|-0.9981384
1468854225.499|-0.0211639|0.0072479|-1.0007477
1468854225.521|-0.0178528|0.010788|-1.0016479
1468854225.542|-0.015625|0.0073547|-0.9955292
1468854225.563|-0.0172272|0.0054932|-1.0007324
1468854225.584|-0.0190125|0.0088806|-1.0005035
1468854225.605|-0.0218353|0.0034027|-0.9948578
1468854225.626|-0.0211487|0.0072632|-1.0028839
1468854225.647|-0.0223541|0.006073|-1.0005188
1468854225.668|-0.01828|0.0074158|-0.9974213
1468854225.689|-0.0211792|0.0077362|-1.0007324
1468854225.71|-0.0168304|0.0066528|-0.9938812
1468854225.731|-0.0185242|0.0081635|-1.0000153
1468854225.752|-0.0182953|0.0083771|-0.9962311
1468854225.773|-0.01828|0.0083923|-0.9995422
1468854225.794|-0.0211792|0.0089569|-1.0054626
1468854225.815|-0.0201874|0.0062714|-0.9988708
1468854225.836|-0.0183563|0.0105286|-0.9945679
1468854225.857|-0.019989|0.0086823|-0.9998016
1468854225.878|-0.0219421|0.0079651|-0.9948273
1468854225.9|-0.0194855|0.0079346|-0.9998016
1468854225.92|-0.0194855|0.0084381|-1.0014496
1468854225.942|-0.0192261|0.0057678|-0.9955444
1468854225.963|-0.019455|0.0069733|-1.0007477
1468854225.984|-0.0184021|0.0033569|-1.0000458
1468854226.005|-0.0180206|0.0064545|-0.9945984
1468854226.026|-0.0187225|0.0065002|-1.0014496
1468854226.047|-0.0201874|0.0070038|-1.0014648
1468854226.068|-0.0200043|0.0072021|-0.9936676
1468854226.089|-0.0189667|0.0072021|-1.0007477
1468854226.11|-0.020462|0.0079498|-0.9993134
1468854226.131|-0.0177917|0.0086212|-1.0007172
1468854226.152|-0.0184937|0.006485|-0.9981232
1468854226.173|-0.0206757|0.0065155|-0.9962616
1468854226.194|-0.0211945|0.0077362|-0.9986115
1468854226.215|-0.0211487|0.0062866|-1.0005188
1468854226.236|-0.020401|0.0053101|-0.9993439
1468854226.257|-0.0206604|0.0065308|-0.9983826
1468854226.278|-0.0216827|0.0069885|-0.9938965
1468854226.299|-0.0192413|0.0077057|-0.9998016
1468854226.32|-0.0229187|0.0079956|-0.9950714
1468854226.341|-0.017868|0.0090637|-0.9929199
1468854226.362|-0.0214233|0.0072632|-1.0000458
1468854226.383|-0.0222321|0.0094299|-0.9971924
1468854226.403|-0.0185089|0.006958|-0.9981232
1468854226.425|-0.0217133|0.0094299|-1.0002594
1468854226.445|-0.0201874|0.0055542|-0.9976807
1468854226.467|-0.0197754|0.0076752|-0.9943542
1468854226.487|-0.0204315|0.0067749|-1.0024109
1468854226.508|-0.0197906|0.0081635|-0.9955292
1468854226.53|-0.0196533|0.0045929|-1.0019531
1468854226.55|-0.0184937|0.0064697|-0.9974213
1468854226.572|-0.016861|0.0088196|-0.9962311
1468854226.592|-0.017334|0.0088348|-0.997406
1468854226.613|-0.0213928|0.0060577|-0.9995728
1468854226.635|-0.0221405|0.0063171|-0.9998169
1468854226.656|-0.0197144|0.0067596|-1.0014648
1468854226.677|-0.0199432|0.0052948|-0.9958038
1468854226.698|-0.0206604|0.007019|-1.0014648
1468854226.719|-0.0206757|0.0065155|-0.9964905
1468854226.74|-0.0202332|0.006485|-0.9929504
1468854226.761|-0.0209656|0.0084534|-0.9995575
1468854226.782|-0.0218658|0.0063019|-1.0005188
1468854226.803|-0.0173035|0.0078735|-0.9967041
1468854226.824|-0.0193787|0.0043488|-1.0031281
1468854226.845|-0.0195007|0.0074463|-0.9960327
1468854226.866|-0.0192108|0.0062561|-1.0002747
1468854226.887|-0.0191803|0.0052948|-0.999588
1468854226.908|-0.0204926|0.008194|-0.9981232
1468854226.929|-0.0211639|0.0065308|-1.0000458
1468854226.951|-0.020752|0.0096436|-0.9979095
1468854226.971|-0.0194092|0.0048218|-1.0007629
1468854226.993|-0.0207062|0.0091858|-1.0023956
1468854227.014|-0.0187225|0.0052643|-0.9974365
1468854227.035|-0.0197144|0.0057831|-0.9979248
1468854227.055|-0.0181732|0.0050507|-1.00383
1468854227.076|-0.0212097|0.0067596|-0.9957886
1468854227.097|-0.0203857|0.0045929|-0.999588
1468854227.118|-0.0202484|0.0084381|-0.9981232
1468854227.139|-0.0218964|0.0067902|-0.9983826
1468854227.16|-0.0188751|0.0033569|-1.0005341
1468854227.181|-0.0202026|0.0067596|-0.9986267
1468854227.202|-0.0200195|0.00914|-0.9964752
1468854227.223|-0.0184937|0.0086823|-1.0040436
1468854227.265|-0.0258942|0.0123596|-1.0383148
1468854227.287|-0.0244141|0.009964|-0.9979095
1468854227.307|-0.0175934|0.0122681|-1.0075531
1468854227.328|-0.0187378|0.0057526|-0.9974213
1468854227.35|-0.0219269|0.0077362|-0.9969635
1468854227.371|-0.0187378|0.0084381|-1.0066376
1468854227.392|-0.0179291|0.0028534|-0.9962769
1468854227.413|-0.0214386|0.0079803|-0.9986115
1468854227.434|0.0870667|-0.0471344|-1.0358276
1468854227.455|0.0012054|0.0102234|-1.1155701
1468854227.476|-0.0124512|-0.0040283|-0.9906464
1468854227.497|-0.0217743|0.0088196|-1.0215454
1468854227.518|-0.0177917|0.0081482|-1.0011902
1468854227.539|-0.0197754|0.0064545|-0.9912872
1468854227.56|-0.0192261|0.0052643|-0.9920197
1468854227.581|-0.0201721|0.0072479|-1.0035858
1468854227.602|-0.019989|0.0067444|-0.9957886
1468854227.623|-0.0184784|0.0057526|-0.9964752
1468854227.653|-0.0197449|0.0069733|-0.9976807
1468854227.685|-0.1670532|0.0068054|-0.5495605
1468854227.707|-0.0337372|0.0174255|-1.0077972
1468854227.727|-0.028656|0.0024261|-0.9582367
1468854227.747|-0.0224152|0.0131531|-1.0167847
1468854227.768|-0.0219269|0.0018768|-0.9766693
1468854227.789|-0.019516|0.0110931|-1.0063934
1468854227.81|-0.0164795|0.003067|-0.9974518
1468854227.831|-0.0183105|0.0095825|-1.0002441
1468854227.852|-0.0179901|0.0054932|-0.9962463
1468854227.873|-0.0185394|0.0076752|-0.9955139
1468854227.895|0.1343384|-0.0709686|-1.1469879
1468854227.915|0.0371552|0.0077362|-1.2076874
1468854227.935|-0.0109863|0.0032806|-1.0170593
1468854227.956|-0.0291901|-0.0032349|-0.9296722
1468854227.977|-0.0199127|0.0170441|-1.0384979
1468854227.998|-0.0224152|0.0006714|-0.9747925
1468854228.019|-0.0208435|0.0046234|-1.0031281
1468854228.042|-0.019516|0.007431|-0.9938965
1468854228.061|-0.0177307|0.0059662|-1.0005035
1468854228.082|-0.0182648|0.0071869|-0.9981232
1468854228.103|-0.0219116|0.007019|-0.9981384
1468854228.145|-0.0356445|0.0177765|-1.0167847
1468854228.167|-0.0193024|-0.0072632|-0.939621
1468854228.188|-0.0261383|0.0075531|-0.9889526
1468854228.208|-0.0196686|0.0165405|-1.0378113
1468854228.229|-0.0209503|0.0001678|-0.9750366
1468854228.25|-0.0199432|0.0116425|-1.0163269
1468854228.271|-0.019516|0.0047607|-0.9856415
1468854228.293|-0.0240631|0.0049133|-0.996048
1468854228.314|-0.0219574|0.0089264|-0.9971924
1468854228.335|-0.0171051|0.0088196|-0.99646
1468854228.357|-0.0280762|0.0300293|-1.0954132
1468854228.377|-0.0245514|0.0010071|-0.9837646
1468854228.399|-0.0157776|0.0059509|-1.0016785
1468854228.421|-0.0184479|0.0123749|-1.0243225
1468854228.44|-0.0175629|0.0049591|-0.9875183
1468854228.461|-0.0230865|0.0080414|-1.0054626
1468854228.482|-0.0192566|0.0064697|-0.9929504
1468854228.503|-0.0184631|0.0065002|-1.0019226
1468854228.525|-0.0225983|0.0060883|-0.9993286
1468854228.545|-0.02388|0.0080109|-0.9960175
1468854228.567|-0.018219|0.0062408|-1.0019226
1468854228.587|-0.0218964|0.0072632|-0.9988708
1468854228.608|0.0749512|-0.0483704|-1.0722961
1468854228.629|0.0033112|0.010849|-1.1042023
1468854228.651|-0.0184021|0.0001984|-0.9903717
1468854228.671|-0.0201111|0.0114594|-1.0283813
1468854228.692|-0.0172882|0.0037537|-0.9865723
1468854228.713|-0.0174866|0.0050201|-0.9993286
1468854228.734|-0.0224152|0.0068054|-0.9981384
1468854228.756|-0.0172882|0.0066833|-0.9974213
1468854228.777|-0.0184784|0.0057526|-0.9969635
1468854228.798|-0.0197296|0.0069733|-0.9993286
1468854228.819|-0.0180359|0.0083923|-0.9983521
1468854228.84|0.0147095|0.0478821|-1.2963562
1468854228.861|0.0126953|-0.0233917|-0.9803009
1468854228.882|-0.0097961|0.0137329|-1.0477295
1468854228.904|-0.0226288|-0.0149384|-0.9271393
1468854228.924|-0.0161285|0.0177917|-1.0609436
1468854228.945|-0.01828|0.0079041|-0.9978943
1468854228.966|-0.019928|0.0092163|-1.01091
1468854228.987|-0.0207062|0.0057678|-0.9901123
1468854229.008|-0.0162659|0.0064392|-1.0030975
1468854229.029|-0.0211182|0.0038757|-0.9965057
1468854229.05|-0.0198822|0.0050964|-1.0036011
1468854229.073|-0.0731659|0.0510406|-1.0121613
1468854229.092|0.0221405|0.0036163|-1.1332703
1468854229.113|-0.0158234|-0.0019836|-1.0026855
1468854229.136|-0.0150299|0.0047455|-1.0031128
1468854229.155|-0.020401|0.0160675|-1.0363922
1468854229.176|-0.0200348|0.0013275|-0.9693451
1468854229.197|-0.0204468|0.0108948|-1.0115967
1468854229.219|-0.018692|0.0016479|-0.9915466
1468854229.24|-0.0238647|0.0063324|-0.9955444
1468854229.261|-0.0223999|0.0072784|-0.9995728
1468854229.282|-0.0172119|0.0052643|-1.0009918
1468854229.303|-0.0197754|0.0088959|-0.9998016
1468854229.323|-0.0197296|0.0057678|-0.9955444
1468854229.345|-0.0209198|0.0062866|-0.9983826
1468854229.366|-0.0219421|0.0089417|-1.0000305
1468854229.387|-0.0180206|0.0066986|-0.9971924
1468854229.408|-0.0184784|0.0069733|-1.0009766
1468854229.429|-0.0204315|0.0055389|-0.9967346
1468854229.45|-0.0170441|0.0069122|-0.9986115
1468854229.471|-0.0169983|0.0052338|-0.9993286
1468854229.492|-0.0199432|0.0065155|-0.9998169
1468854229.513|-0.0204773|0.0079346|-0.9971924
1468854229.534|-0.0194855|0.0072174|-0.9981384
1468854229.555|-0.0216675|0.0057983|-0.9936676
1468854229.576|-0.0187531|0.0062408|-0.9976654
1468854229.597|-0.0216675|0.0079803|-0.9998016
1468854229.618|-0.0201569|0.0053101|-0.9990997
1468854229.639|-0.0194702|0.0072174|-1.0002747
1468854229.66|-0.0196838|0.0057983|-1.0014648
1468854229.681|-0.0177765|0.0059509|-0.9953003
1468854229.702|-0.0191956|0.0062714|-1.0009918
1468854229.724|-0.0218658|0.0053253|-0.9962769
1468854229.744|-0.0174866|0.0059814|-1.0016785
1468854229.765|-0.0213928|0.0060577|-0.9988708
1468854229.786|-0.0192566|0.0076904|-0.9967194
1468854229.808|-0.0197754|0.0086517|-0.9969635
1468854229.829|-0.0218811|0.0079956|-1.0026245
1468854229.85|-0.0219269|0.0077362|-0.9962463
1468854229.871|-0.0202179|0.0079498|-0.9998016
1468854229.892|-0.017807|0.0061798|-0.9934082
1468854229.912|-0.0194702|0.0069733|-0.9986267
1468854229.933|-0.0189972|0.0069427|-0.9972076
1468854229.955|-0.0192413|0.0067444|-0.9976807
1468854229.975|-0.0187378|0.0069733|-1.0016785
1468854229.997|-0.0194702|0.0072174|-0.9995728
1468854230.017|-0.0202332|0.006485|-0.9929504
1468854230.039|-0.019928|0.0057983|-0.9990845
1468854230.06|-0.0190125|0.0079041|-0.9971924
1468854230.081|-0.0192719|0.0088959|-0.9993134
1468854230.102|-0.0167999|0.0059357|-0.9955292
1468854230.123|-0.019928|0.0057983|-0.9986267
1468854230.145|-0.0197906|0.0081482|-0.9938812
1468854230.165|-0.0206299|0.0053253|-0.9998322
1468854230.186|-0.019455|0.0055389|-0.9976807
1468854230.208|-0.0214691|0.0091858|-1.0002594
1468854230.229|-0.0209351|0.0072479|-0.9986267
1468854230.25|-0.0209045|0.0045929|-0.9958038
1468854230.271|-0.0184479|0.0052795|-0.9998169
1468854230.292|-0.0197449|0.0077057|-0.9993134
1468854230.313|-0.0209351|0.0065155|-0.9960327
1468854230.334|-0.0218658|0.0065613|-1.0009918
1468854230.355|-0.0202332|0.0079498|-0.9981232
1468854230.376|-0.0201874|0.0065155|-0.9993286
1468854230.397|-0.0198669|0.0033875|-0.9983978
1468854230.418|-0.0175781|0.0083618|-0.9960022
1468854230.439|-0.0205078|0.0088959|-0.9967194
1468854230.46|-0.01828|0.0076599|-0.9971771
1468854230.481|-0.0175781|0.0086212|-0.9976501
1468854230.502|-0.0189667|0.006485|-0.9988708
1468854230.523|-0.0180206|0.0066986|-0.9962463
1468854230.544|-0.0228577|0.0058441|-0.9974365
1468854230.565|-0.0182495|0.007431|-1.0007324
1468854230.586|-0.0200043|0.0076904|-0.9938812
1468854230.607|-0.0177765|0.0069275|-1.0000305
1468854230.629|-0.0223694|0.0058441|-0.9998169
1468854230.649|-0.0178375|0.0088348|-0.9971771
1468854230.671|-0.0209351|0.0072479|-0.9998169
1468854230.692|-0.0194397|0.006012|-0.9986267
1468854230.713|-0.0165405|0.0061951|-0.9986115
1468854230.734|-0.0191803|0.0048218|-0.9983978
1468854230.755|-0.0217285|0.0096436|-0.9969635
1468854230.776|-0.0194855|0.006485|-0.9953156
1468854230.797|-0.0243073|0.0056458|-1.0002747
1468854230.818|-0.0211792|0.0057831|-0.9938965
1468854230.839|-0.0184937|0.0064697|-0.9967194
1468854230.86|-0.0206604|0.0062866|-0.9990845
1468854230.881|-0.0170288|0.0054626|-0.9964752
1468854230.902|-0.0211182|0.0048676|-1.0014801
1468854230.923|-0.0206909|0.0079651|-0.9998016
1468854230.944|-0.0201569|0.004837|-0.998642
1468854230.965|-0.0204468|0.0069885|-0.9993286
1468854230.986|-0.0191345|0.0036163|-1.0007629
1468854231.007|-0.017746|0.0047607|-0.9967346
1468854231.028|-0.0187073|0.0057831|-1.0023956
1468854231.049|-0.017807|0.0076447|-0.997406
1468854231.071|-0.0202179|0.0074768|-0.9990845
1468854231.092|-0.0216827|0.0074921|-0.9969788
1468854231.113|-0.0206451|0.0063019|-1.0016937
1468854231.134|-0.0211792|0.0067749|-0.9983826
1468854231.155|-0.0179291|0.0028534|-0.9972229
1468854231.176|-0.0191956|0.0055389|-0.9995728
1468854231.197|-0.0189362|0.0048065|-1.000061
1468854231.218|-0.0204315|0.0055389|-0.9960327
1468854231.239|-0.0201263|0.0046082|-1.0010071
1468854231.26|-0.0209198|0.0060272|-0.9974365
1468854231.281|-0.0184937|0.0064697|-0.9967194
1468854231.302|-0.020462|0.0072174|-0.9967346
1468854231.323|-0.0189667|0.0055237|-0.9981384
1468854231.344|-0.0191803|0.0060272|-1.0009918
1468854231.365|-0.0197144|0.0055389|-0.9979248
1468854231.386|-0.0170135|0.005722|-0.9993134
1468854231.408|-0.0185242|0.007431|-0.9974213
1468854231.428|-0.0187378|0.0067444|-1.0012054
1468854231.449|-0.0206604|0.0053101|-0.9958038
1468854231.471|-0.0201416|0.0053253|-1.0010071
1468854231.491|-0.0189819|0.0064697|-0.9972076
1468854231.513|-0.0209656|0.0082092|-0.9986115
1468854231.534|-0.0197296|0.0067444|-0.9993286
1468854231.555|-0.0228577|0.0065765|-0.9988708
1468854231.576|-0.0189972|0.0071869|-0.9962616
1468854231.597|-0.0225983|0.0060883|-0.9995728
1468854231.618|-0.0208893|0.0050964|-0.9998322
1468854231.639|-0.0201874|0.0065155|-0.9993286
1468854231.66|-0.0204468|0.0082092|-1.0033264
1468854231.681|-0.0197601|0.0074463|-0.9967346
1468854231.702|-0.0194092|0.0038605|-0.9979401
1468854231.723|-0.0196991|0.0062714|-1.0021667
1468854231.744|-0.019165|0.0043335|-0.9993439
1468854231.765|-0.0192566|0.008667|-0.9993134
1468854231.786|-0.0188904|0.0033569|-0.9988861
1468854231.807|-0.020462|0.0067596|-0.9981384
1468854231.828|-0.0185089|0.0069427|-0.9960175
1468854231.849|-0.0206604|0.0053101|-0.9953308
1468854231.87|-0.0216217|0.0048676|-0.9981537
1468854231.891|-0.0189362|0.004303|-0.9974518
1468854231.912|-0.0196991|0.0072327|-1.0026398
1468854231.933|-0.0189819|0.0077057|-1.0009766
1468854231.954|-0.020462|0.0067444|-0.9974365
1468854231.975|-0.0211487|0.0065308|-1.0007477
1468854231.996|-0.0218506|0.0053406|-0.998642
1468854232.017|-0.0191956|0.0048218|-0.9976959
1468854232.038|-0.0228729|0.0072937|-0.9995728
1468854232.059|-0.0211334|0.0046082|-0.9976959
1468854232.08|-0.0198059|0.0091248|-0.9957733
1468854232.101|-0.01828|0.007431|-0.9979095
1468854232.122|-0.0209198|0.0065308|-1.0000458
1468854232.143|-0.021698|0.0089417|-0.9998016
1468854232.164|-0.0194397|0.0055389|-0.9988708
1468854232.186|-0.0211487|0.0055695|-0.9995728
1468854232.207|-0.0180359|0.0083923|-0.9995422
1468854232.228|-0.0236206|0.0072937|-0.9960327
1468854232.249|-0.0204926|0.008194|-0.9979095
1468854232.27|-0.0185089|0.0074463|-0.9998016
1468854232.291|-0.0197906|0.0079041|-0.9931641
1468854232.312|-0.0199585|0.0067596|-0.9998169
1468854232.333|-0.0204163|0.0062866|-1.0014648
1468854232.354|-0.0219116|0.0077515|-0.9988556
1468854232.375|-0.0201721|0.0052948|-0.9965057
1468854232.396|-0.0201874|0.0065155|-1.0000458
1468854232.417|-0.0196533|0.0031281|-0.9967651
1468854232.438|-0.021698|0.0094452|-1.0012054
1468854232.46|-0.0221863|0.008728|-0.9986115
1468854232.48|-0.019516|0.00914|-0.9995575
1468854232.501|-0.0206146|0.0046082|-0.998642
1468854232.522|-0.0187531|0.0067291|-1.0000305
1468854232.544|-0.0197906|0.0076752|-0.9924622
1468854232.565|-0.0185394|0.0083923|-0.99646
1468854232.586|-0.0224457|0.0084686|-0.9969635
1468854232.606|-0.0209351|0.0070038|-0.9990845
1468854232.628|-0.0165558|0.006424|-0.9974213
1468854232.648|-0.0170898|0.008606|-0.9976501
1468854232.669|-0.0191956|0.0050507|-0.9962769
1468854232.69|-0.017746|0.0059662|-0.9998016
1468854232.711|-0.0164948|0.005249|-1.0009918
1468854232.732|-0.0206909|0.0074921|-1.0000458
1468854232.753|-0.0211792|0.0057831|-0.9943695
1468854232.775|-0.0208893|0.0048523|-0.9990997
1468854232.796|-0.0197601|0.0079193|-0.9967194
1468854232.817|-0.0219116|0.0067902|-0.9976807
1468854232.838|-0.0223541|0.0041504|-0.9958038
1468854232.858|-0.0189972|0.0067139|-0.9974365
1468854232.879|-0.019516|0.0079193|-0.9945984
1468854232.9|-0.0187073|0.0048065|-0.9988708
1468854232.921|-0.0172577|0.0071716|-1.0005035
1468854232.942|-0.0235901|0.0063477|-0.9998169
1468854232.963|-0.0194244|0.0050659|-0.998642
1468854232.984|-0.0211639|0.0065308|-0.9998169
1468854233.005|-0.0179749|0.0057526|-0.9983673
1468854233.026|-0.0211639|0.0062866|-0.9986267
1468854233.046|-0.021225|0.0089264|-1.0002594
1468854233.067|-0.020462|0.0086975|-1.0012054
1468854233.089|-0.0228729|0.0063171|-0.9974365
1468854233.109|-0.0202484|0.008667|-0.9960175
1468854233.131|-0.0209503|0.0065155|-0.9950867
1468854233.152|-0.0221863|0.0084839|-0.9998016
1468854233.173|-0.0172577|0.0064545|-0.9988556
1468854233.194|-0.0189209|0.0057831|-1.0028839
1468854233.216|-0.0197144|0.0065002|-0.9990845
1468854233.237|-0.0192413|0.0069733|-0.9976807
1468854233.258|-0.0199585|0.0055237|-0.9941254
1468854233.279|-0.0197144|0.0072327|-1.0012207
1468854233.3|-0.019516|0.0086517|-0.9964752
1468854233.321|-0.0163269|0.0081177|-1.0011902
1468854233.342|-0.0219269|0.0079803|-0.9976654
1468854233.363|-0.0204773|0.0077057|-0.9967194
1468854233.384|-0.0228424|0.0060883|-0.9988708
1468854233.405|-0.0212097|0.0077209|-0.9964752
1468854233.426|-0.0199738|0.0079498|-0.9993134
1468854233.447|-0.0198975|0.0050964|-1.001236
1468854233.468|-0.0202942|0.0108337|-0.9985962
1468854233.489|-0.022171|0.0067902|-0.9964905
1468854233.51|-0.0172729|0.0054779|-0.9955292
1468854233.531|-0.0193176|0.0101013|-0.9976501
1468854233.552|-0.0192413|0.0077057|-0.9995575
1468854233.573|-0.0197754|0.0081787|-0.9981232
1468854233.594|-0.0218048|0.003418|-0.9993439
1468854233.615|-0.0191803|0.0050659|-0.9990997
1468854233.636|-0.0189972|0.0071869|-0.9960327
1468854233.657|-0.019455|0.006012|-0.9981384
1468854233.678|-0.0214233|0.0063019|-0.9976807
1468854233.699|-0.0194397|0.0048065|-0.996994
1468854233.72|-0.0221252|0.0051117|-0.996994
1468854233.741|-0.0179901|0.0059662|-0.9962463
1468854233.762|-0.0184937|0.0064697|-0.9964752
1468854233.783|-0.0185089|0.0074463|-0.9995575
1468854233.804|-0.0228271|0.0053711|-1.0002899
1468854233.825|-0.0195007|0.0079346|-0.9981232
1468854233.846|-0.0196838|0.0060272|-1.0009918
1468854233.867|-0.0157928|0.0054626|-0.9986115
1468854233.889|-0.0189209|0.0045624|-0.9983978
1468854233.91|-0.0199432|0.0067596|-1.0005188
1468854233.931|-0.0202332|0.008194|-0.9990692
1468854233.952|-0.0206604|0.0065308|-0.9988708
1468854233.973|-0.016037|0.0042419|-0.9955444
1468854233.994|-0.0204773|0.0074768|-0.9976807
1468854234.015|-0.0214844|0.0089264|-0.9974213
1468854234.036|-0.0184631|0.0065002|-1.0009766
1468854234.057|-0.0190125|0.0079041|-0.9974213
1468854234.078|-0.0176239|0.0110168|-1.0
1468854234.099|-0.0214386|0.0077515|-0.9993134
1468854234.12|-0.0211487|0.0053101|-0.9965057
1468854234.141|-0.0177307|0.0055084|-1.0014496
1468854234.162|-0.0203857|0.0078278|-0.9747314
1468854234.184|-0.0817413|-0.0203857|-0.7318115
1468854234.204|-0.0240784|0.01297|-1.0212708
1468854234.225|-0.0140076|-0.009201|-0.9618378
1468854234.246|-0.0226135|0.0168457|-1.0335541
1468854234.268|-0.0226746|0.0153351|-1.0198517
1468854234.288|-0.0222778|-0.0006104|-0.9563446
1468854234.31|-0.0197144|0.012619|-1.0198669
1468854234.331|-0.0182495|0.0023193|-0.9832764
1468854234.352|-0.0196838|0.0077515|-1.0073547
1468854234.373|-0.0209503|0.0057831|-0.9934235
1468854234.415|0.0166931|-0.0065308|-1.0527649
1468854234.436|-0.0132294|0.0064697|-1.0215454
1468854234.457|-0.0301361|0.0026703|-0.9537506
1468854234.478|-0.0223999|0.0136414|-1.0203247
1468854234.499|-0.0224915|0.0021057|-0.9717102
1468854234.52|-0.0194855|0.005249|-0.9913025
1468854234.541|-0.020462|0.0079498|-0.9998016
1468854234.562|-0.0184326|0.0033417|-0.9950867
1468854234.583|-0.020401|0.004837|-0.9998322
1468854234.604|-0.0206757|0.0062714|-0.9972076
1468854234.625|-0.0196228|0.0071106|-0.9773407
1468854234.646|-0.0830383|-0.0255585|-0.7030029
1468854234.667|-0.0134125|0.0038147|-1.0194244
1468854234.688|-0.0191498|-0.0015106|-0.982605
1468854234.709|-0.019989|-0.0037689|-0.9601593
1468854234.73|-0.0191193|0.0180664|-1.0526886
1468854234.75|-0.0158539|0.0019989|-0.9785461
1468854234.772|-0.0182037|0.0077209|-1.0073395
1468854234.793|-0.0205078|0.0064697|-0.9893951
1468854234.814|-0.0240784|0.0070953|-1.0009918
1468854234.835|-0.0204926|0.008194|-0.9981232
1468854234.877|-0.0501862|-0.0044098|-0.846283
1468854234.898|-0.0235748|0.0073395|-1.0042877
1468854234.919|-0.0207367|-0.0013428|-0.9629822
1468854234.941|-0.0089264|0.0162506|-1.0748901
1468854234.961|-0.0213776|0.002182|-0.9913177
1468854234.982|-0.0189362|0.0067596|-1.0066681
1468854235.003|-0.0214386|0.0055542|-0.9929504
1468854235.025|-0.0184784|0.0077057|-1.0030823
1468854235.046|-0.0192719|0.0069427|-0.9929504
1468854235.067|-0.0224152|0.0075226|-1.0000458
1468854235.088|-0.0206909|0.0072327|-0.9964905
1468854235.109|0.0183716|0.033783|-1.2843933
1468854235.13|0.0251923|-0.0243988|-1.0266113
1468854235.151|-0.0150452|0.0105133|-1.0517731
1468854235.172|-0.0211639|-0.0115509|-0.9405975
1468854235.193|-0.0213013|0.014679|-1.0413513
1468854235.214|-0.01828|-0.0016174|-0.9669952
1468854235.235|-0.0186462|0.0072784|-1.0144501
1468854235.255|-0.0191956|0.002594|-0.9875488
1468854235.276|-0.0167694|0.0071869|-1.0045166
1468854235.297|-0.020462|0.0052643|-0.9913025
1468854235.318|-0.0201569|0.0058136|-1.0024109
1468854235.339|-0.0883179|0.0626678|-1.1064453
1468854235.36|0.0075073|0.0022736|-1.0877228
1468854235.381|-0.0149231|0.0006561|-1.0029144
1468854235.402|-0.0175629|-0.0016327|-0.9672241
1468854235.423|-0.0171814|0.0202026|-1.0561981
1468854235.444|-0.0221558|0.000946|-0.9795074
1468854235.466|-0.0184937|0.0098877|-1.0085297
1468854235.487|-0.0195007|0.004776|-0.9891815
1468854235.508|-0.0211487|0.006546|-1.0009918
1468854235.529|-0.0204315|0.0052795|-0.9941406
1468854235.55|-0.0206757|0.0074921|-1.0007477
1468854235.574|-0.0543976|0.0544586|-0.95961
1468854235.592|-0.1334839|-0.0024567|-0.6228333
1468854235.613|-0.0322113|0.0159912|-1.0137329
1468854235.634|-0.0176392|-0.0071564|-0.9720001
1468854235.655|-0.0251617|0.0070343|-0.9851379
1468854235.676|-0.019455|0.0187225|-1.0406342
1468854235.697|-0.0206909|-0.002533|-0.9648895
1468854235.718|-0.0193634|0.0082703|-1.0184631
1468854235.739|-0.02005|0.0081482|-0.989624
1468854235.76|-0.0211639|0.004837|-0.9953308
1468854235.781|-0.0172577|0.0071716|-1.0005035
1468854235.802|0.0688629|-0.0616455|-0.9920197
1468854235.823|0.0090179|0.0032349|-1.0978546
1468854235.844|-0.0145569|-0.0017242|-1.011673
1468854235.865|-0.0199432|-0.0044708|-0.9646606
1468854235.886|-0.0206604|0.0231628|-1.0547791
1468854235.907|-0.0189667|-0.0005951|-0.9752655
1468854235.928|-0.0195007|0.0113525|-1.0094604
1468854235.949|-0.0175781|0.006897|-0.9917603
1468854235.97|-0.0184937|0.0074615|-1.0014496
1468854235.991|-0.0214691|0.0077362|-0.9957733
1468854236.012|-0.0202026|0.0067596|-0.9993286
1468854236.033|-0.0184784|0.0077057|-1.0037994
1468854236.054|-0.0175323|0.0064545|-0.9976654
1468854236.075|0.114624|0.0937042|-1.7196808
1468854236.096|0.106842|-0.0685272|-1.0805969
1468854236.118|0.0060883|-0.0162659|-1.0299225
1468854236.139|-0.0124054|-0.0101166|-0.9781494
1468854236.16|-0.0406036|0.0340424|-1.1254272
1468854236.181|-0.0174713|0.0101471|-1.0191345
1468854236.202|-0.0205536|-0.0050354|-0.9452667
1468854236.223|-0.020401|0.0150909|-1.032608
1468854236.244|-0.0180664|0.0039825|-0.980423
1468854236.265|-0.0209503|0.0089569|-1.0042725
1468854236.286|-0.0221252|0.0036469|-0.9934387
1468854236.307|-0.0201874|0.0070038|-1.0024109
1468854236.328|-0.0188141|0.0078888|-0.9931488
1468854236.349|-0.0198517|0.0034027|-1.002182
1468854236.37|-0.0195312|0.0076752|-0.9934082
1468854236.391|-0.0201569|0.0060425|-1.0016937
1468854236.412|-0.0201416|0.0043488|-0.9998322
1468854236.433|-0.0158539|0.0076141|-0.9969482
1468854236.454|-0.0206757|0.0079651|-1.0005035
1468854236.475|-0.0194092|0.0033569|-0.9953308
1468854236.496|-0.0187073|0.0052795|-0.9988708
1468854236.517|-0.0184174|0.0045776|-1.0019379
1468854236.539|-0.0189667|0.0062408|-0.9998169
1468854236.56|-0.0226135|0.0056152|-0.9981384
1468854236.58|-0.0211945|0.0077362|-0.9995575
1468854236.602|-0.0165253|0.0052185|-0.9967346
1468854236.623|-0.0199127|0.0057983|-1.0005188
1468854236.644|-0.0187988|0.0081482|-0.9967041
1468854236.665|-0.0219116|0.0075073|-1.0002747
1468854236.686|-0.0211945|0.0067749|-0.9976807
1468854236.707|-0.0209503|0.0077362|-0.9986115
1468854236.728|-0.0218964|0.007019|-0.9988708
1468854236.749|-0.0187531|0.0067291|-0.9986115
1468854236.77|-0.0187988|0.0066986|-0.9929352
1468854236.791|-0.0191498|0.0043488|-1.001236
1468854236.812|-0.021225|0.0069733|-0.9936676
1468854236.833|-0.0201874|0.0048218|-0.9958038
1468854236.854|-0.0194702|0.0067444|-1.0002747
1468854236.875|-0.0172729|0.0064392|-0.9967194
1468854236.896|-0.020462|0.0072174|-0.9967346
1468854236.917|-0.0199738|0.0067596|-0.9979248
1468854236.939|-0.0206604|0.0065308|-1.0002747
1468854236.959|-0.0206757|0.0067749|-0.9995728
1468854236.981|-0.020462|0.0074768|-0.9988708
1468854237.001|-0.0185394|0.0076752|-0.995285
1468854237.022|-0.019516|0.0084229|-0.9976654
1468854237.044|-0.0194397|0.0052795|-0.9972229
1468854237.065|-0.0200043|0.008667|-0.9974213
1468854237.086|-0.0204163|0.0055542|-1.0000458
1468854237.107|-0.0197144|0.0057678|-0.9974365
1468854237.128|-0.0185394|0.0081482|-0.9967041
1468854237.149|-0.0204163|0.0057983|-0.9995728
1468854237.17|-0.0202332|0.0084381|-0.9988556
1468854237.191|-0.0214386|0.0070038|-0.9967346
1468854237.212|-0.02005|0.0093842|-0.9957733
1468854237.233|-0.0180054|0.0084076|-1.0037994
1468854237.254|-0.0191956|0.0052948|-0.9981537
1468854237.275|-0.019165|0.0040894|-0.9967499
1468854237.296|-0.0189209|0.0040741|-0.9974518
1468854237.317|-0.0184631|0.0062561|-1.0009766
1468854237.338|-0.0207367|0.0089264|-0.9976654
1468854237.359|-0.0182037|0.0059967|-1.0023956
1468854237.38|-0.0199432|0.0057831|-0.9967346
1468854237.401|-0.0199585|0.0065155|-0.9976807
1468854237.422|-0.0180359|0.0081482|-0.9985962
1468854237.443|-0.0179291|0.0033264|-0.9967346
1468854237.464|-0.0206757|0.0072479|-1.0002747
1468854237.485|-0.019455|0.0059967|-0.9960327
1468854237.506|-0.0187683|0.0081787|-1.0009613
1468854237.527|-0.0187836|0.0081635|-1.0002441
1468854237.548|-0.0206604|0.0067902|-1.0021667
1468854237.569|-0.017746|0.0052338|-0.9974365
1468854237.59|-0.0196991|0.0057831|-0.9993286
1468854237.611|-0.017807|0.0074158|-0.9981232
1468854237.632|-0.0221405|0.0072784|-1.0005188
1468854237.653|-0.0182495|0.0071869|-1.0002594
1468854237.674|-0.0218811|0.0048523|-0.9955597
1468854237.695|-0.0216217|0.0055847|-0.9998169
1468854237.716|-0.0197449|0.0067444|-0.9981384
1468854237.737|-0.019928|0.004837|-0.9981537
1468854237.758|-0.0221558|0.0068054|-1.0000458
1468854237.779|-0.0189819|0.0059814|-0.9957886
1468854237.8|-0.0199738|0.0072174|-0.9972076
1468854237.82|-0.0197449|0.0074615|-0.9998169
1468854237.841|-0.0198212|0.0103455|-0.9976501
1468854237.862|-0.0218964|0.0072632|-1.0000458
1468854237.884|-0.0204315|0.0055389|-0.9974365
1468854237.905|-0.0196991|0.0043182|-0.9951019
1468854237.926|-0.0214539|0.0079803|-0.9981232
1468854237.947|-0.0170135|0.0042572|-0.9957886
1468854237.968|-0.0214386|0.0075073|-0.9988708
1468854237.989|-0.0189972|0.0086517|-1.0007324
1468854238.01|-0.0200043|0.0089111|-1.0002594
1468854238.031|-0.0165405|0.0061951|-0.9983673
1468854238.052|-0.0182953|0.0091095|-0.9983521
1468854238.073|-0.019928|0.0052948|-0.9967499
1468854238.094|-0.019928|0.0055542|-0.9986267
1468854238.115|-0.0204315|0.0057983|-0.9981384
1468854238.136|-0.0165863|0.008606|-0.9988403
1468854238.157|-0.0202026|0.0069885|-0.9988708
1468854238.178|-0.0170593|0.006897|-0.9960175
1468854238.199|-0.0182343|0.0057526|-0.9976654
1468854238.22|-0.0209503|0.0082245|-1.0012054
1468854238.241|-0.0165405|0.0061951|-0.9983673
1468854238.262|-0.0179596|0.0059967|-1.0009766
1468854238.283|-0.017807|0.0076599|-0.9976501
1468854238.305|-0.0202332|0.0077057|-0.9964752
1468854238.325|-0.0202637|0.0084229|-0.9957733
1468854238.346|-0.0182648|0.007431|-0.9998016
1468854238.367|-0.0206451|0.0050964|-0.9976959
1468854238.388|-0.0182343|0.0055084|-0.9976654
1468854238.41|-0.0197906|0.0084076|-0.9950714
1468854238.431|-0.0218658|0.0058289|-0.9990845
1468854238.452|-0.018692|0.0040741|-0.9967346
1468854238.473|-0.019989|0.0074615|-0.9969788
1468854238.494|-0.0180054|0.0067139|-0.9993134
1468854238.515|-0.0192261|0.0062408|-0.9960327
1468854238.536|-0.0222168|0.0089569|-0.9981232
1468854238.557|-0.0216064|0.0053406|-0.998642
1468854238.578|-0.0178375|0.0095673|-0.9995422
1468854238.599|-0.0153198|0.0068817|-1.0005035
1468854238.62|-0.0165405|0.0059357|-0.9974213
1468854238.641|-0.0218658|0.0053253|-0.9967499
1468854238.662|-0.0206604|0.0060272|-0.9969788
1468854238.683|-0.0195618|0.0098419|-0.9955292
1468854238.704|-0.0184326|0.0040741|-0.9962616
1468854238.725|-0.0180359|0.0076599|-0.99646
1468854238.746|-0.0202179|0.0079498|-0.9988556
1468854238.767|-0.020874|0.0051117|-1.0014801
1468854238.788|-0.0195465|0.0091248|-0.9953003
1468854238.809|-0.0211334|0.0038605|-0.9939117
1468854238.83|-0.0204315|0.0062714|-1.0000458
1468854238.851|-0.0204773|0.0074615|-0.9972076
1468854238.873|-0.0218353|0.0046234|-0.9983978
1468854238.893|-0.0211639|0.0067902|-1.0012207
1468854238.915|-0.0167694|0.0050049|-0.9979248
1468854238.936|-0.0216675|0.0067749|-0.9964905
1468854238.957|-0.0184784|0.0057526|-0.9969635
1468854238.978|-0.0172424|0.0052338|-0.9960327
1468854238.999|-0.0209045|0.006546|-1.0009918
1468854239.02|-0.0199127|0.0053101|-0.9990997
1468854239.041|-0.0204773|0.0074768|-0.9976807
1468854239.062|-0.0199585|0.0062714|-0.9981384
1468854239.083|0.1436005|-0.0795898|-0.9510498
1468854239.104|-0.0054932|-0.032135|-0.8858337
1468854239.125|-0.0056305|-0.0301514|-0.9440002
1468854239.146|-0.0271454|0.0355835|-1.1090698
1468854239.167|-0.0180054|-0.004776|-0.960144
1468854239.188|-0.0211792|-0.0034943|-0.9644012
1468854239.209|-0.0184174|0.0197296|-1.0510101
1468854239.23|-0.0193024|-0.0009003|-0.962265
1468854239.251|-0.020401|0.0084839|-1.009964
1468854239.272|-0.0219269|0.0055389|-0.9898834
1468854239.294|-0.0200043|0.0091553|-1.0002594
1468854239.314|-0.0185394|0.0069275|-0.9924622
1468854239.335|-0.0186768|0.0057983|-1.0050049
1468854239.357|-0.0202179|0.0055237|-0.9931793
1468854239.378|-0.019989|0.0086823|-0.9993134
1468854239.399|-0.0221252|0.0053406|-0.9972229
1468854239.42|-0.0188446|0.0105591|-0.9976349
1468854239.441|-0.0189209|0.0052795|-1.0007629
1468854239.462|-0.0201569|0.0050812|-0.9983978
1468854239.483|-0.018219|0.0057526|-0.9995575
1468854239.504|-0.0174561|0.0045319|-1.0005188
1468854239.525|-0.017746|0.0050201|-0.9979248
1468854239.546|-0.0209961|0.0086823|-0.9953003
1468854239.567|-0.0202179|0.0077209|-0.9995575
1468854239.588|-0.0192566|0.0081787|-0.9986115
1468854239.609|-0.0203247|0.0026703|-1.0005493
1468854239.63|-0.0187683|0.0067291|-0.9976654
1468854239.651|-0.0172729|0.0069275|-1.0000305
1468854239.672|-0.0228729|0.0070496|-1.0002747
1468854239.693|-0.0197754|0.0079193|-0.9957733
1468854239.714|-0.0197754|0.00914|-0.9988556
1468854239.735|-0.0177307|0.0045166|-0.9969788
1468854239.756|-0.0182343|0.0055084|-0.9979095
1468854239.777|-0.0197449|0.0074615|-0.9995728
1468854239.798|-0.0199585|0.0065002|-0.9974365
1468854239.819|-0.0197296|0.0069733|-0.9995728
1468854239.84|-0.0214539|0.0079803|-0.9976654
1468854239.861|-0.0192108|0.0062561|-0.9995728
1468854239.882|-0.0238495|0.0058594|-0.9948425
1468854239.903|-0.0189819|0.0076904|-1.0005035
1468854239.924|-0.0197296|0.0057526|-0.9941254
1468854239.945|-0.0224304|0.0084839|-0.9988556
1468854239.966|-0.0197296|0.0057678|-0.9957886
1468854239.987|-0.0172424|0.0071869|-1.0038147
1468854240.01|-0.0187073|0.00383|-0.9946136
1468854240.03|-0.0211334|0.0058289|-1.0009918
1468854240.05|-0.0195007|0.0074463|-0.9962616
1468854240.071|-0.0183105|0.0093536|-1.0002441
1468854240.093|-0.0196228|0.0024261|-0.9989014
1468854240.114|-0.0196381|0.0033722|-1.0002899
1468854240.135|-0.0221863|0.0079956|-0.9979095
1468854240.156|-0.0182343|0.0064697|-0.9983673
1468854240.177|-0.0187988|0.0083923|-0.9967041
1468854240.198|-0.017746|0.0067139|-1.0026245
1468854240.219|-0.0209351|0.0072479|-0.9986267
1468854240.24|-0.0180054|0.007431|-1.0007324
1468854240.261|-0.020462|0.0079498|-1.0002594
1468854240.282|-0.0213623|0.0039062|-0.9981537
1468854240.303|-0.0174866|0.0040436|-0.9955444
1468854240.324|-0.0213928|0.0063171|-1.0019379
1468854240.345|-0.0194397|0.0045624|-0.9955597
1468854240.366|-0.02211|0.0063324|-1.0033417
1468854240.387|-0.0197144|0.0055389|-0.9981384
1468854240.408|-0.0175323|0.0054779|-0.9957733
1468854240.429|-0.0196838|0.0043182|-0.9972229
1468854240.45|-0.0202789|0.0096283|-0.9979095
1468854240.471|-0.0194702|0.0067444|-0.9995728
1468854240.492|-0.0170441|0.0069122|-0.9993134
1468854240.513|-0.0195618|0.0105591|-0.9967041
1468854240.534|-0.0202026|0.0065002|-0.9972076
1468854240.556|-0.0208893|0.0043488|-0.9967499
1468854240.577|-0.0219116|0.0066071|-0.9617462
1468854240.598|-0.0879517|-0.0496216|-0.5826111
1468854240.619|-0.0438232|-0.0180817|-0.8756714
1468854240.64|-0.0121155|-0.0232697|-0.9418335
1468854240.661|-0.0122986|0.0497131|-1.158844
1468854240.682|-0.0179291|0.0187378|-1.0498352
1468854240.703|-0.0225372|-0.0184784|-0.8940735
1468854240.724|-0.0172424|0.0225983|-1.0550079
1468854240.745|-0.0197601|0.0020905|-0.9804535
1468854240.766|-0.0213928|0.0038757|-0.9929657
1468854240.787|-0.01828|0.0061951|-0.9936523
1468854240.808|0.1665497|-0.0436707|-1.3587799
1468854240.829|0.046875|-0.0350494|-1.0656281
1468854240.851|-0.023941|0.0152435|-1.0475006
1468854240.871|-0.0159302|0.0184937|-1.0564575
1468854240.892|-0.0185547|-0.0062714|-0.9459839
1468854240.913|-0.0194092|0.011673|-1.0227051
1468854240.934|-0.0192719|0.0057373|-0.9886932
1468854240.955|-0.0192413|0.008194|-1.0021515
1468854240.977|-0.0209045|0.0053101|-0.9972229
1468854240.998|-0.0193481|0.0108032|-0.994812
1468854241.019|-0.020401|0.004837|-1.0002899
1468854241.04|-0.019989|0.008194|-0.9990692
1468854241.06|-0.1235962|-0.0239105|-0.6113739
1468854241.082|-0.0325165|0.0163727|-1.0439911
1468854241.104|-0.0170288|0.0013275|-0.9820862
1468854241.124|-0.0203705|0.0082703|-1.0153961
1468854241.145|-0.0179596|0.0040588|-0.9946136
1468854241.166|-0.0206757|0.008728|-1.0045166
1468854241.187|-0.022171|0.0079956|-0.9995575
1468854241.208|-0.0201874|0.0043182|-0.9936829
1468854241.229|-0.0218506|0.006073|-1.0012207
1468854241.25|-0.0220795|0.0044098|-1.0019531
1468854241.271|-0.0181122|0.009552|-0.9929199
1468854241.292|-0.0231171|0.0087585|-1.0030975
1468854241.313|-0.020874|0.0046082|-0.9983978
1468854241.334|-0.0190277|0.0076752|-0.9957733
1468854241.355|-0.0213928|0.0058289|-1.0000458
1468854241.376|-0.0214539|0.0074921|-0.9964905
1468854241.397|-0.0192108|0.0059967|-0.9962616
1468854241.418|-0.0216217|0.0060577|-0.9990845
1468854241.439|-0.019516|0.0088959|-1.0002594
1468854241.462|-0.0191956|0.0055389|-0.9990845
1468854241.481|-0.0202332|0.0086823|-0.9983673
1468854241.502|-0.0197601|0.0076904|-0.9964752
1468854241.523|-0.0180206|0.0071869|-0.9981232
1468854241.544|-0.0214233|0.0055695|-0.9950867
1468854241.565|-0.0199127|0.0055542|-1.0005188
1468854241.586|-0.0160675|0.0061646|-0.9969635
1468854241.607|-0.0165253|0.0059509|-0.9983673
1468854241.628|-0.0194855|0.0072021|-0.9969788
1468854241.649|-0.0215912|0.0033875|-0.9943848
1468854241.67|-0.0214081|0.0063019|-0.9993286
1468854241.691|-0.0214233|0.0065308|-0.9962616
1468854241.712|-0.0204773|0.0086823|-0.9990692
1468854241.733|-0.0168304|0.0083618|-0.9983521
1468854241.754|-0.019165|0.0043335|-1.000061
1468854241.776|-0.0199585|0.0065155|-0.9981384
1468854241.797|-0.0201721|0.0055542|-0.9988708
1468854241.818|-0.0206146|0.0036316|-0.9962769
1468854241.839|-0.0202484|0.0081787|-0.9967194
1468854241.86|-0.0202332|0.0086823|-0.9983673
1468854241.881|-0.0188904|0.0023956|-0.996521
1468854241.902|-0.0180206|0.007431|-1.0000305
1468854241.923|-0.0194397|0.0052795|-0.9974518
1468854241.944|-0.0189819|0.0062256|-0.9964905
1468854241.965|-0.0189362|0.0045471|-0.9972229
1468854241.986|-0.0201569|0.0043335|-0.9974518
1468854242.007|-0.0224609|0.0084686|-0.9953003
1468854242.028|-0.0196838|0.0055542|-1.0019379
1468854242.048|-0.0189667|0.0057526|-0.9962616
1468854242.07|-0.0197296|0.0069733|-0.9990845
1468854242.091|-0.020401|0.004837|-0.9998322
1468854242.112|-0.0194855|0.0077057|-0.9983673
1468854242.133|-0.0196991|0.0045624|-0.9955597
1468854242.154|-0.0182648|0.005722|-0.9927063
1468854242.176|-0.0192108|0.0059967|-0.9960327
1468854242.197|-0.0182037|0.0055237|-1.0023956
1468854242.218|-0.0192413|0.0084381|-1.0009766
1468854242.239|-0.0218353|0.0046234|-0.999588
1468854242.26|-0.0175934|0.0088348|-0.9971771
1468854242.281|-0.0201263|0.0046082|-1.0019531
1468854242.302|-0.0170593|0.0061798|-0.9953003
1468854242.323|-0.0228424|0.0060883|-0.9988708
1468854242.344|-0.0170441|0.0061798|-0.9967194
1468854242.365|-0.0191193|0.0033875|-1.0019531
1468854242.386|-0.0209503|0.0067596|-0.9967346
1468854242.407|-0.0181885|0.0047913|-1.0005188
1468854242.428|-0.0209198|0.0062866|-0.9988708
1468854242.45|-0.0208893|0.0048523|-1.0002899
1468854242.47|-0.0189209|0.00383|-0.9974518
1468854242.491|-0.0184631|0.0052643|-0.9969788
1468854242.513|-0.0158386|0.006897|-0.9981232
1468854242.534|-0.0201416|0.0053253|-1.0024261
1468854242.555|-0.0207062|0.0074921|-0.9979248
1468854242.576|-0.0187378|0.0055084|-0.9960175
1468854242.597|-0.0187225|0.0055237|-0.9988556
1468854242.618|-0.0218506|0.0048676|-1.000061
1468854242.639|-0.0189667|0.0050354|-0.9946289
1468854242.66|-0.0167694|0.005722|-1.0002594
1468854242.681|-0.019989|0.0074768|-0.9979248
1468854242.702|-0.019989|0.0074615|-0.9972076
1468854242.723|-0.0182037|0.0050354|-0.9998169
1468854242.744|-0.0197449|0.0077057|-0.9986115
1468854242.765|-0.0218811|0.0058289|-0.9976807
1468854242.786|-0.0201263|0.0031433|-0.9967651
1468854242.807|-0.0175323|0.0057068|-0.9943542
1468854242.828|-0.0202026|0.0069885|-0.9983826
1468854242.849|-0.017807|0.0081329|-0.9992981
1468854242.87|-0.0199432|0.0062714|-0.9983826
1468854242.891|-0.0214233|0.0065308|-0.9969788
1468854242.912|-0.0214233|0.0063019|-0.9981384
1468854242.934|-0.0204468|0.0069885|-1.0000458
1468854242.955|-0.0204773|0.0074615|-0.9967346
1468854242.976|-0.0201569|0.0045929|-0.9981537
1468854242.997|-0.0222931|0.0029602|-1.0007782
1468854243.018|-0.0193024|0.0098419|-0.9974213
1468854243.039|-0.0182648|0.0081635|-1.0011902
1468854243.06|-0.0202179|0.0072327|-0.9976807
1468854243.081|-0.0196991|0.0048065|-0.9974518
1468854243.102|-0.0204315|0.0072479|-1.0012207
1468854243.123|-0.0221405|0.0060577|-0.9960327
1468854243.144|-0.0199738|0.0069733|-0.9974365
1468854243.165|-0.0218506|0.0046234|-0.9981537
1468854243.186|-0.0216064|0.0053406|-0.998642
1468854243.207|-0.0174713|0.0035706|-0.9979248
1468854243.228|-0.0204315|0.0065155|-1.0002747
1468854243.249|-0.0202026|0.0067596|-0.9983826
1468854243.271|-0.0186768|0.0038452|-0.9988708
1468854243.292|-0.0218506|0.0036469|-0.9958038
1468854243.312|-0.019165|0.0050659|-1.0005341
1468854243.333|-0.0209503|0.0074921|-0.9986267
1468854243.355|-0.0187073|0.0050507|-0.9993286
1468854243.375|-0.0206451|0.0055695|-0.9995728
1468854243.397|-0.0196533|0.0043488|-1.0010071
1468854243.418|-0.0218811|0.0055695|-0.9962616
1468854243.438|-0.0196686|0.0062866|-1.0052338
1468854243.46|-0.0199432|0.0057983|-0.9976807
1468854243.481|-0.021637|0.0058136|-0.9969788
1468854243.502|-0.0187531|0.006958|-0.9990692
1468854243.523|-0.0221558|0.0068054|-0.9998169
1468854243.544|-0.0155182|0.0039978|-0.9972076
1468854243.565|-0.0228882|0.0085144|-1.0012054
1468854243.586|-0.0206757|0.0065155|-0.9962616
1468854243.607|-0.0200043|0.008667|-0.9971924
1468854243.628|-0.0194702|0.0067444|-1.0000458
1468854243.649|-0.0153046|0.004715|-0.9974365
1468854243.67|-0.0214233|0.006546|-0.9981384
1468854243.692|-0.0175171|0.0062103|-0.9998016
1468854243.713|-0.0187531|0.0057526|-0.9955292
1468854243.734|-0.0204468|0.0077209|-1.0005035
1468854243.755|-0.021347|0.0029297|-0.9972382
1468854243.776|-0.0182037|0.0050354|-0.9993286
1468854243.797|-0.0175018|0.005249|-0.9981384
1468854243.818|-0.0199585|0.0062714|-0.9981384
1468854243.839|-0.0202179|0.0072174|-0.9972076
1468854243.86|-0.0177917|0.0071716|-0.9976654
1468854243.881|-0.0175323|0.0071716|-0.9993134
1468854243.902|-0.0199432|0.0065155|-0.9983826
1468854243.923|-0.0187073|0.0052795|-0.9993286
1468854243.944|-0.0206757|0.0065155|-0.9967346
1468854243.965|-0.0196991|0.0057831|-1.0002747
1468854243.986|-0.0203705|0.0045929|-1.0005341
1468854244.007|-0.0177765|0.0071716|-0.9983673
1468854244.028|-0.0211945|0.0087128|-1.0009766
1468854244.049|-0.0199738|0.0072174|-0.9972076
1468854244.07|-0.0213928|0.0055847|-0.9983826
1468854244.092|-0.0192413|0.0074615|-0.9986267
1468854244.113|-0.0175323|0.005722|-0.9948273
1468854244.134|-0.019928|0.0055542|-0.9983826
1468854244.154|-0.0204315|0.0057831|-0.9974365
1468854244.176|-0.0194244|0.0045776|-0.9981537
1468854244.197|-0.019165|0.0052948|-1.0007629
1468854244.218|-0.0189514|0.0052795|-0.9979401
1468854244.239|-0.01828|0.0083923|-0.9997864
1468854244.259|-0.0214233|0.0077667|-1.0019226
1468854244.281|-0.0179901|0.0064697|-0.9988556
1468854244.302|-0.0211792|0.0072479|-0.9995728
1468854244.323|-0.0201569|0.0055695|-1.0009918
1468854244.344|-0.0182953|0.0078888|-0.9957581
1468854244.365|-0.0209351|0.0065308|-0.9981384
1468854244.386|-0.0182495|0.0064697|-0.9976654
1468854244.408|-0.0182037|0.0057678|-1.0021515
1468854244.429|-0.0216064|0.0048676|-1.000061
1468854244.449|-0.0168152|0.006424|-0.9957733
1468854244.469|-0.0202484|0.0094147|-1.0019226
1468854244.491|-0.0185242|0.0067139|-0.9957733
1468854244.512|-0.0218964|0.006546|-0.9981384
1468854244.533|-0.0223694|0.006073|-0.9995728
1468854244.554|-0.087738|0.125|-1.0178375
1468854244.575|0.027832|-0.0848541|-0.6851807
1468854244.596|-0.0187378|0.0087891|-1.0733032
1468854244.618|-0.0131836|-0.0260162|-0.920105
1468854244.637|-0.0268402|0.0199738|-1.063797
1468854244.658|-0.0187073|0.0370789|-1.1045532
1468854244.679|-0.0217133|-0.0164948|-0.9108429
1468854244.7|-0.0188904|0.0165558|-1.0420685
1468854244.722|-0.0196838|-0.0010681|-0.9788208
1468854244.743|-0.0201111|0.0041351|-1.0024261
1468854244.764|-0.021225|0.0094299|-1.0009766
1468854244.806|-0.0983124|-0.0140533|-0.6779175
1468854244.827|-0.0317993|-0.0048218|-0.9351349
1468854244.848|-0.018692|-0.0005646|-0.9813995
1468854244.871|-0.0240631|0.0122528|-1.020813
1468854244.89|-0.0185089|0.010849|-1.0092163
1468854244.912|-0.0224762|0.0052795|-0.9820862
1468854244.933|-0.0167999|0.0095978|-1.0085297
1468854244.954|-0.019455|0.0033264|-0.9887085
1468854244.975|-0.0218353|0.0036621|-0.9979401
1468854244.996|-0.0228729|0.0070496|-0.9990845
1468854245.017|-0.0209351|0.0079803|-1.0014496
1468854245.038|0.0886993|-0.0511475|-1.0148163
1468854245.059|0.0068665|-0.0727692|-0.7487488
1468854245.079|-0.0158997|0.0029755|-1.0771332
1468854245.101|-0.0142059|-0.0213928|-0.9285736
1468854245.121|-0.0173187|0.0413055|-1.1430511
1468854245.142|-0.0175171|0.0245667|-1.0604248
1468854245.163|-0.021225|-0.0194244|-0.9049377
1468854245.184|-0.0175171|0.0184479|-1.0384827
1468854245.205|-0.0197296|0.0047913|-0.9924927
1468854245.225|-0.0197449|0.0035553|-0.9870605
1468854245.247|-0.0233154|0.0061188|-1.0012207
1468854245.268|-0.0198212|0.0110626|-0.9985962
1468854245.289|-0.0204468|0.0065002|-0.9962616
1468854245.31|-0.0187531|0.006958|-0.9998016
1468854245.331|-0.0185089|0.0069427|-0.9974213
1468854245.352|-0.0189667|0.006485|-0.9998169
1468854245.373|-0.0188904|0.0040894|-1.0005341
1468854245.394|-0.0189209|0.0065155|-1.0050201
1468854245.415|-0.0206909|0.0062714|-0.9957886
1468854245.436|-0.0201874|0.0055389|-0.9969788
1468854245.457|-0.0204773|0.0072174|-0.9950867
1468854245.478|-0.0184174|0.0050659|-1.0026398
1468854245.499|-0.0228424|0.0058594|-0.9995728
1468854245.52|-0.019455|0.0057831|-0.9979248
1468854245.541|-0.0219116|0.007019|-0.9981384
1468854245.563|-0.0197449|0.0079346|-1.0002594
1468854245.584|-0.0183105|0.0091095|-0.9978943
1468854245.605|-0.0187531|0.0079346|-1.0011902
1468854245.626|-0.0204315|0.0052948|-0.9948578
1468854245.647|-0.0206146|0.004364|-0.999588
1468854245.668|-0.0204163|0.0055542|-0.9983826
1468854245.689|-0.0187836|0.0086517|-1.0002441
1468854245.71|-0.0201416|0.0045929|-0.9983978
1468854245.731|-0.0209503|0.0086975|-1.0005035
1468854245.752|-0.0202026|0.0062561|-0.9967346
1468854245.773|-0.0182495|0.0069427|-0.9990692
1468854245.794|-0.020401|0.0053101|-0.9993439
1468854245.815|-0.0206604|0.0055542|-0.9974365
1468854245.836|-0.0211182|0.0048523|-1.0005341
1468854245.857|-0.0211487|0.0050812|-0.9965057
1468854245.878|-0.0192108|0.0065002|-0.9998169
1468854245.899|-0.019165|0.0050812|-1.0014801
1468854245.92|-0.0180206|0.0069275|-0.9967194
1468854245.941|-0.0213928|0.0053253|-0.9972229
1468854245.962|-0.0198822|0.004364|-1.0024261
1468854245.984|-0.0175476|0.0064392|-0.9950714
1468854246.005|-0.0196991|0.0065155|-1.0021667
1468854246.026|-0.0189514|0.0052643|-0.9974518
1468854246.047|-0.0186768|0.0036011|-0.9986267
1468854246.068|-0.0202332|0.008194|-1.0002594
1468854246.089|-0.0194397|0.0045471|-0.9941406
1468854246.11|-0.0197144|0.0055389|-0.9976807
1468854246.131|-0.0202026|0.0069885|-0.9993286
1468854246.152|-0.0166016|0.0083466|-0.9962311
1468854246.173|-0.0218353|0.0053406|-1.0005341
1468854246.194|-0.0211639|0.0060272|-0.9962616
1468854246.215|-0.0206909|0.0070038|-0.9979248
1468854246.236|-0.0191956|0.0057831|-0.9986267
1468854246.257|-0.0187531|0.0067291|-0.9988556
1468854246.278|-0.0211639|0.0060272|-0.9964905
1468854246.299|-0.0181885|0.0040741|-0.9979248
1468854246.32|-0.0224457|0.0087128|-0.9969635
1468854246.341|-0.0218506|0.0041351|-0.9953308
1468854246.362|-0.0197601|0.0074615|-0.9976807
1468854246.383|-0.0192413|0.0072021|-0.9964905
1468854246.405|-0.0206146|0.0053406|-1.001709
1468854246.425|-0.0214386|0.0057983|-0.9927216
1468854246.447|-0.0202179|0.0077209|-0.9983673
1468854246.468|-0.0218201|0.0046234|-1.0005341
1468854246.489|-0.0195007|0.0064697|-0.9927216
1468854246.51|-0.0172424|0.0062256|-1.0012054
1468854246.531|-0.0211487|0.0055695|-0.9983826
1468854246.552|-0.0236053|0.007309|-1.0002747
1468854246.573|-0.0216064|0.0058441|-1.0012207
1468854246.594|-0.0204315|0.0052948|-0.9955597
1468854246.615|-0.017746|0.0047607|-0.9974365
1468854246.636|-0.0201569|0.0053101|-0.9998322
1468854246.657|-0.0170288|0.0047455|-0.9955444
1468854246.678|-0.0194702|0.0065002|-0.9981384
1468854246.699|-0.0191956|0.0052948|-0.9979401
1468854246.72|-0.016571|0.0066681|-0.9971924
1468854246.741|-0.0211334|0.0050964|-0.9998322
1468854246.762|-0.0214233|0.0075073|-1.0007477
1468854246.783|-0.0195312|0.007431|-0.9934235
1468854246.804|-0.0204315|0.0072479|-1.0012207
1468854246.825|-0.0197144|0.0059967|-0.9960327
1468854246.846|-0.0211639|0.0067902|-1.0009918
1468854246.867|-0.0214539|0.0075073|-0.9981384
1468854246.888|-0.0180206|0.0071716|-0.9967194
1468854246.909|-0.0206909|0.0077362|-0.9990692
1468854246.93|-0.0209503|0.0070038|-0.9981384
1468854246.951|-0.0180206|0.0064545|-0.9955292
1468854246.973|-0.0214233|0.0075226|-1.0016937
1468854246.994|-0.0207062|0.0072174|-0.9938965
1468854247.014|-0.0182495|0.0057373|-0.9950714
1468854247.036|-0.0214386|0.0070038|-0.9969788
1468854247.056|-0.0204773|0.0072021|-0.9941254
1468854247.078|-0.0206604|0.0057983|-0.9974365
1468854247.098|-0.0189514|0.0057678|-0.9998169
1468854247.12|-0.0228577|0.0065765|-0.9986267
1468854247.141|-0.021637|0.006546|-1.0002747
1468854247.162|-0.0194397|0.006012|-0.9995728
1468854247.183|-0.0201721|0.0048218|-0.996994
1468854247.204|-0.0189667|0.006958|-1.0005188
1468854247.225|-0.0184631|0.0052643|-0.9964905
1468854247.246|-0.0202179|0.0077209|-1.0002594
1468854247.267|-0.0214691|0.0094299|-1.0005035
1468854247.288|-0.0190277|0.0086365|-0.9962463
1468854247.309|-0.0211334|0.0058289|-1.0014648
1468854247.33|-0.0185089|0.0069427|-0.9964752
1468854247.351|-0.0206909|0.0072327|-0.9972076
1468854247.372|-0.0208893|0.0050964|-0.9993439
1468854247.393|-0.0173035|0.0074005|-0.9960175
1468854247.414|-0.0226135|0.0058441|-0.9974365
1468854247.435|-0.0212097|0.0074768|-0.9974365
1468854247.456|-0.0192261|0.0059967|-0.9950867
1468854247.477|-0.0184174|0.0036011|-0.9993286
1468854247.498|-0.0207214|0.0084381|-0.9964752
1468854247.519|-0.0203857|0.0045929|-0.999588
1468854247.54|-0.0199127|0.004837|-0.9983978
1468854247.562|-0.0187225|0.0050354|-0.9967346
1468854247.583|-0.0191803|0.0040894|-0.9948578
1468854247.604|-0.0204773|0.0079346|-0.9969635
1468854247.625|-0.0179596|0.0040588|-0.9946136
1468854247.646|-0.0199585|0.0077362|-1.0014496
1468854247.667|-0.0187225|0.0047913|-0.9964905
1468854247.688|-0.0189667|0.0050354|-0.9953308
1468854247.709|-0.0180206|0.0086517|-1.0014343
1468854247.73|-0.0199738|0.0072174|-0.9967346
1468854247.751|-0.0199432|0.0050659|-0.9953308
1468854247.772|-0.0231018|0.0080414|-1.0042725
1468854247.793|-0.0202179|0.0067596|-0.9981384
1468854247.814|-0.0218964|0.0077667|-1.0016785
1468854247.835|-0.0209351|0.0062714|-0.9960327
1468854247.856|-0.0209808|0.0079498|-0.9945984
1468854247.877|-0.0192566|0.0081787|-0.9986115
1468854247.898|-0.0211792|0.0070038|-0.9986267
1468854247.919|-0.0214233|0.0060425|-0.9957886
1468854247.94|-0.0218353|0.0058441|-1.00383
1468854247.961|-0.0199738|0.0074768|-1.0002747
1468854247.982|-0.0203705|0.0028992|-0.9972382
1468854248.003|-0.0204163|0.0060272|-0.9990845
1468854248.024|-0.0219421|0.0074921|-0.9946136
1468854248.05|-0.0216217|0.0048523|-0.996994
1468854248.064|-0.0197449|0.0077057|-0.9995575
1468854248.086|-0.0197449|0.0069733|-0.9981384
1468854248.106|-0.0216217|0.0055847|-1.0000458
1468854248.126|-0.0175323|0.0061951|-0.9962463
1468854248.147|-0.0180359|0.0076599|-0.997406
1468854248.168|-0.0201111|0.0036316|-1.0005341
1468854248.189|-0.0182495|0.0064697|-0.9979095
1468854248.209|-0.0209656|0.0089264|-1.0007324
1468854248.23|-0.0212097|0.0082092|-0.9983673
1468854248.251|-0.0194397|0.0050507|-0.9972229
1468854248.272|-0.0187683|0.0064697|-0.9957733
1468854248.293|-0.0199585|0.0072327|-0.9988708
1468854248.315|-0.0180054|0.0062256|-0.9979095
1468854248.336|-0.019928|0.0053101|-0.9979401
1468854248.357|-0.0215149|0.0096436|-0.9950714
1468854248.378|-0.0197296|0.006485|-0.9972076
1468854248.399|-0.0226135|0.0058594|-0.9981384
1468854248.42|-0.0180359|0.0066986|-0.9948273
1468854248.441|-0.0206451|0.0058136|-0.9993286
1468854248.462|0.2011108|0.042572|-1.7853088
1468854248.483|0.0641785|-0.0496674|-1.0562439
1468854248.525|-0.0474091|0.0192413|-0.9723663
1468854248.546|-0.0281525|0.0256348|-1.0365753
1468854248.567|-0.0172119|0.0038147|-0.9981384
1468854248.588|-0.016983|0.0125732|-1.0245667
1468854248.61|-0.0190277|0.002533|-0.9773712
1468854248.63|-0.0170135|0.0098572|-1.0125427
1468854248.651|-0.0194092|0.0004425|-0.9870911
1468854248.672|-0.0198975|0.0072784|-1.0087891
1468854248.693|-0.0206146|0.0038757|-0.996048
1468854248.715|-0.0204315|0.0057831|-0.9967346
1468854248.735|-0.0202026|0.0057831|-0.9957886
1468854248.756|-0.0199432|0.0057983|-0.9979248
1468854248.777|-0.0201416|0.0050812|-1.0007629
1468854248.798|-0.0200653|0.011322|-0.9985962
1468854248.819|-0.0209045|0.0055695|-1.0002747
1468854248.84|-0.021637|0.0063019|-0.9993286
1468854248.861|-0.020401|0.0043488|-0.9979401
1468854248.882|-0.0199432|0.0067749|-1.0014648
1468854248.904|-0.0191956|0.006012|-0.9988708
1468854248.924|-0.0202637|0.0093994|-1.0000305
1468854248.945|-0.0209656|0.0077362|-0.9979095
1468854248.966|-0.0194244|0.0050659|-0.9988861
1468854248.987|-0.0189362|0.0052795|-0.998642
1468854249.008|-0.0205841|0.0041351|-1.0007629
1468854249.03|-0.0207672|0.0096283|-0.9948273
1468854249.05|-0.0213776|0.0051117|-0.9998322
1468854249.072|-0.0221405|0.0063171|-0.9993286
1468854249.093|-0.0192261|0.0069733|-0.9986267
1468854249.114|-0.0204468|0.0072327|-0.9995728
1468854249.135|-0.0208893|0.0053253|-0.999588
1468854249.156|-0.0212097|0.0072327|-0.9950867
1468854249.177|-0.0177307|0.0057526|-1.0019226
1468854249.198|-0.0179749|0.005249|-0.9964905
1468854249.219|-0.0203857|0.0041046|-0.9965057
1468854249.24|-0.0175323|0.0076752|-1.0014343
1468854249.261|-0.0189667|0.0055084|-0.9969788
1468854249.282|-0.0207062|0.0067596|-0.9946136
1468854249.303|-0.016571|0.0078735|-0.9995422
1468854249.324|-0.0206909|0.0079651|-0.9990692
1468854249.345|-0.0194244|0.0055389|-1.0005188
1468854249.366|-0.018219|0.0057526|-0.9983673
1468854249.387|-0.0214386|0.008728|-1.0014496
1468854249.408|-0.0195618|0.0101013|-0.9978943
1468854249.429|-0.0180054|0.0067139|-0.9988556
1468854249.45|-0.0187988|0.0076752|-0.9950562
1468854249.471|-0.0194855|0.0079346|-1.0000305
1468854249.492|-0.0233612|0.0063477|-0.9981384
1468854249.513|-0.0194702|0.0067444|-0.9986267
1468854249.534|-0.0212097|0.0074768|-0.9972076
1468854249.556|-0.023056|0.0044098|-0.9983978
1468854249.577|-0.0201263|0.0050964|-1.002655
1468854249.597|-0.0198975|0.0038757|-0.9979401
1468854249.619|-0.0198975|0.0036163|-0.9974518
1468854249.64|-0.0187378|0.0057526|-0.9967194
1468854249.661|-0.020401|0.0043335|-0.996994
1468854249.682|-0.0199738|0.0072327|-0.9981384
1468854249.703|-0.0194397|0.0057831|-0.9993286
1468854249.723|-0.020462|0.0067444|-0.9974365
1468854249.745|-0.0198822|0.0036316|-0.9993439
1468854249.766|-0.0185089|0.0064697|-0.9953003
1468854249.787|-0.020462|0.0072174|-0.9960327
1468854249.808|-0.0191498|0.0038605|-0.998642
1468854249.829|-0.0216064|0.0046082|-0.9965057
1468854249.85|-0.0199738|0.0077209|-1.0000305
1468854249.871|-0.0213928|0.0053253|-0.9972229
1468854249.892|-0.0202789|0.0093842|-0.9967194
1468854249.912|-0.016983|0.0042725|-0.9990845
1468854249.933|-0.0204468|0.0067596|-1.0000458
1468854249.954|-0.0191803|0.0045776|-0.9981537
1468854249.975|-0.0206604|0.0060425|-0.9979248
1468854249.996|-0.0189209|0.0045624|-0.9983978
1468854250.017|-0.0189819|0.006958|-1.0002747
1468854250.038|-0.0204163|0.0055542|-0.9995728
1468854250.058|-0.0166016|0.0073853|-0.9957733
1468854250.08|-0.0182037|0.0047913|-0.9998169
1468854250.101|-0.0201874|0.0067749|-1.0012207
1468854250.121|-0.018219|0.0057526|-0.9998016
1468854250.142|-0.0189667|0.0072174|-1.0014648
1468854250.162|-0.0184631|0.0062561|-1.0021515
1468854250.183|-0.0194855|0.0074615|-0.9990845
1468854250.204|-0.019928|0.0055542|-0.9986267
1468854250.225|-0.0196991|0.006012|-0.9983826
1468854250.246|-0.0199585|0.0079498|-1.0005035
1468854250.267|-0.0204468|0.0074768|-1.0007477
1468854250.287|-0.0180206|0.0005798|-0.9750214
1468854250.309|-0.0196838|0.0116577|-1.020813
1468854250.33|-0.0174561|-0.0010834|-0.9835205
1468854250.351|-0.0207062|0.0055237|-0.9912872
1468854250.372|-0.0199432|0.0050507|-0.9943848
1468854250.393|-0.0194397|0.0087128|-1.0080719
1468854250.413|-0.019455|0.0069885|-1.0021667
1468854250.434|-0.0211945|0.0077362|-0.9988556
1468854250.455|-0.0199432|0.0050659|-0.9948578
1468854250.476|-0.0193939|0.0014191|-0.99086
1468854250.497|-0.0197296|0.0096588|-1.0080719
1468854250.518|-0.0189514|0.0074768|-1.005722
1468854250.539|-0.0222931|0.0032043|-1.0007782
1468854250.56|-0.0221558|0.0087433|-1.0028687
1468854250.581|-0.0187378|0.0040436|-0.9910736
1468854250.602|-0.0199585|0.0077362|-1.0023956
1468854250.623|-0.0199127|0.0060425|-1.0021667
1468854250.644|-0.0192261|0.0077209|-1.0009766
1468854250.666|-0.0202332|0.008194|-1.0000305
1468854250.686|-0.0197144|0.006012|-0.9979248
1468854250.707|-0.0204315|0.0057831|-0.9962616
1468854250.728|-0.0180054|0.0069427|-1.0002594
1468854250.749|-0.0189514|0.0052643|-0.996994
1468854250.77|-0.0177307|0.005249|-0.9993286
1468854250.792|-0.0163269|0.0071411|-0.9976654
1468854250.812|-0.0197144|0.0052795|-0.9955597
1468854250.833|-0.0199585|0.0082092|-1.0035706
1468854250.855|-0.0219421|0.0072327|-0.9936676
1468854250.875|-0.0180206|0.007431|-0.9993134
1468854250.897|-0.0179901|0.0062256|-0.9995575
1468854250.918|-0.0199432|0.0065155|-0.9998169
1468854250.939|-0.020462|0.0084381|-1.0007324
1468854250.96|-0.0194244|0.0045776|-0.9981537
1468854250.981|-0.0221558|0.0070343|-0.9993286
1468854251.002|-0.0218964|0.008728|-1.0026245
1468854251.023|-0.019455|0.0050507|-0.9958038
1468854251.044|-0.0192261|0.0079346|-1.0007324
1468854251.065|-0.0185242|0.0081635|-0.9992981
1468854251.086|-0.0206909|0.0072479|-0.9981384
1468854251.107|-0.020401|0.0053101|-0.9998322
1468854251.128|-0.0199738|0.0072174|-0.9974365
1468854251.149|-0.0189514|0.0062561|-1.0009918
1468854251.17|-0.019455|0.0065002|-0.9983826
1468854251.191|-0.0182648|0.0067139|-0.9976654
1468854251.212|-0.020401|0.0065308|-1.0031128
1468854251.233|-0.0189514|0.006485|-1.0007477
1468854251.254|-0.0204773|0.0067444|-0.9950867
1468854251.274|-0.0211487|0.0062866|-1.0007477
1468854251.296|-0.019043|0.0088806|-0.9976654
1468854251.316|-0.0189514|0.0047913|-0.9974518
1468854251.337|-0.0200195|0.0096283|-0.9986115
1468854251.358|-0.0185394|0.007431|-0.9957733
1468854251.379|-0.0163269|0.006897|-0.9979095
1468854251.4|-0.0214844|0.0091858|-0.9981232
1468854251.421|-0.0221405|0.0065613|-0.9988708
1468854251.442|-0.0218811|0.0068054|-1.0009918
1468854251.463|-0.0196686|0.0043335|-0.9983978
1468854251.484|-0.0205994|0.0041351|-0.9993439
1468854251.505|-0.0197296|0.0069733|-0.9988708
1468854251.526|-0.020462|0.0067596|-0.9976807
1468854251.547|-0.0213623|0.0046234|-0.9990997
1468854251.568|-0.0201416|0.0041046|-0.9965057
1468854251.589|-0.0228729|0.0072937|-0.9998169
1468854251.61|-0.0191803|0.0052948|-0.9988861
1468854251.631|-0.0194092|0.0045776|-0.999588
1468854251.652|-0.0229034|0.0075378|-0.9979248
1468854251.673|-0.0175171|0.0069427|-1.0016785
1468854251.695|-0.0219421|0.0082092|-0.9974213
1468854251.715|-0.0200195|0.0101166|-1.0004883
1468854251.736|-0.0199738|0.0069733|-0.9972076
1468854251.757|-0.0218353|0.005127|-1.0010071
1468854251.778|-0.019928|0.0060272|-0.9986267
1468854251.799|-0.0185547|0.0088654|-0.9967041
1468854251.82|-0.0206909|0.0074921|-0.9993286
1468854251.841|-0.0184784|0.0072174|-1.0014496
1468854251.862|-0.0197144|0.0055237|-0.9969788
1468854251.883|-0.0188141|0.0093689|-1.0000153
1468854251.904|-0.0197449|0.0074615|-0.9983826
1468854251.925|-0.0214691|0.0084686|-0.9979095
1468854251.946|-0.0192261|0.0072174|-1.0002747
1468854251.967|-0.0192566|0.0084229|-0.9995575
1468854251.988|-0.0237885|0.0041962|-0.9979401
1468854252.008|-0.0206604|0.0072632|-1.0019379
1468854252.029|-0.0202332|0.0077057|-0.9969635
1468854252.05|-0.0191803|0.0050659|-1.000061
1468854252.072|-0.0209351|0.0067749|-0.9998169
1468854252.093|-0.0189972|0.0074463|-0.9988708
1468854252.114|-0.0197906|0.0088806|-0.9964752
1468854252.135|-0.0211792|0.0072479|-0.9990845
1468854252.158|-0.0375977|0.009079|-0.8144836
1468854252.177|-0.1437988|0.000824|-0.6549988
1468854252.198|-0.0275116|0.0078888|-1.0002747
1468854252.219|-0.0188904|-0.0151215|-0.9072571
1468854252.24|-0.016861|0.0241699|-1.0828857
1468854252.261|-0.0202179|0.0079498|-1.0000305
1468854252.282|-0.0211792|0.0026093|-0.9837646
1468854252.303|-0.0233154|0.0092926|-1.012085
1468854252.324|-0.0226288|0.0046082|-0.9908447
1468854252.345|-0.1309357|-0.0093231|-1.4739685
1468854252.366|0.0338135|-0.0122986|-1.0806427
1468854252.387|-0.0022888|0.0049438|-1.0527344
1468854252.408|-0.0604858|0.0035706|-0.8594971
1468854252.429|-0.021225|0.0265503|-1.0571136
1468854252.45|-0.0222473|-0.0025635|-0.953537
1468854252.471|-0.0213318|0.0061035|-1.0080872
1468854252.493|-0.019516|0.0047607|-0.9870605
1468854252.514|-0.0203552|0.0056|-1.008316
1468854252.535|-0.0199127|0.0038452|-0.9943848
1468854252.556|-0.0196838|0.0067749|-1.006424
1468854252.577|-0.0170746|0.0066681|-0.9953003
1468854252.598|-0.022644|0.0068054|-0.9967346
1468854252.619|-0.01828|0.0083923|-0.9988403
1468854252.64|-0.0213623|0.0041504|-0.9981537
1468854252.66|-0.0177612|0.0057373|-0.9981232
1468854252.681|-0.0169678|0.0042877|-1.0024109
1468854252.702|-0.0209351|0.0062714|-0.9964905
1468854252.723|-0.0196533|0.0041046|-0.9988861
1468854252.744|-0.020874|0.0048523|-1.0005341
1468854252.765|-0.0204926|0.0086823|-0.9981232
1468854252.786|-0.0230865|0.0058594|-0.9995728
1468854252.807|-0.0192108|0.0062561|-0.9988708
1468854252.827|-0.0185242|0.0079041|-0.9969482
1468854252.849|-0.0184479|0.0050507|-0.9986267
1468854252.87|-0.0222015|0.0077515|-0.9948273
1468854252.891|-0.0177612|0.0062103|-1.0002594
1468854252.912|-0.1560669|-0.0244904|-0.5904083
1468854252.934|-0.0416565|0.0460205|-1.0161438
1468854252.954|-0.0115662|0.0374756|-1.1184692