1468853138.426
1468853138.607
1468853138.863
1468853139.209
1468853143.843
1468853144.06
1468853149.06
1468853149.477
1468853149.891
1468853155.41
1468853155.542
1468853155.677
1468853156.16
1468853156.409
1468853156.86
1468853160.01
1468853160.194
1468853160.36
1468853160.576
1468853160.594
1468853160.725
1468853166.527
1468853166.76
1468853173.301
1468853173.583
1468853173.65
1468853173.868
1468853173.952
1468853174.101
1468853175.985
1468853176.383
1468853176.785
1468853177.035
1468853177.268
1468853182.718
1468853182.968
1468853183.135
1468853183.519
1468853183.701
1468853183.918
1468853184.135
1468853184.318
1468853184.551
1468853185.051
1468853185.468