1468531753.546
1468531754.196
1468531754.597
1468531755.413
1468531755.879
1468531756.262
1468531756.627
1468531756.996
1468531757.396
1468531758.029
1468531758.196
1468531758.946
1468531761.342
1468531762.063
1468531763.927
1468531764.613
1468531766.795
1468531766.895
1468531767.18
1468531767.544
1468531768.079
1468531768.444
1468531768.728
1468531770.879
1468531771.047
1468531771.211
1468531771.38
1468531771.561
1468531771.711
1468531772.079
1468531775.494
1468531778.712
1468531780.996
1468531781.662