1468428668.769
1468428671.051
1468428672.569
1468428673.535
1468428674.635
1468428675.82
1468428677.103
1468428678.236
1468428678.617
1468428679.12
1468428681.119
1468428683.852
1468428684.852
1468428686.302
1468428687.436
1468428687.969
1468428688.403
1468428688.853
1468428689.419
1468428689.803
1468428690.851
1468428690.984
1468428691.084
1468428691.203
1468428691.367
1468428691.536
1468428697.369
1468428697.503
1468428697.669
1468428700.953
1468428701.269
1468428701.918
1468428702.15
1468428702.285
1468428702.419
1468428702.519
1468428702.736
1468428703.017
1468428703.286
1468428704.602
1468428705.018
1468428705.153
1468428705.452
1468428705.569
1468428705.752
1468428706.069
1468428706.586
1468428706.803
1468428706.984
1468428708.136