1468424843.623
1468424845.687
1468424847.638
1468424849.455
1468424849.839
1468424850.321
1468424850.805
1468424851.372
1468424851.922
1468424853.256
1468424858.722
1468424862.672
1468424866.238
1468424866.422
1468424866.638
1468424866.839
1468424867.056
1468424867.256
1468424870.138
1468424872.672
1468424875.556
1468424879.987
1468424882.089
1468424882.806
1468424885.987
1468424887.955
1468424893.856
1468424893.972
1468424894.089
1468424894.238
1468424894.388
1468424894.522
1468424894.672
1468424894.772
1468424895.306
1468424895.456
1468424895.838
1468424895.972
1468424896.255
1468424896.405
1468424900.505
1468424902.455
1468424906.655
1468424906.805
1468424908.172
1468424908.438
1468424908.705
1468424909.671
1468424911.904
1468424913.14
1468424913.889
1468424915.539
1468424916.987
1468424917.622
1468424918.422
1468424919.089
1468424919.639
1468424921.805