1468505867.802|-0.0732101|-0.2381149|-0.9086655
1468505867.82|0.0094469|-0.0155305|-0.0458638
1468505867.841|-0.0825088|-0.2207866|-0.7965125
1468505867.862|0.0078593|-0.0390225|-0.1664533
1468505867.884|-0.0524195|-0.171615|-0.7508925
1468505867.905|-0.0192486|-0.0680608|-0.2225214
1468505867.925|-0.0708004|-0.1699663|-0.6347604
1468505867.947|0.0063305|-0.0921353|-0.263759
1468505867.968|-0.0278486|-0.1511556|-0.6662149
1468505867.99|0.0251736|-0.0763394|-0.3684944
1468505868.01|-0.0393418|-0.1621997|-0.5804263
1468505868.031|0.0533428|-0.0765071|-0.3648584
1468505868.052|-0.0322294|-0.169025|-0.5451641
1468505868.073|0.0408854|-0.0980499|-0.2867998
1468505868.095|-0.0554324|-0.1100309|-0.5488534
1468505868.115|0.0248266|-0.0691592|-0.3706834
1468505868.136|-0.0312978|-0.092403|-0.6249558
1468505868.156|0.0360645|-0.0718132|-0.4896867
1468505868.177|-0.015388|-0.105464|-0.5302125
1468505868.198|0.0288043|-0.0787625|-0.460382
1468505868.219|-0.0244133|-0.1207428|-0.5093454
1468505868.24|0.0629235|-0.1215363|-0.5031126
1468505868.261|-0.0492703|-0.1096985|-0.4652987
1468505868.282|0.0621961|-0.1415424|-0.4624308
1468505868.303|-0.0391399|-0.1375197|-0.423923
1468505868.324|0.061854|-0.1496133|-0.4537049
1468505868.345|-0.0403015|-0.1491661|-0.4108337
1468505868.366|0.0165234|-0.1345173|-0.4479209
1468505868.387|0.052324|-0.1334464|-0.4463478
1468505868.409|0.0366104|-0.1573305|-0.4783055
1468505868.429|-0.0327297|-0.1530559|-0.4052
1468505868.45|-0.0765339|-0.2054076|-0.3852055
1468505868.471|0.0297966|-0.1606943|-0.3913491
1468505868.493|-0.0695813|-0.2070063|-0.3724577
1468505868.514|0.0908031|-0.1467724|-0.4300132
1468505868.535|-0.0677839|-0.2313601|-0.5186735
1468505868.556|0.0310815|-0.086649|-0.405316
1468505868.577|0.0048209|-0.245371|-0.3739637
1468505868.598|0.0670174|-0.1094838|-0.4776569
1468505868.618|0.0024987|-0.2883481|-0.5047569
1468505868.639|0.0670612|-0.0641439|-0.557587
1468505868.66|0.012704|-0.2737967|-0.4279446
1468505868.681|0.0266478|-0.115761|-0.4468445
1468505868.702|-0.0014473|-0.2538595|-0.408782
1468505868.723|0.0376673|-0.1257669|-0.4021279
1468505868.744|-0.0473863|-0.2236232|-0.4664266
1468505868.765|-0.0121192|-0.0773387|-0.3950446
1468505868.786|0.0011432|-0.2040646|-0.4334018
1468505868.807|-0.0012898|-0.1090039|-0.3211108
1468505868.828|0.0502972|-0.2868712|-0.4516298
1468505868.849|0.0373635|-0.1494362|-0.3223112
1468505868.871|0.0775408|-0.3075011|-0.4020586
1468505868.891|-0.0334219|-0.1299903|-0.2964069
1468505868.913|0.0867005|-0.3158289|-0.4156496
1468505868.933|-0.0176743|-0.1711511|-0.3595549
1468505868.954|0.0901333|-0.2912811|-0.4522688
1468505868.976|-0.0287976|-0.1740042|-0.3679611
1468505868.997|0.0642326|-0.3066073|-0.3840724
1468505869.018|-0.0286681|-0.2228328|-0.3138716
1468505869.039|0.0198412|-0.3155195|-0.3968277
1468505869.06|-0.0382642|-0.2557495|-0.3366417
1468505869.081|0.0409472|-0.2937909|-0.4157344
1468505869.102|-0.0499811|-0.2774751|-0.3521727
1468505869.123|0.0304811|-0.3018959|-0.4020036
1468505869.144|-0.0297538|-0.2988823|-0.3442606
1468505869.164|0.0075112|-0.3149704|-0.3697797
1468505869.186|-0.0359837|-0.3007933|-0.3276963
1468505869.207|0.0058259|-0.3237151|-0.3413603
1468505869.249|0.0422029|-0.3165709|-0.4320806
1468505869.27|-0.0231374|-0.274922|-0.3364586
1468505869.291|0.0416015|-0.2969291|-0.3851511
1468505869.312|-0.031289|-0.244507|-0.3934717
1468505869.333|0.042717|-0.2923186|-0.4246963
1468505869.354|-0.0266899|-0.2513069|-0.3644866
1468505869.375|0.0270559|-0.28613|-0.3693192
1468505869.396|-0.0230457|-0.2564921|-0.3628688
1468505869.417|0.0064726|-0.2826855|-0.3950826
1468505869.437|-0.0177455|-0.2623524|-0.3771863
1468505869.458|-0.0102314|-0.2781116|-0.3630805
1468505869.479|-0.0206883|-0.259575|-0.3608618
1468505869.5|-0.0241036|-0.2732917|-0.3843644
1468505869.522|-0.0217165|-0.272496|-0.383935
1468505869.542|-0.0269686|-0.27692|-0.3667021
1468505869.564|-0.0099232|-0.2589583|-0.3761143
1468505869.585|-0.0005173|-0.2674746|-0.3647594
1468505869.606|-0.0041487|-0.2567475|-0.3570848
1468505869.626|0.002951|-0.2718951|-0.3625226
1468505869.647|-0.0025873|-0.2490612|-0.3837349
1468505869.668|0.0058579|-0.2744045|-0.3742431
1468505869.689|0.0073759|-0.2483409|-0.3820991
1468505869.71|-0.0113075|-0.2697244|-0.4101712
1468505869.731|0.0031867|-0.2403855|-0.3999575
1468505869.751|-0.0252939|-0.2648405|-0.428527
1468505869.794|-0.0152929|-0.2681711|-0.3681196
1468505869.815|0.0034914|-0.213068|-0.4093082
1468505869.836|-0.0415944|-0.2838782|-0.4624637
1468505869.857|0.0361853|-0.2195722|-0.4791959
1468505869.878|0.0026719|-0.2558594|-0.3130474
1468505869.9|-0.0057556|-0.2390624|-0.3666155
1468505869.921|-0.0342884|-0.2944172|-0.3368475
1468505869.942|0.0355837|-0.2282008|-0.4172657
1468505869.962|-0.0140352|-0.284994|-0.3146083
1468505869.983|0.0622761|-0.235789|-0.5129082
1468505870.004|-0.0293655|-0.2749649|-0.3863761
1468505870.025|0.0511619|-0.2140261|-0.4324144
1468505870.047|-0.023922|-0.2835652|-0.3429834
1468505870.067|0.0073849|-0.2272696|-0.3465945
1468505870.09|-0.013403|-0.258325|-0.4023411
1468505870.11|0.0207968|-0.2165461|-0.5439492
1468505870.13|0.0246651|-0.252307|-0.3753581
1468505870.151|0.009085|-0.1995503|-0.4331433
1468505870.172|0.0238212|-0.2742911|-0.3000438
1468505870.193|0.0149943|-0.2018196|-0.443811
1468505870.214|0.0373169|-0.2537368|-0.3519663
1468505870.235|0.0154138|-0.2108566|-0.4412595
1468505870.256|0.0257333|-0.2502178|-0.4224053
1468505870.277|0.0304121|-0.1961571|-0.4639011
1468505870.299|0.011864|-0.2373273|-0.3431138
1468505870.32|-0.0015177|-0.2069346|-0.4136723
1468505870.341|0.010155|-0.2322144|-0.4582339
1468505870.362|-0.0012431|-0.219982|-0.4767131
1468505870.383|0.0056232|-0.2385579|-0.44845
1468505870.405|0.0056783|-0.2183652|-0.3757514
1468505870.425|0.0092405|-0.2667373|-0.3881848
1468505870.449|0.0008297|-0.2154433|-0.3473866
1468505870.468|0.0654184|-0.2678152|-0.4791093
1468505870.489|0.0039378|-0.2202685|-0.3824628
1468505870.511|0.0298682|-0.2471578|-0.4481312
1468505870.532|0.0153473|-0.2301535|-0.3745964
1468505870.553|0.0104123|-0.2512802|-0.4112794
1468505870.574|0.0223108|-0.2308517|-0.3874108
1468505870.595|0.013099|-0.2480425|-0.4365231
1468505870.617|0.0098952|-0.2185632|-0.3316226
1468505870.636|0.0047037|-0.2778476|-0.3788193
1468505870.657|-0.0070348|-0.2173368|-0.3914524
1468505870.678|0.0227559|-0.2617578|-0.4399582
1468505870.699|-0.0015014|-0.2062881|-0.3442827
1468505870.72|0.0207833|-0.2926442|-0.3755276
1468505870.741|-0.0070458|-0.2070548|-0.4160855
1468505870.761|0.0362515|-0.2690614|-0.4781857
1468505870.782|-0.0021393|-0.2181718|-0.3927286
1468505870.803|0.034335|-0.2526291|-0.4106434
1468505870.825|-0.0015955|-0.24679|-0.3663813
1468505870.845|0.0359055|-0.2408803|-0.3680397
1468505870.888|0.0240559|-0.2038637|-0.468219
1468505870.909|-0.0366329|-0.2512517|-0.4271869
1468505870.93|0.0498885|-0.2253841|-0.4983931
1468505870.951|-0.0375114|-0.2328858|-0.3444394
1468505870.972|0.0489763|-0.2575552|-0.4668204
1468505870.993|-0.0342734|-0.2267834|-0.3594103
1468505871.014|0.0399647|-0.2556316|-0.4811831
1468505871.035|-0.0190081|-0.2227606|-0.3595988
1468505871.056|0.0286429|-0.2439262|-0.4411057
1468505871.077|-0.0186924|-0.2259208|-0.3545796
1468505871.098|0.030048|-0.2524528|-0.4286765
1468505871.119|-0.0067734|-0.2317738|-0.3588032
1468505871.14|0.0206942|-0.2524586|-0.4138477
1468505871.161|-0.0149581|-0.2294203|-0.3815425
1468505871.182|0.009466|-0.2482184|-0.4161516
1468505871.203|-0.0186268|-0.2265073|-0.4028562
1468505871.224|0.0035668|-0.2451134|-0.4161129
1468505871.246|-0.0112713|-0.2263767|-0.3939371
1468505871.266|0.0081529|-0.2502985|-0.4145545
1468505871.287|0.0044177|-0.2255828|-0.4012586
1468505871.308|0.0056233|-0.2415372|-0.4051225
1468505871.329|0.0119129|-0.232795|-0.4395066
1468505871.35|0.0067329|-0.2366118|-0.3972724
1468505871.372|0.0028393|-0.2402903|-0.4028048
1468505871.393|0.0037206|-0.2421844|-0.3838181
1468505871.414|-0.0013435|-0.2342999|-0.4053419
1468505871.435|-0.0038033|-0.2421925|-0.4121729
1468505871.456|0.0016103|-0.2339082|-0.3966454
1468505871.477|-0.0029049|-0.2422979|-0.3983017
1468505871.498|-0.0022745|-0.2273039|-0.3980196
1468505871.519|-0.0063712|-0.2380931|-0.404879
1468505871.54|-0.0140825|-0.231665|-0.3838602
1468505871.561|-0.0003308|-0.2395652|-0.4023377
1468505871.582|-0.0071867|-0.2398708|-0.3974496
1468505871.603|0.0107389|-0.2406257|-0.4197017
1468505871.624|-0.0008211|-0.2396304|-0.3977385
1468505871.645|0.0108601|-0.2379993|-0.4519612
1468505871.666|-0.0042809|-0.2344685|-0.3861182
1468505871.687|0.0105957|-0.2361905|-0.4391971
1468505871.708|-0.0210306|-0.2320864|-0.3884598
1468505871.744|0.0078039|-0.2442533|-0.4280122
1468505871.771|0.0160028|-0.241601|-0.4320935
1468505871.792|-0.0127409|-0.2297027|-0.3895247
1468505871.812|0.0140348|-0.2428144|-0.4261475
1468505871.833|-0.0050782|-0.2278553|-0.3986938
1468505871.854|0.0118214|-0.2402748|-0.4161511
1468505871.875|-0.0067116|-0.2259798|-0.4015107
1468505871.896|0.0061503|-0.2443797|-0.415566
1468505871.918|-0.0074442|-0.226062|-0.4001559
1468505871.939|0.0031292|-0.2444293|-0.4202048
1468505871.96|-0.0072108|-0.2313594|-0.3983568
1468505871.981|-0.0021483|-0.2444132|-0.4023096
1468505872.002|-0.0101378|-0.2382678|-0.388782
1468505872.023|-0.0005165|-0.2524779|-0.4048295
1468505872.044|-0.0031606|-0.2521446|-0.3972807
1468505872.065|0.0225238|-0.2643647|-0.4143056
1468505872.086|-0.0028444|-0.2573904|-0.407525
1468505872.107|0.0154826|-0.2736923|-0.4215789
1468505872.128|0.017926|-0.2821742|-0.4103175
1468505872.149|0.0231565|-0.2820249|-0.4279509
1468505872.17|0.0104977|-0.2767348|-0.4216252
1468505872.192|-0.0049985|-0.2939517|-0.4153433
1468505872.213|0.0101291|-0.2868473|-0.4368035
1468505872.234|-0.0042685|-0.2957956|-0.4232571
1468505872.255|0.0084147|-0.2955424|-0.4306012
1468505872.276|-0.0021075|-0.2924057|-0.407155
1468505872.297|0.0042039|-0.2859316|-0.4145923
1468505872.318|0.0016822|-0.2912639|-0.3912819
1468505872.338|-0.0039584|-0.2749566|-0.384768
1468505872.358|-0.0051578|-0.2778503|-0.3784219
1468505872.385|-0.0325055|-0.2769626|-0.3493342
1468505872.401|0.0249291|-0.2620923|-0.366161
1468505872.422|-0.0269955|-0.2787715|-0.3389044
1468505872.443|0.0111398|-0.2723982|-0.4173645
1468505872.463|0.0022926|-0.2764313|-0.3656057
1468505872.485|0.0031414|-0.2962985|-0.3183242
1468505872.506|0.005591|-0.2891434|-0.3475292
1468505872.527|0.0058721|-0.3004857|-0.3482985
1468505872.548|0.0059761|-0.2974599|-0.3412753
1468505872.569|0.005237|-0.3355728|-0.3248683
1468505872.59|0.0094316|-0.3192201|-0.3159041
1468505872.61|-0.0246658|-0.3451436|-0.3271167
1468505872.632|-0.0335427|-0.3839676|-0.3062725
1468505872.653|-0.0330242|-0.3588588|-0.317026
1468505872.673|-0.0477456|-0.4027016|-0.3260658
1468505872.695|-0.0621544|-0.3946227|-0.3254281
1468505872.716|-0.0604886|-0.4137726|-0.3254665
1468505872.736|-0.0689641|-0.3989822|-0.3244157
1468505872.758|-0.0750416|-0.4038204|-0.2678891
1468505872.779|-0.0708903|-0.3978455|-0.2936456
1468505872.799|-0.0667713|-0.3916323|-0.243562
1468505872.821|-0.0977794|-0.3565885|-0.1535328
1468505872.843|-0.0473364|-0.3932091|-0.1866587
1468505872.863|-0.0944105|-0.357298|-0.1774585
1468505872.884|-0.0506156|-0.3818864|-0.3482265
1468505872.905|-0.0988613|-0.3437992|-0.146168
1468505872.925|0.0161083|-0.3810989|-0.2591226
1468505872.946|-0.0727113|-0.3411159|-0.2054737
1468505872.967|0.0178556|-0.3807398|-0.3520579
1468505872.988|-0.058134|-0.3548149|-0.2903897
1468505873.009|0.0248685|-0.3911249|-0.3248797
1468505873.031|-0.0227387|-0.3575396|-0.2918612
1468505873.051|0.0431516|-0.3519098|-0.2363789
1468505873.073|-0.0221372|-0.3287829|-0.2731431
1468505873.093|0.0759263|-0.331964|-0.2596247
1468505873.115|0.0213285|-0.2897974|-0.2737825
1468505873.136|0.0858062|-0.3092354|-0.2653389
1468505873.156|0.0285865|-0.2776513|-0.280505
1468505873.176|0.0524948|-0.3096476|-0.2499228
1468505873.196|0.0158849|-0.2808234|-0.215992
1468505873.218|0.0446178|-0.3447778|-0.2042461
1468505873.238|0.0175634|-0.3431118|-0.1996975
1468505873.258|0.0303493|-0.4006003|-0.2099299
1468505873.279|0.0315861|-0.3743902|-0.2168294
1468505873.301|0.0569088|-0.4398372|-0.2223203
1468505873.321|0.0041394|-0.4105567|-0.1802035
1468505873.342|0.0296592|-0.4464535|-0.2041834
1468505873.363|0.0359563|-0.4362976|-0.2554546
1468505873.386|-0.1136595|-0.5435733|-0.2867367
1468505873.406|-0.4569655|-0.7284949|-0.2023603
1468505873.427|0.266428|-0.2382709|-0.33481
1468505873.449|-0.1696512|-0.7407213|-0.2220872
1468505873.469|0.3459905|-0.2571225|-0.3955668
1468505873.49|-0.0856774|-0.6606796|-0.2257434
1468505873.51|0.1789941|-0.2397451|-0.2923143
1468505873.53|-0.1499573|-0.5923151|-0.32117
1468505873.55|0.1118216|-0.2600195|-0.3251788
1468505873.571|-0.1383363|-0.5277058|-0.2548153
1468505873.592|0.1115525|-0.2445869|-0.2116026
1468505873.614|-0.1291128|-0.4839719|-0.1466182
1468505873.634|0.0615995|-0.2768475|-0.1998856
1468505873.656|-0.1130765|-0.4542232|-0.2148829
1468505873.676|0.0323215|-0.285439|-0.2036787
1468505873.698|-0.1192597|-0.4348728|-0.2310248
1468505873.719|-0.0130902|-0.3102014|-0.2252961
1468505873.74|-0.1076402|-0.4228451|-0.2774734
1468505873.761|-0.0161319|-0.3231549|-0.263926
1468505873.782|-0.1055207|-0.4202232|-0.2489412
1468505873.804|-0.0284903|-0.322823|-0.3085426
1468505873.826|-0.0902096|-0.4040836|-0.268236
1468505873.851|-0.0399631|-0.3032772|-0.2349822
1468505873.868|-0.1070615|-0.3992078|-0.2473462
1468505873.889|-0.060502|-0.311909|-0.3251667
1468505873.91|-0.0915977|-0.401478|-0.3547606
1468505873.93|-0.0620735|-0.311967|-0.2972133
1468505873.952|-0.0821359|-0.4294272|-0.3115836
1468505873.973|-0.0641209|-0.3339165|-0.2895592
1468505873.994|-0.0660522|-0.4281571|-0.3230317
1468505874.015|-0.0541929|-0.3428187|-0.2692584
1468505874.034|-0.0496502|-0.426421|-0.2821136
1468505874.055|-0.0553316|-0.3520579|-0.2616312
1468505874.077|-0.0494493|-0.4166089|-0.2408991
1468505874.098|-0.0478083|-0.3445329|-0.2664657
1468505874.119|-0.0489968|-0.4154438|-0.2945559
1468505874.142|-0.0794716|-0.3319447|-0.2966718
1468505874.161|-0.0534862|-0.3811799|-0.2369382
1468505874.182|-0.0841241|-0.3536636|-0.231029
1468505874.203|-0.0748148|-0.372578|-0.2427468
1468505874.224|-0.1072807|-0.3534814|-0.2339448
1468505874.245|-0.0836507|-0.374596|-0.2129726
1468505874.266|-0.107829|-0.3630635|-0.1993556
1468505874.287|-0.0866315|-0.3631705|-0.2249318
1468505874.308|-0.0937754|-0.3609731|-0.1980542
1468505874.329|-0.0481934|-0.3616599|-0.2244688
1468505874.35|-0.0442419|-0.3530904|-0.2124511
1468505874.371|-0.0303987|-0.3755383|-0.2548115
1468505874.392|-0.0248675|-0.3580955|-0.3064317
1468505874.413|0.0094031|-0.3755519|-0.3873463
1468505874.434|0.0198819|-0.3841347|-0.3571501
1468505874.455|0.0310641|-0.3988497|-0.3186971
1468505874.477|0.0223322|-0.3673963|-0.3212247
1468505874.497|0.0120909|-0.3734021|-0.3701461
1468505874.519|0.009951|-0.3507209|-0.3547362
1468505874.54|-0.007665|-0.3649542|-0.3464952
1468505874.561|-0.0089768|-0.3231953|-0.3124799
1468505874.582|-0.0154866|-0.3326396|-0.3088712
1468505874.603|-0.0351435|-0.3006427|-0.3083974
1468505874.624|-0.0876137|-0.3116146|-0.3154843
1468505874.645|-0.0525853|-0.3092518|-0.3545071
1468505874.666|-0.0951247|-0.3040724|-0.3014926
1468505874.687|-0.0543811|-0.2725613|-0.3204352
1468505874.708|-0.0887569|-0.2797314|-0.2664316
1468505874.729|-0.0524766|-0.2692684|-0.2798786
1468505874.771|-0.0765925|-0.2441147|-0.3952141
1468505874.792|-0.0589339|-0.1851841|-0.3778507
1468505874.813|-0.1179617|-0.2202178|-0.5098642
1468505874.834|-0.1044424|-0.1486973|-0.3372465
1468505874.855|-0.1157446|-0.2082593|-0.5055525
1468505874.876|-0.078972|-0.1398631|-0.4839081
1468505874.897|-0.1048301|-0.1886343|-0.5779853
1468505874.918|-0.0635539|-0.1369537|-0.5302161
1468505874.939|-0.0068792|-0.2317786|-0.5928876
1468505874.96|-0.0867668|-0.1121314|-0.5558879
1468505874.982|-0.0315672|-0.1654453|-0.4831146
1468505875.002|-0.018611|-0.1867727|-0.5144705
1468505875.024|-0.0288571|-0.1558227|-0.5076461
1468505875.045|0.0251886|-0.2122422|-0.5366259
1468505875.065|-0.0032102|-0.1753623|-0.4222964
1468505875.085|0.0100028|-0.2049424|-0.4598792
1468505875.106|0.006859|-0.1658783|-0.438277
1468505875.128|0.0105674|-0.2159637|-0.5031612
1468505875.148|-0.0134382|-0.1967734|-0.3747687
1468505875.17|0.0280108|-0.1805913|-0.4706839
1468505875.192|-0.0076042|-0.2068144|-0.4876317
1468505875.233|0.0313946|-0.2111697|-0.4776016
1468505875.274|0.0213675|-0.2313116|-0.4345888
1468505875.317|0.0039675|-0.2572231|-0.3773184
1468505875.359|-0.0065573|-0.2397812|-0.3441611
1468505875.401|-0.0095466|-0.2408955|-0.2660099
1468505875.442|-0.0580625|-0.1896376|-0.2706757
1468505875.486|-0.0816953|-0.1621745|-0.2714227
1468505875.527|-0.0660702|-0.1910184|-0.2337625
1468505875.549|-0.0227009|-0.333482|-0.281609
1468505875.569|-0.0132835|-0.2288579|-0.2351688
1468505875.59|0.0378554|-0.3546327|-0.2827877
1468505875.612|0.0233199|-0.2722521|-0.2277222
1468505875.632|0.0680562|-0.3276767|-0.2685608
1468505875.653|0.0606427|-0.2766547|-0.3008551
1468505875.677|0.1321205|-0.3835624|-0.3567145
1468505875.695|0.0550326|-0.307162|-0.3545062
1468505875.717|0.0889671|-0.3806876|-0.3689494
1468505875.759|0.099477|-0.3669649|-0.4870586
1468505875.779|0.0558748|-0.3182957|-0.4800219
1468505875.8|0.0806697|-0.3642403|-0.5115136
1468505875.823|0.0467774|-0.3481313|-0.4923172
1468505875.843|0.0849572|-0.3610227|-0.5189186
1468505875.864|0.063367|-0.3119158|-0.4783056
1468505875.885|0.0601389|-0.3611383|-0.4481428
1468505875.906|0.021612|-0.3069641|-0.4033975
1468505875.927|0.0316219|-0.305376|-0.4025245
1468505875.948|0.0139063|-0.2505004|-0.4103964
1468505875.969|-0.0008839|-0.2771605|-0.3989721
1468505875.989|0.0039953|-0.241205|-0.3415507
1468505876.032|-0.0274582|-0.2322544|-0.342
1468505876.074|-0.0354934|-0.2309013|-0.3590755
1468505876.095|-0.0254046|-0.2072523|-0.4179423
1468505876.117|-0.0130063|-0.2396738|-0.3968912
1468505876.178|-0.024258|-0.2241495|-0.3705297
1468505876.22|-0.0240051|-0.2109042|-0.338996
1468505876.305|-0.0855268|-0.2338434|-0.2884114
1468505876.326|-0.0477619|-0.1984109|-0.4701691
1468505876.347|-0.0906081|-0.1209587|-0.5299118
1468505876.368|0.1171567|-0.384286|-0.4697988
1468505876.389|-0.0672223|-0.1792342|-0.3815726
1468505876.41|0.0567648|-0.3610205|-0.3531728
1468505876.431|-0.0380695|-0.2183692|-0.4192447
1468505876.453|0.1062092|-0.2985391|-0.3478324
1468505876.473|-0.0481549|-0.2021064|-0.3968874
1468505876.515|-0.0937585|-0.1955542|-0.3943648
1468505876.558|-0.0558353|-0.1204192|-0.3652719
1468505876.58|0.0975342|-0.2531004|-0.3813017
1468505876.601|0.027301|-0.1706151|-0.4265306
1468505876.62|0.0656818|-0.2478044|-0.4229172
1468505876.641|0.0324986|-0.1824127|-0.4789723
1468505876.664|0.0416542|-0.2398371|-0.4468699
1468505876.684|0.045458|-0.1057851|-0.471752
1468505876.706|0.045358|-0.2193457|-0.4490972
1468505876.726|0.0059384|-0.1661402|-0.4109706
1468505876.747|-0.0164545|-0.1963509|-0.5189478
1468505876.768|0.0203983|-0.1853798|-0.4992769
1468505876.789|0.0136117|-0.1558266|-0.4219627
1468505876.81|0.0840583|-0.1931087|-0.4589024
1468505876.832|0.0120321|-0.1457395|-0.5492117
1468505876.854|0.1242617|-0.1596151|-0.4616299
1468505876.893|0.1433366|-0.1525683|-0.3846909
1468505876.914|0.0907511|-0.1862085|-0.4077973
1468505876.935|0.1202253|-0.1675778|-0.36117
1468505876.966|0.075777|-0.1445749|-0.2288502
1468505876.998|0.0280977|-0.2173092|-0.5901201
1468505877.019|0.0525914|-0.1746884|-0.5472274
1468505877.043|0.0060888|-0.1064386|-0.5445223
1468505877.062|0.103065|-0.157605|-0.5494975
1468505877.082|-0.0032062|-0.138609|-0.4595187
1468505877.103|0.0311891|-0.1708253|-0.4922422
1468505877.124|-0.0232774|-0.1633089|-0.4359844
1468505877.166|-0.0793619|-0.1604986|-0.3806709
1468505877.187|0.0033517|-0.1294541|-0.3986163
1468505877.208|-0.0544051|-0.0706022|-0.3712044
1468505877.23|0.0073539|-0.1766466|-0.427914
1468505877.25|-0.0808586|-0.093937|-0.3293732
1468505877.271|0.0837179|-0.0868297|-0.3928188
1468505877.292|-0.0097302|-0.0713635|-0.4043686
1468505877.313|0.0131655|-0.0764802|-0.4576808
1468505877.334|-0.0347829|-0.0711885|-0.3821104
1468505877.355|0.0850003|-0.1232747|-0.4589815
1468505877.378|0.0437589|-0.1570093|-0.4099712
1468505877.397|-0.0162567|-0.2147722|-0.5323855
1468505877.418|-0.0052679|-0.2067859|-0.4400516
1468505877.439|0.0243517|-0.1932094|-0.5197326
1468505877.464|0.0568005|-0.2070899|-0.2938266
1468505877.481|0.0446529|-0.2000769|-0.5992874
1468505877.502|0.0249476|-0.2483426|-0.372383
1468505877.523|0.098177|-0.2175378|-0.6758996
1468505877.545|-0.0338397|-0.0975922|-0.4225375
1468505877.565|0.1072227|-0.2098141|-0.6267093
1468505877.587|-0.0565102|-0.0718316|-0.3180951
1468505877.629|-0.0337322|-0.0745162|-0.3354553
1468505877.65|0.1333146|-0.1485971|-0.5980628
1468505877.714|-0.0114241|-0.1109868|-0.3499338
1468505877.755|0.040586|-0.1178114|-0.3606445
1468505877.782|0.0995383|-0.2030563|-0.5204196
1468505877.818|0.1034419|-0.162082|-0.5404202
1468505877.839|0.0831093|-0.163666|-0.4049014
1468505877.86|0.0933337|-0.1839521|-0.5189582
1468505877.881|0.0589456|-0.1958796|-0.3752869
1468505877.902|0.0792244|-0.1905282|-0.4627469
1468505877.923|0.0106835|-0.1846877|-0.301759
1468505877.944|0.0581705|-0.2039105|-0.4033619
1468505877.964|0.0496546|-0.2681697|-0.3002464
1468505878.006|0.0643517|-0.2931151|-0.2899395
1468505878.026|0.0559979|-0.1952464|-0.4532207
1468505878.047|0.0370942|-0.2999863|-0.319204
1468505878.07|0.0197753|-0.1910124|-0.4608716
1468505878.09|0.0597932|-0.2655644|-0.3397428
1468505878.11|0.02949|-0.2000606|-0.4142891
1468505878.132|-0.0599943|-0.2797919|-0.350411
1468505878.154|0.0125215|-0.207814|-0.5438709
1468505878.195|0.0611341|-0.2230797|-0.4771281
1468505878.237|0.054067|-0.1977412|-0.4638505
1468505878.279|0.0347305|-0.2128045|-0.446615
1468505878.32|0.0665592|-0.2192984|-0.461385
1468505878.362|0.0482838|-0.194905|-0.3842728
1468505878.383|-7.31e-05|-0.2662085|-0.2932567
1468505878.404|0.0741412|-0.2416136|-0.561774
1468505878.426|-0.0260639|-0.2124428|-0.3436603
1468505878.446|0.0839098|-0.2628389|-0.5649703
1468505878.467|-0.0653976|-0.2543416|-0.3023453
1468505878.488|0.0522798|-0.2244846|-0.5612434
1468505878.509|-0.0030379|-0.2651986|-0.384183
1468505878.53|0.0533673|-0.2284462|-0.5503215
1468505878.551|-0.0030965|-0.2419815|-0.3428165
1468505878.572|0.0532828|-0.2390282|-0.4823709
1468505878.594|0.0316827|-0.2760596|-0.3690766
1468505878.615|0.0562039|-0.2995719|-0.5084088
1468505878.637|-0.0368644|-0.2767766|-0.3076573
1468505878.656|0.0474601|-0.3166558|-0.473145
1468505878.677|0.0587583|-0.2707807|-0.373933
1468505878.7|0.0421904|-0.3323655|-0.4810217
1468505878.721|0.0502214|-0.3477186|-0.4443114
1468505878.783|0.0827392|-0.2885394|-0.49403
1468505878.848|0.0838194|-0.2042381|-0.4787703
1468505878.909|0.0410899|-0.2078299|-0.3125311
1468505878.973|0.0947981|-0.1013587|-0.4124882
1468505879.035|0.0177064|-0.0216547|-0.328955
1468505879.077|0.1112499|-0.0600299|-0.2069818
1468505879.14|0.078226|-0.2056501|-0.6370053
1468505879.182|0.0126557|-0.2642244|-0.7150425
1468505879.225|0.1911286|-0.1852678|-0.7326469
1468505879.266|0.1730501|-0.1569402|-0.6289738
1468505879.287|0.1369444|-0.1322172|-0.3959414
1468505879.308|0.2316771|-0.0881105|-0.5610248
1468505879.331|0.1578984|-0.0415501|-0.3113755
1468505879.352|0.2817852|-0.0573894|-0.4593616
1468505879.373|0.2994863|-0.056812|-0.3289207
1468505879.393|0.3338452|-0.0393004|-0.4698969
1468505879.415|0.3254853|-0.0243266|-0.1397713
1468505879.436|0.2983748|-0.0859918|-0.3026177
1468505879.456|0.3256033|-0.0280762|-0.1296338
1468505879.477|0.3000402|-0.2303009|-0.3467878
1468505879.498|0.2868058|-0.0145843|-0.1514041
1468505879.519|0.3915101|-0.1699063|-0.3688876
1468505879.541|0.3122589|-0.0453601|-0.2611118
1468505879.56|0.2352833|-0.1678613|-0.3877045
1468505879.581|0.3079121|-0.1171286|-0.3360773
1468505879.602|0.1600663|-0.2367397|-0.2919869
1468505879.623|0.299582|-0.1450748|-0.3238954
1468505879.645|0.3226766|-0.1921148|-0.428181
1468505879.666|0.3046518|-0.1892335|-0.3764977
1468505879.687|0.1769395|-0.2276696|-0.4027704
1468505879.707|0.1954755|-0.2188126|-0.3065603
1468505879.729|0.1855085|-0.2080934|-0.3508795
1468505879.75|0.2546839|-0.2303612|-0.3049635
1468505879.771|0.2027257|-0.2387336|-0.3800571
1468505879.792|0.2145104|-0.2473621|-0.2614139
1468505879.813|0.1660151|-0.2963408|-0.3608045
1468505879.834|0.1463659|-0.2817582|-0.2876676
1468505879.855|0.2169493|-0.2727863|-0.3285381
1468505879.876|0.2171312|-0.2540681|-0.2611852
1468505879.897|0.2412473|-0.254641|-0.3116267
1468505879.918|0.1945077|-0.2037806|-0.2659547
1468505879.939|0.2844051|-0.2338994|-0.3164116
1468505879.96|0.2612168|-0.1963966|-0.2688581
1468505879.981|0.3627945|-0.1985497|-0.3214341
1468505880.014|0.3339143|-0.1633096|-0.2856513
1468505880.024|0.3535756|-0.1919358|-0.300621
1468505880.044|0.2891473|-0.1922099|-0.2429833
1468505880.066|0.3396347|-0.1920319|-0.2882792
1468505880.087|0.2999913|-0.1853805|-0.2538437
1468505880.108|0.3586729|-0.2014467|-0.3180281
1468505880.129|0.306917|-0.1773741|-0.2842398
1468505880.15|0.3515198|-0.202967|-0.3010537
1468505880.171|0.3043872|-0.181238|-0.2521245
1468505880.192|0.3698778|-0.1909889|-0.2807112
1468505880.213|0.302724|-0.1932406|-0.2640194
1468505880.234|0.3472735|-0.2031891|-0.2817062
1468505880.255|0.3003674|-0.1943179|-0.2619704
1468505880.276|0.3502596|-0.2058176|-0.3027353
1468505880.297|0.2862267|-0.2026639|-0.2597435
1468505880.318|0.3238474|-0.2117919|-0.2925996
1468505880.339|0.2913758|-0.2139588|-0.2713787
1468505880.36|0.3069497|-0.2155517|-0.2981954
1468505880.381|0.2866847|-0.210987|-0.2666034
1468505880.402|0.3201668|-0.2192975|-0.3026992
1468505880.423|0.2982452|-0.2130265|-0.2818997
1468505880.444|0.324333|-0.2143445|-0.2865292
1468505880.465|0.3128702|-0.1934241|-0.2515597
1468505880.487|0.3269907|-0.2149442|-0.2855866
1468505880.507|0.3092972|-0.1932003|-0.2719912
1468505880.529|0.3267732|-0.2087735|-0.268036
1468505880.549|0.3342535|-0.193659|-0.2483184
1468505880.571|0.3352528|-0.2027165|-0.2600629
1468505880.592|0.3142347|-0.1854461|-0.247996
1468505880.613|0.3344556|-0.2014701|-0.2577851
1468505880.634|0.3395066|-0.1985018|-0.3117617
1468505880.655|0.3274214|-0.1842955|-0.2722465
1468505880.676|0.3438187|-0.2004457|-0.3065193
1468505880.696|0.3334694|-0.1828893|-0.2552254
1468505880.717|0.3422619|-0.190725|-0.2877257
1468505880.738|0.3424648|-0.1844831|-0.2597389
1468505880.759|0.3413072|-0.1926551|-0.2928097
1468505880.78|0.3242765|-0.1850531|-0.2737302
1468505880.801|0.3498763|-0.1945316|-0.2828131
1468505880.823|0.3269326|-0.1836801|-0.2644075
1468505880.844|0.341512|-0.2005189|-0.2665667
1468505880.864|0.3191895|-0.201816|-0.2685784
1468505880.886|0.3276617|-0.2062104|-0.2757767
1468505880.907|0.3082127|-0.2123766|-0.2657689
1468505880.928|0.3201|-0.2123889|-0.2667558
1468505880.949|0.301505|-0.2137511|-0.2569687
1468505880.97|0.3187075|-0.2129508|-0.2704463
1468505880.991|0.3093776|-0.2168709|-0.2508869
1468505881.011|0.3052913|-0.2157186|-0.2598249
1468505881.032|0.2957854|-0.2153823|-0.2494599
1468505881.053|0.3040248|-0.2222081|-0.2524576
1468505881.074|0.2816404|-0.222437|-0.2485649
1468505881.095|0.310548|-0.2146642|-0.2479484
1468505881.116|0.3233953|-0.2177458|-0.2502748
1468505881.137|0.3035243|-0.2030659|-0.2562148
1468505881.158|0.3012483|-0.2201505|-0.2934957
1468505881.179|0.2829171|-0.2003661|-0.2716708
1468505881.2|0.2925213|-0.2123768|-0.2936341
1468505881.222|0.3271224|-0.1850877|-0.2553414
1468505881.242|0.2807378|-0.1986204|-0.3069984
1468505881.264|0.3287462|-0.1939803|-0.255014
1468505881.284|0.2935999|-0.2100216|-0.2582392
1468505881.305|0.3777599|-0.1793109|-0.2791356
1468505881.326|0.4084047|-0.1993425|-0.2646959
1468505881.347|0.3518479|-0.1545761|-0.2588501
1468505881.368|0.2929544|-0.1815587|-0.3134537
1468505881.389|0.2632728|-0.1712819|-0.3448265
1468505881.41|0.241207|-0.1903912|-0.3765763
1468505881.431|0.2893697|-0.2211894|-0.3550739
1468505881.452|0.2551557|-0.180466|-0.377722
1468505881.473|0.3056138|-0.2047437|-0.3639855
1468505881.494|0.2642527|-0.1910923|-0.3974695
1468505881.515|0.2577796|-0.218471|-0.3586135
1468505881.536|0.233338|-0.19497|-0.3775027
1468505881.557|0.2459833|-0.2366928|-0.3598157
1468505881.578|0.156064|-0.2358503|-0.3500122
1468505881.599|0.1911372|-0.2427884|-0.3496343
1468505881.62|0.1483104|-0.2727029|-0.3398258
1468505881.641|0.1969757|-0.2780659|-0.3418283
1468505881.662|0.1461594|-0.2828385|-0.3384056
1468505881.684|0.1704433|-0.267447|-0.3431614
1468505881.705|0.1375328|-0.252831|-0.3561709
1468505881.726|0.1436003|-0.2633624|-0.3332151
1468505881.747|0.0727434|-0.2742364|-0.3214107
1468505881.768|0.0748126|-0.2592038|-0.2859882
1468505881.789|-0.0490803|-0.2005392|-0.3185551
1468505881.81|0.0378551|-0.2757495|-0.3266671
1468505881.831|0.0455401|-0.2509893|-0.3849959
1468505881.852|0.144367|-0.3767235|-0.3729434
1468505881.873|0.1945371|-0.3435844|-0.3635621
1468505881.894|0.2380025|-0.41822|-0.3793249
1468505881.915|0.0408179|-0.1816937|-0.4145768
1468505881.94|0.2068995|-0.3542339|-0.3915293
1468505881.956|0.1220256|-0.1962561|-0.3691233
1468505881.976|0.2064321|-0.2852485|-0.3678379
1468505881.997|0.1165274|-0.2001153|-0.3643118
1468505882.019|0.1722143|-0.300754|-0.3415301
1468505882.04|0.121382|-0.2306|-0.3458151
1468505882.061|0.1650848|-0.2924066|-0.3379074
1468505882.082|0.1137772|-0.2117044|-0.3759646
1468505882.102|0.1193596|-0.2825236|-0.3894487
1468505882.124|0.0613264|-0.262196|-0.3796613
1468505882.145|0.0979694|-0.2750526|-0.3697383
1468505882.166|0.0652241|-0.2351095|-0.380619
1468505882.187|0.0853016|-0.2753018|-0.3891598
1468505882.208|0.0285737|-0.2581351|-0.3900013
1468505882.229|0.03144|-0.2774578|-0.3993925
1468505882.251|0.0149215|-0.2622921|-0.3620601
1468505882.272|0.0334136|-0.2896329|-0.3970051
1468505882.293|0.0140104|-0.2655755|-0.3762251
1468505882.314|0.0450414|-0.277106|-0.3995002
1468505882.335|0.0313682|-0.2344837|-0.3955264
1468505882.356|0.0380162|-0.2636015|-0.4041565
1468505882.377|-0.0009397|-0.247187|-0.3710248
1468505882.398|0.0365788|-0.2763385|-0.393043
1468505882.419|-0.003711|-0.240187|-0.3789257
1468505882.439|0.0210691|-0.2790404|-0.4204292
1468505882.461|-0.0313904|-0.2791325|-0.4240277
1468505882.482|-0.0100771|-0.2971359|-0.4112035
1468505882.503|-0.0253864|-0.2664171|-0.3992345
1468505882.524|-0.0259864|-0.2721463|-0.3986083
1468505882.545|-0.0165338|-0.2670312|-0.3882954
1468505882.566|-0.0135467|-0.2551004|-0.3784882
1468505882.588|-0.0117032|-0.2571177|-0.3753396
1468505882.608|-0.0335223|-0.2630886|-0.3799861
1468505882.63|-0.019598|-0.2882156|-0.3964448
1468505882.651|-0.0196741|-0.2665627|-0.374587
1468505882.672|0.019643|-0.2713424|-0.3927759
1468505882.692|0.0320756|-0.2445736|-0.4082662
1468505882.713|-0.0001525|-0.2727442|-0.4365399
1468505882.734|0.0375183|-0.2279723|-0.4349751
1468505882.755|0.012692|-0.2555091|-0.4328678
1468505882.776|0.0381667|-0.2257959|-0.3964221
1468505882.797|0.0028387|-0.2439135|-0.406866
1468505882.818|0.0171382|-0.2293517|-0.3632578
1468505882.839|-0.0135704|-0.2663389|-0.395062
1468505882.86|0.009302|-0.2364287|-0.3630737
1468505882.881|-0.0231759|-0.2567561|-0.4016272
1468505882.902|-0.0271382|-0.2512056|-0.3966745
1468505882.923|-0.0399967|-0.2699889|-0.3859571
1468505882.944|-0.0262268|-0.241562|-0.3714741
1468505882.964|-0.0487683|-0.2690276|-0.3968821
1468505882.986|-0.0367344|-0.2553498|-0.3779425
1468505883.007|-0.0355624|-0.2679482|-0.3898383
1468505883.028|-0.0186546|-0.2468318|-0.382222
1468505883.049|-0.029683|-0.2670176|-0.3894887
1468505883.07|0.0010479|-0.2525858|-0.3754917
1468505883.091|-0.0188921|-0.2603559|-0.3835434
1468505883.112|-0.0215592|-0.2547635|-0.3959486
1468505883.133|-0.0242262|-0.2674871|-0.38293
1468505883.154|-0.0254926|-0.2592219|-0.3925594
1468505883.175|-0.017816|-0.2579402|-0.3787019
1468505883.196|-0.0367412|-0.2636668|-0.3763558
1468505883.217|0.0032667|-0.2628387|-0.3946034
1468505883.238|-0.0250912|-0.2564841|-0.4010871
1468505883.259|-0.1452478|-0.3077691|-0.4659351
1468505883.28|-0.0479696|-0.2942283|-0.3708089
1468505883.301|-0.0223196|-0.2119875|-0.321016
1468505883.322|0.0355509|-0.3364177|-0.383188
1468505883.343|-0.0158871|-0.1531155|-0.3486565
1468505883.364|0.0614847|-0.3419278|-0.4249436
1468505883.385|-0.0225146|-0.1680966|-0.3803315
1468505883.406|0.0291483|-0.3203561|-0.3285955
1468505883.427|-0.0226629|-0.1595097|-0.4433144
1468505883.448|0.0480272|-0.3196661|-0.3501199
1468505883.469|-0.0098535|-0.1620671|-0.4251509
1468505883.49|0.0712705|-0.2714691|-0.3949902
1468505883.511|0.0403365|-0.1369721|-0.4566731
1468505883.533|0.0784082|-0.2687448|-0.422266
1468505883.554|0.0157852|-0.1529783|-0.4548117
1468505883.575|0.0371269|-0.2454814|-0.4000048
1468505883.596|0.064831|-0.1512011|-0.437658
1468505883.617|0.0456652|-0.2161819|-0.4197827
1468505883.638|0.0586847|-0.1233669|-0.4447969
1468505883.659|0.0109457|-0.2105121|-0.4515352
1468505883.68|0.018576|-0.1847746|-0.4425319
1468505883.701|-0.0119943|-0.1753502|-0.4525987
1468505883.722|-0.0030342|-0.171143|-0.4285972
1468505883.743|-0.0550985|-0.1971905|-0.4374819
1468505883.764|-0.05794|-0.1906117|-0.4293071
1468505883.786|-0.0526773|-0.1789545|-0.4135519
1468505883.806|-0.0324199|-0.1485631|-0.4463397
1468505883.827|-0.0047699|-0.1870253|-0.434656
1468505883.848|0.0459997|-0.1877441|-0.510128
1468505883.869|0.0366444|-0.2128189|-0.4816304
1468505883.89|0.0439656|-0.2249959|-0.4822019
1468505883.911|0.0102677|-0.2612641|-0.3920803
1468505883.932|-0.002347|-0.199042|-0.5299067
1468505883.953|-0.0378092|-0.1704884|-0.4379568
1468505883.974|-0.019173|-0.1281538|-0.480282
1468505883.996|0.0217601|-0.2287946|-0.440967
1468505884.018|0.0110953|-0.1973793|-0.4903169
1468505884.038|-0.0237873|-0.2169326|-0.3074331
1468505884.059|-0.0007701|-0.1444991|-0.4884942
1468505884.08|-0.0747693|-0.1749313|-0.3322271
1468505884.101|-0.0692128|-0.1279043|-0.537577
1468505884.122|-0.1563776|-0.1069885|-0.2967868
1468505884.143|-0.1036785|-0.148417|-0.5096802
1468505884.163|-0.0266875|-0.145807|-0.2548086
1468505884.185|-0.2999955|-0.1673684|-0.7163342
1468505884.206|-0.0089469|-0.1605013|-0.1968932
1468505884.227|-0.2624037|-0.1644981|-0.6660655
1468505884.248|-0.1528763|-0.095958|-0.364509
1468505884.269|-0.4576918|-0.1137949|-0.4831312
1468505884.29|-0.0747443|-0.1245209|-0.394375
1468505884.31|-0.2320801|-0.1227365|-0.5125567
1468505884.331|-0.17315|-0.1937211|-0.4926419
1468505884.352|-0.1558609|-0.1957804|-0.490419
1468505884.373|-0.077639|-0.1881043|-0.4715044
1468505884.394|-0.1590388|-0.1637567|-0.4581092
1468505884.415|-0.1039614|-0.1651938|-0.4121982
1468505884.436|-0.1346208|-0.1403347|-0.4526666
1468505884.458|-0.0116934|-0.1090396|-0.398612
1468505884.479|-0.0872405|-0.1695599|-0.5391068
1468505884.499|-0.0183967|-0.1394401|-0.4809278
1468505884.52|-0.0628055|-0.1954283|-0.5072651
1468505884.541|-0.0275205|-0.0874706|-0.4161467
1468505884.563|-0.104211|-0.1297695|-0.4498134
1468505884.584|-0.0118161|-0.1253186|-0.4247868
1468505884.605|-0.0465081|-0.1855744|-0.4965158
1468505884.626|0.0258722|-0.1508587|-0.43369
1468505884.647|-0.0212662|-0.2131942|-0.4572055
1468505884.667|0.0209936|-0.1762084|-0.3808627
1468505884.688|-0.0132912|-0.1997452|-0.4235336
1468505884.709|0.0025138|-0.1609565|-0.4199153
1468505884.73|-0.0080303|-0.1840973|-0.453961
1468505884.751|0.0180625|-0.2090424|-0.3920912
1468505884.772|0.0213033|-0.2076855|-0.4187015
1468505884.793|0.020268|-0.1976594|-0.356149
1468505884.814|-0.0246956|-0.1894206|-0.4128719
1468505884.835|-0.0115019|-0.1777743|-0.3717639
1468505884.856|-0.03542|-0.1890937|-0.406248
1468505884.877|0.0145471|-0.2159576|-0.4071002
1468505884.898|-0.0242435|-0.2039475|-0.4670464
1468505884.919|-0.0047815|-0.1997603|-0.4451611
1468505884.94|-0.0295346|-0.2001779|-0.4088826
1468505884.961|-0.0033978|-0.2100742|-0.3954182
1468505884.982|0.0184664|-0.2275485|-0.3984449
1468505885.002|-0.0064574|-0.2138129|-0.4515039
1468505885.023|-0.0896733|-0.2902664|-0.3176592
1468505885.044|0.0448219|-0.1855879|-0.477066
1468505885.065|-0.0571625|-0.2739483|-0.4175629
1468505885.086|0.0172238|-0.2204204|-0.5219824
1468505885.109|-0.0411545|-0.2969952|-0.3713703
1468505885.15|-0.020065|-0.2722726|-0.3288045
1468505885.174|-0.0671542|-0.2045701|-0.3818775
1468505885.233|-0.0613627|-0.1863765|-0.2950571
1468505885.254|-0.0835995|-0.1408809|-0.3205554
1468505885.322|-0.0232894|-0.1573453|-0.1840628
1468505885.338|-0.0462622|-0.1156478|-0.2288625
1468505885.358|-0.0860526|-0.184775|-0.2265555
1468505885.379|-0.0387056|-0.1733174|-0.2985323
1468505885.4|-0.0184075|-0.2085545|-0.2918434
1468505885.422|-0.0313199|-0.1941857|-0.3181881
1468505885.443|-0.0687389|-0.2569818|-0.2783417
1468505885.464|-0.0682543|-0.2371871|-0.264765
1468505885.485|-0.0984222|-0.2156301|-0.3176334
1468505885.505|-0.1909396|-0.2909656|-0.454787
1468505885.527|-0.0862918|-0.2462074|-0.4037899
1468505885.548|-0.101854|-0.2116042|-0.3679215
1468505885.569|-0.2108125|-0.2764202|-0.3469056
1468505885.59|-0.1453517|-0.3755199|-0.4638042
1468505885.626|-0.0558549|-0.2848058|-0.3739351
1468505885.653|-0.1379231|-0.3727913|-0.3510021
1468505885.676|-0.0236902|-0.3687664|-0.4091271
1468505885.696|-0.1309081|-0.162083|-0.2760239
1468505885.717|0.091299|-0.3435113|-0.6158729
1468505885.737|-0.1750173|-0.3202878|-0.3966772
1468505885.758|0.0649695|-0.3709207|-0.5371266
1468505885.778|-0.1606591|-0.4903108|-0.4538023
1468505885.799|0.0124552|-0.43786|-0.4392556
1468505885.82|0.1100931|-0.3734995|-0.466465
1468505885.845|-0.002926|-0.3984101|-0.6143795
1468505885.862|0.1156278|-0.3778583|-0.4412113
1468505885.883|0.0043426|-0.3021883|-0.4470718
1468505885.906|0.045228|-0.3094133|-0.2766317
1468505885.925|0.1863547|-0.3977228|-0.4002274
1468505885.946|-0.0156685|-0.2632302|-0.2621983
1468505885.968|0.0347422|-0.2463402|-0.4185869
1468505885.989|-0.0774792|-0.3241495|-0.1456579
1468505886.01|0.0523592|-0.2657667|-0.4410896
1468505886.031|-0.0211406|-0.3890357|-0.3785443
1468505886.052|0.0887073|-0.200585|-0.3729271
1468505886.073|-0.0245479|-0.4424944|-0.2674601
1468505886.094|-0.1399415|-0.2116885|-0.2422037
1468505886.115|0.0883329|-0.3820191|-0.5026512
1468505886.136|-0.1032164|-0.2904647|-0.2335454
1468505886.157|0.0910133|-0.3523742|-0.3848974
1468505886.178|-0.0697034|-0.3104023|-0.2453297
1468505886.199|0.0068127|-0.3387974|-0.3901941
1468505886.22|-0.0504612|-0.2650942|-0.3262697
1468505886.241|0.0771931|-0.3755235|-0.3898579
1468505886.265|-0.0616597|-0.3035755|-0.1916053
1468505886.283|-0.0238138|-0.305171|-0.4496286
1468505886.304|0.0417708|-0.3762174|-0.3640339
1468505886.326|-0.0220618|-0.2209106|-0.248108
1468505886.346|-0.008544|-0.4233912|-0.2133956
1468505886.37|-0.0575143|-0.236668|-0.3761981
1468505886.39|0.0566106|-0.4292595|-0.4339254
1468505886.413|-0.036269|-0.1898718|-0.3491491
1468505886.432|-0.0453608|-0.4037964|-0.3184409
1468505886.453|-0.0315202|-0.1916125|-0.4052809
1468505886.474|-0.044375|-0.3809026|-0.1862665
1468505886.494|-0.0285622|-0.2560387|-0.5205026
1468505886.515|0.0333278|-0.4351994|-0.2763383
1468505886.536|-0.0143395|-0.2418334|-0.5930679
1468505886.559|-0.0132145|-0.3796354|0.0348995
1468505886.599|-0.0057873|-0.381032|-0.2626865
1468505886.641|-0.0095533|-0.2715104|-0.1079473
1468505886.683|-0.0020061|-0.2852028|-0.1427795
1468505886.724|-0.0913557|-0.2416477|-0.2859436
1468505886.767|-0.0541939|-0.3153565|-0.3468321
1468505886.81|-0.1011578|-0.3505886|-0.2334168
1468505886.851|-0.0513766|-0.3140271|-0.3091028
1468505886.892|-0.0398174|-0.343218|-0.3539016
1468505886.934|-0.0806208|-0.340126|-0.290397
1468505886.955|0.061902|-0.3076927|-0.4212233
1468505886.975|-0.1004536|-0.3385718|-0.336109
1468505886.997|0.045378|-0.2946445|-0.3017499
1468505887.019|-0.0812012|-0.3578684|-0.2943034
1468505887.039|0.0551734|-0.2907908|-0.3568433
1468505887.061|-0.0824777|-0.3197535|-0.3680409
1468505887.102|-0.0649242|-0.3273009|-0.3452692
1468505887.126|0.0087049|-0.2931702|-0.3476821
1468505887.144|0.0196452|-0.3569979|-0.2978847
1468505887.166|0.0926633|-0.4138383|-0.3260444
1468505887.185|0.0728973|-0.3949406|-0.2869953
1468505887.207|0.0154303|-0.3123163|-0.3463094
1468505887.233|0.0396985|-0.3605993|-0.3634726
1468505887.246|-0.0061892|-0.370648|-0.2356768
1468505887.267|-0.0399406|-0.2703627|-0.3406955
1468505887.289|0.0413161|-0.3261773|-0.3462229
1468505887.309|-0.0255527|-0.3792019|-0.3278998
1468505887.33|0.0387491|-0.290693|-0.2885663
1468505887.351|-0.0597857|-0.3726856|-0.2870799
1468505887.372|0.0694077|-0.2990846|-0.2965887
1468505887.394|-0.0121633|-0.3909923|-0.3774869
1468505887.415|-0.0533505|-0.3227361|-0.3214602
1468505887.436|0.0657309|-0.3544762|-0.3112535
1468505887.457|-0.0481578|-0.3257041|-0.3327991
1468505887.478|0.0305979|-0.3553343|-0.283484
1468505887.5|0.0138804|-0.353249|-0.3270574
1468505887.521|0.1051712|-0.3855854|-0.2938152
1468505887.542|-0.0076561|-0.329113|-0.2880962
1468505887.565|0.0500118|-0.3683888|-0.1590041
1468505887.584|0.0563794|-0.3510856|-0.4747399
1468505887.605|-0.0193068|-0.4447026|-0.2468414