1468531752.198|-0.0202484|0.0050201|-0.9868164
1468531752.22|-0.0231628|0.0109253|-1.0059357
1468531752.24|-0.0184784|0.0104065|-1.0134735
1468531752.261|-0.0199432|0.0072479|-1.0019379
1468531752.282|-0.0199432|0.0089569|-1.0090179
1468531752.303|-0.0180054|0.0086517|-1.0035553
1468531752.324|-0.0214386|0.0119019|-1.0125427
1468531752.346|-0.0190125|0.0101166|-1.0066376
1468531752.366|-0.0196991|0.0077362|-1.0064087
1468531752.387|-0.0211334|0.0080109|-1.0071106
1468531752.409|-0.0209198|0.0092163|-1.0080719
1468531752.429|-0.0209503|0.0094452|-1.0059509
1468531752.451|-0.0224152|0.0104523|-1.0085297
1468531752.472|-0.021637|0.0077667|-1.0035706
1468531752.493|-0.022644|0.0112|-1.0111237
1468531752.514|-0.0191803|0.0070038|-1.0054779
1468531752.535|-0.0209351|0.0094604|-1.0075989
1468531752.556|-0.0206451|0.0075226|-1.004776
1468531752.577|-0.0218964|0.0092163|-1.0047607
1468531752.598|-0.0196686|0.0072632|-1.007843
1468531752.619|-0.0216217|0.0085144|-1.0090179
1468531752.641|-0.0218506|0.0070496|-1.0054779
1468531752.661|-0.0221558|0.009491|-1.0085449
1468531752.682|-0.0194702|0.0094299|-1.0071106
1468531752.703|-0.0209503|0.0099182|-1.0057068
1468531752.724|-0.0233307|0.0088043|-1.0080719
1468531752.745|-0.0231628|0.0109253|-1.0052032
1468531752.766|-0.0180359|0.0108337|-1.0075684
1468531752.787|-0.0197449|0.0091553|-1.0035706
1468531752.808|-0.0214539|0.0094604|-1.0042725
1468531752.829|-0.0163574|0.0117645|-1.0070801
1468531752.85|-0.0189667|0.0089264|-1.0071106
1468531752.871|-0.0214081|0.0104523|-1.0113525
1468531752.892|-0.02388|0.0114441|-1.0094604
1468531752.914|-0.0205078|0.0118408|-1.0054474
1468531752.935|-0.0206757|0.0104218|-1.0099487
1468531752.956|-0.0216827|0.0104218|-1.0068665
1468531752.977|-0.0207062|0.0101624|-1.0052032
1468531752.998|-0.0192413|0.0101471|-1.0078125
1468531753.019|-0.0179901|0.0091553|-1.0075836
1468531753.04|-0.0178223|0.0108032|-1.0063782
1468531753.061|-0.0204926|0.0125732|-1.0096893
1468531753.082|-0.0205078|0.0121002|-1.0078125
1468531753.103|-0.0195465|0.0122986|-1.005188
1468531753.124|-0.0180359|0.0118103|-1.0094452
1468531753.145|-0.0227203|0.0131073|-1.0056763
1468531753.166|-0.0215302|0.0140533|-1.0085144
1468531753.187|-0.0230103|0.0147858|-1.0063629
1468531753.208|-0.019043|0.0120697|-1.0075836
1468531753.229|-0.0182953|0.0120544|-1.0092163
1468531753.25|-0.0185394|0.0118256|-1.0080414
1468531753.271|-0.0180969|0.0144501|-1.009903
1468531753.292|-0.0224152|0.0109406|-1.0106506
1468531753.313|-0.0183411|0.0127563|-1.005661
1468531753.334|-0.0209503|0.0111542|-1.0108948
1468531753.355|-0.02005|0.0132751|-1.0063782
1468531753.377|-0.0183716|0.0141907|-1.0054169
1468531753.398|-0.0185242|0.0113373|-1.0096893
1468531753.419|-0.0192871|0.0132904|-1.0106354
1468531753.44|-0.0215149|0.0135651|-1.0089874
1468531753.461|-0.021225|0.0123596|-1.0103912
1468531753.482|-0.0185852|0.0127716|-1.0063629
1468531753.503|-0.0207367|0.0123444|-1.0080414
1468531753.524|-0.0173492|0.0127563|-1.0084991
1468531753.549|-0.019989|0.0349426|-1.1573029
1468531753.566|-0.0354919|-0.0340576|-0.79776
1468531753.587|-0.0196381|0.0354004|-1.1052704
1468531753.608|-0.0194855|0.0167542|-1.030014
1468531753.629|-0.0215607|-0.0065002|-0.9360809
1468531753.65|-0.0187225|0.0196991|-1.0446167
1468531753.671|-0.0195465|0.0039978|-0.9776001
1468531753.692|-0.0197449|0.0140686|-1.0212708
1468531753.713|-0.0189972|0.0106049|-1.0087585
1468531753.734|-0.0194702|0.0074768|-1.0024109
1468531753.755|-0.0184784|0.0108795|-1.0155945
1468531753.776|-0.0189819|0.0084381|-1.0045166
1468531753.797|-0.0170898|0.0120239|-1.0092163
1468531753.818|-0.0214844|0.0118713|-1.0068665
1468531753.84|-0.0214539|0.0106506|-1.0068665
1468531753.861|-0.0194244|0.0082245|-1.0092468
1468531753.882|-0.0223999|0.0085144|-1.0042725
1468531753.903|-0.0201569|0.0084991|-1.01091
1468531753.924|-0.0195465|0.0128021|-1.0085144
1468531753.945|-0.021225|0.0096588|-1.0012054
1468531753.966|-0.0194397|0.0091858|-1.0092468
1468531753.987|-0.0206757|0.0089569|-1.0066528
1468531754.007|-0.0219269|0.0101776|-1.0061493
1468531754.028|-0.0194092|0.0082397|-1.0116119
1468531754.049|-0.0199585|0.0096741|-1.0071106
1468531754.07|-0.0201416|0.0079956|-1.0094757
1468531754.091|-0.0161133|0.0115204|-1.0077972
1468531754.112|-0.0204468|0.0094452|-1.0080719
1468531754.133|-0.0201263|0.0070343|-1.009491
1468531754.154|-0.0206909|0.0096741|-1.0057068
1468531754.175|-0.0214844|0.0108795|-1.0037994
1468531754.2|-0.0089569|0.0227509|-1.0259094
1468531754.217|-0.0114746|-0.0394135|-0.9438171
1468531754.238|-0.0375977|-0.0091553|-0.9621277
1468531754.259|-0.0163269|0.0562897|-1.160202
1468531754.28|-0.0235443|0.0166473|-1.0390015
1468531754.301|-0.0232391|-0.0206604|-0.8893433
1468531754.322|-0.0189056|0.0219269|-1.0590363
1468531754.343|-0.0193939|0.0116882|-1.0262451
1468531754.364|-0.020874|0.0077972|-1.0106659
1468531754.385|-0.0223694|0.0109711|-1.0170441
1468531754.406|-0.0230865|0.0043945|-0.9946289
1468531754.427|-0.0194397|0.0116425|-1.0191498
1468531754.448|-0.0192108|0.0084534|-1.0054626
1468531754.469|-0.0218658|0.0082703|-1.0085449
1468531754.49|-0.0211182|0.0070496|-1.007843
1468531754.512|-0.0201721|0.007019|-1.0045319
1468531754.533|-0.0230103|0.005188|-1.0078583
1468531754.554|-0.0211334|0.0075378|-1.0071259
1468531754.575|-0.0196838|0.0087128|-1.0097198
1468531754.617|-0.0103149|-0.0487976|-0.8025055
1468531754.638|-0.0425873|0.0228882|-1.0479736
1468531754.659|-0.0163116|0.0487213|-1.1373291
1468531754.68|-0.0258331|-0.0058441|-0.9509735
1468531754.701|-0.0207062|-0.0047455|-0.9563751
1468531754.722|-0.0160522|0.0259857|-1.0646667
1468531754.743|-0.0189667|0.0006104|-0.9788208
1468531754.764|-0.0235748|0.0085602|-1.0078278
1468531754.785|-0.0214844|0.009903|-0.9995575
1468531754.806|-0.0199127|0.0067902|-1.0061798
1468531754.827|-0.0202332|0.0133209|-1.0139465
1468531754.848|-0.0215912|0.0046234|-1.000061
1468531754.869|-0.0227509|0.0066528|-1.0156403
1468531754.891|-0.0201111|0.004364|-1.002655
1468531754.912|-0.0214386|0.0101929|-1.0073395
1468531754.933|-0.0191956|0.0084686|-1.0078278
1468531754.954|-0.0189362|0.0069885|-1.0059662
1468531754.975|-0.0168304|0.0635223|-1.3509521
1468531754.996|-0.071167|-0.0527496|-0.6078796
1468531755.017|-0.0420532|-0.0132751|-0.9366302
1468531755.038|-0.0162659|0.0568085|-1.1691895
1468531755.06|-0.0266266|-0.010788|-0.9247742
1468531755.08|-0.0219269|-0.003006|-0.9613342
1468531755.101|-0.0186768|0.0246277|-1.0691681
1468531755.122|-0.0225983|0.0039062|-0.9922485
1468531755.143|-0.0226288|0.0053406|-0.9936829
1468531755.164|-0.0189667|0.0145416|-1.0255127
1468531755.185|-0.0206604|0.0062866|-1.0002747
1468531755.206|-0.0216827|0.01091|-1.0082855
1468531755.227|-0.0192413|0.0106201|-1.0090027
1468531755.248|-0.0211334|0.0072784|-1.0052338
1468531755.269|-0.0190125|0.0113373|-1.0097046
1468531755.29|-0.0209503|0.0094452|-1.0052185
1468531755.312|-0.0185394|0.0118256|-1.0089874
1468531755.333|-0.0182343|0.0096436|-1.0101776
1468531755.354|-0.0209656|0.0104065|-1.0066376
1468531755.375|-0.0205078|0.0115967|-1.0047455
1468531755.396|-0.0221863|0.0109253|-1.0087585
1468531755.438|-0.0358429|-0.0843658|-0.5501099
1468531755.459|-0.0400391|0.0397949|-1.1209259
1468531755.48|-0.0193939|0.0653687|-1.1348572
1468531755.501|-0.0231781|0.0150757|-1.0177155
1468531755.522|-0.0245056|-0.0279846|-0.860321
1468531755.543|-0.018692|0.0206909|-1.0536041
1468531755.564|-0.0196075|0.0195465|-1.0573883
1468531755.585|-0.02034|-0.0001831|-0.9565887
1468531755.606|-0.0233612|0.0153656|-1.0250549
1468531755.627|-0.0189972|0.010376|-1.0070953
1468531755.648|-0.0211487|0.0050812|-0.9965057
1468531755.669|-0.0179749|0.0118561|-1.0181885
1468531755.69|-0.0229034|0.0099487|-1.0030975
1468531755.711|-0.0211792|0.009201|-1.0052185
1468531755.732|-0.0199738|0.0094299|-1.0052185
1468531755.753|-0.0242615|0.0071411|-1.0106812
1468531755.774|-0.0187836|0.0101166|-1.0047302
1468531755.795|-0.0214691|0.0108948|-1.0068665
1468531755.816|-0.0211945|0.0094452|-1.0057068
1468531755.838|-0.0191956|0.0084686|-1.0073547
1468531755.859|-0.0235138|0.005188|-1.0057373
1468531755.901|-0.0354767|-0.0049438|-0.8970795
1468531755.922|-0.0222321|0.0216522|-1.0356293
1468531755.943|-0.0224152|0.0087433|-1.0014496
1468531755.964|-0.0195312|0.0059509|-0.9853821
1468531755.985|-0.0197296|0.0133209|-1.0184326
1468531756.006|-0.0206299|0.004364|-0.9979401
1468531756.027|-0.0236359|0.0121918|-1.0132446
1468531756.048|-0.0224304|0.0109253|-1.0087585
1468531756.069|-0.0194855|0.0094147|-1.0050049
1468531756.09|-0.0206757|0.0094604|-1.0090179
1468531756.111|-0.0227051|0.0116425|-1.0037994
1468531756.132|-0.02388|0.0119324|-1.0092316
1468531756.153|-0.0224457|0.0119019|-1.0082855
1468531756.174|-0.022934|0.0116577|-1.0061493
1468531756.195|-0.0205078|0.0121002|-1.0082855
1468531756.216|-0.021225|0.0104065|-1.0045013
1468531756.237|-0.0192566|0.0111084|-1.0073395
1468531756.265|-0.016983|0.0779114|-1.1030884
1468531756.28|-0.0530701|-0.0846252|-0.5182343
1468531756.301|-0.0639648|0.0045624|-0.9907074
1468531756.322|-0.0062561|0.0777588|-1.2141876
1468531756.342|-0.0175629|0.0333252|-1.0830536
1468531756.364|-0.0272369|-0.0333557|-0.8322449
1468531756.385|-0.0179291|0.0118866|-1.0245819
1468531756.406|-0.0113678|0.0290985|-1.0835419
1468531756.427|-0.0223083|0.0010834|-0.9584656
1468531756.449|-0.019516|0.0152435|-1.0191193
1468531756.469|-0.0189972|0.0142822|-1.0219879
1468531756.49|-0.0210114|0.00914|-0.9938812
1468531756.511|-0.0195312|0.0118256|-1.0068665
1468531756.532|-0.0204315|0.0106506|-1.0127869
1468531756.553|-0.0219116|0.0082397|-1.0014496
1468531756.574|-0.0210419|0.0135345|-1.0054321
1468531756.595|-0.0224915|0.0138245|-1.0077972
1468531756.616|-0.0235443|0.0073547|-1.0080872
1468531756.637|-0.1107178|0.1638031|-1.3654022
1468531756.658|-0.0454712|-0.1153412|-0.4238434
1468531756.679|0.0073395|-0.0791168|-0.8298798
1468531756.7|-0.0129089|0.0875854|-1.2283173
1468531756.721|-0.0164185|0.0435028|-1.1030884
1468531756.742|-0.0235443|-0.0458679|-0.7973175
1468531756.763|-0.0218658|0.0068054|-1.0028839
1468531756.784|-0.0157318|0.0365753|-1.1114044
1468531756.805|-0.0241852|0.0021515|-0.97052
1468531756.826|-0.0207062|0.002594|-0.9795074
1468531756.848|-0.0216827|0.0141144|-1.0198669
1468531756.868|-0.0202179|0.0059967|-0.9917755
1468531756.889|-0.0187378|0.0123444|-1.0189056
1468531756.91|-0.0206451|0.0075226|-1.0059662
1468531756.931|-0.0204926|0.0106049|-1.0037994
1468531756.952|-0.0225525|0.0080719|-1.0132599
1468531756.973|-0.0208588|0.0058441|-1.0052338
1468531756.997|-0.0029449|0.0524597|-1.081955
1468531757.016|0.0012665|-0.1398468|-0.73172
1468531757.037|0.0231323|-0.1118774|-0.6517944
1468531757.058|-0.0296783|0.0625916|-1.2531128
1468531757.078|-0.012558|0.0892181|-1.2174225
1468531757.1|-0.0279999|0.0154572|-1.022934
1468531757.121|-0.0224762|-0.0152588|-0.9143829
1468531757.142|-0.0142822|0.0374908|-1.1132812
1468531757.163|-0.026474|0.0071564|-1.0059814
1468531757.184|-0.0190887|-0.0019073|-0.9559021
1468531757.205|-0.0201111|0.0170593|-1.0444031
1468531757.226|-0.0206604|0.0058136|-0.9981384
1468531757.247|-0.0184784|0.0089264|-1.0070953
1468531757.268|-0.0193481|0.0063324|-1.0146942
1468531757.289|-0.0220795|0.0051422|-1.0038452
1468531757.31|-0.0201721|0.0099335|-1.0116119
1468531757.331|-0.0223999|0.0087585|-1.0045166
1468531757.352|-0.0194397|0.0067749|-1.0042877
1468531757.374|-0.0193024|0.0044098|-1.0137787
1468531757.397|0.0289307|0.0152435|-1.3750305
1468531757.416|-0.0635376|-0.0575104|-0.604126
1468531757.437|-0.0608063|0.0101929|-0.9760132
1468531757.46|-0.0144501|0.0674591|-1.190155
1468531757.478|-0.0257416|-0.0013885|-0.9797974
1468531757.499|-0.0200043|-0.01651|-0.9141541
1468531757.52|-0.0205994|0.019043|-1.0491333
1468531757.541|-0.0179901|-0.0035553|-0.9655762
1468531757.562|-0.0198975|0.0143585|-1.0312042
1468531757.583|-0.0221252|0.0031586|-0.9913177
1468531757.604|-0.018692|0.0079803|-1.0106506
1468531757.626|-0.0211487|0.0094757|-1.0128021
1468531757.647|-0.0218658|0.007782|-1.0052185
1468531757.668|-0.0218048|0.0063629|-1.0106812
1468531757.689|-0.01828|0.0088806|-1.0014343
1468531757.71|-0.0189362|0.0082092|-1.0094757
1468531757.731|-0.0186462|0.0060577|-1.0104218
1468531757.752|-0.0208893|0.0072784|-1.0052338
1468531757.773|-0.020401|0.0067902|-1.006424
1468531757.942|-0.0211029|0.0053406|-1.0031281
1468531757.963|-0.0208588|0.0065765|-1.0085602
1468531757.984|-0.0213776|0.0065613|-1.0028839
1468531758.005|-0.0183105|0.0115509|-1.0068512
1468531758.032|-0.0208893|0.0068054|-1.0059662
1468531758.047|-0.0075378|-0.0072327|-1.0939636
1468531758.068|-0.0233917|0.006485|-1.0267639
1468531758.089|-0.0170746|0.0373993|-1.1284332
1468531758.11|-0.0207367|-0.0089264|-0.9370422
1468531758.131|-0.0193787|0.0050964|-1.0050354
1468531758.152|-0.0205994|0.0136566|-1.0316772
1468531758.173|-0.0218506|-0.0007629|-0.9797668
1468531758.199|-0.0144196|0.0114746|-1.0080414
1468531758.216|-0.0410309|-0.0306702|-0.7828522
1468531758.237|-0.0203094|0.0058746|-1.0142212
1468531758.258|-0.0157318|0.0302124|-1.0897064
1468531758.279|-0.0188904|-0.0025177|-0.9785919
1468531758.3|-0.0191193|0.0053406|-1.0076294
1468531758.321|-0.0197144|0.0118866|-1.017746
1468531758.342|-0.0422211|0.0383148|-1.1502228
1468531758.362|-0.0438843|-0.0315399|-0.7868805
1468531758.383|-0.0235138|0.0049438|-1.005249
1468531758.404|-0.0142365|0.0282288|-1.0885315
1468531758.428|-0.0198975|0.000946|-0.9891968
1468531758.446|-0.0189209|0.0050659|-1.001709
1468531758.468|-0.0183411|0.0082855|-1.0245972
1468531758.489|-0.0383911|0.0176086|-0.9711456
1468531758.509|0.0189056|-0.0162354|-1.0923004
1468531758.53|0.0033875|-0.0347595|-0.9317017
1468531758.551|-0.0287933|0.0144501|-1.0132446
1468531758.572|-0.0188293|0.0224609|-1.0713196
1468531758.593|-0.0214691|-0.0037537|-0.9578094
1468531758.615|-0.0202484|0.0093384|-1.0352478
1468531758.636|-0.019104|0.0002441|-0.9951324
1468531758.657|-0.0218048|0.0073242|-1.0118713
1468531758.678|-0.0201874|0.0077362|-1.0035706
1468531758.699|-0.0203094|0.0051422|-1.0116425
1468531758.72|-0.0232849|0.006134|-1.006897
1468531758.741|-0.0208282|0.0053711|-1.0073853
1468531758.762|-0.0183868|0.0055847|-1.0106659
1468531758.783|-0.0218811|0.0075378|-1.0045319
1468531758.804|-0.0214081|0.0106812|-1.0120697
1468531758.825|-0.021637|0.0084991|-1.0068817
1468531758.846|-0.0191193|0.0063171|-1.0113831
1468531758.867|-0.0196686|0.0082397|-1.012085
1468531758.888|-0.0184326|0.0065155|-1.0066528
1468531758.909|-0.0213928|0.0092316|-1.0092468
1468531758.93|-0.0186768|0.007019|-1.0104218
1468531758.972|-0.0300903|-0.021759|-0.8791962
1468531758.994|-0.0178528|0.0083466|-0.9922028
1468531759.014|-0.0279694|0.0375824|-1.0674591
1468531759.035|-0.0225372|-0.004837|-0.9729309
1468531759.057|-0.0160217|0.0176849|-1.0401306
1468531759.078|-0.0185242|0.0071869|-0.9957733
1468531759.098|-0.0220642|0.0058899|-1.0076141
1468531759.119|-0.024353|0.0092773|-1.0045166
1468531759.14|-0.0191345|0.0063171|-1.0106812
1468531759.161|-0.017746|0.0074463|-1.0064087
1468531759.182|-0.019455|0.0084534|-1.0047607
1468531759.203|-0.0187683|0.0096283|-1.0066376
1468531759.225|-0.0207062|0.009903|-1.0028687
1468531759.246|-0.0191498|0.004837|-1.0031281
1468531759.267|-0.0204315|0.0087128|-1.0059509
1468531759.288|-0.0181885|0.0052795|-1.0019379
1468531759.309|-0.0201569|0.0077667|-1.0090179
1468531759.33|-0.021347|0.0063477|-1.0080872
1468531759.352|-0.0235596|0.0066223|-1.0040741
1468531759.373|-0.0201416|0.0079956|-1.0092468
1468531759.393|-0.0172424|0.0079193|-1.0052032
1468531759.414|-0.0191803|0.0072479|-1.006897
1468531759.435|-0.0194855|0.0106201|-1.0080566
1468531759.457|-0.0199432|0.0087128|-1.0068817
1468531759.478|-0.0209503|0.0096741|-1.0061646
1468531759.499|-0.0219116|0.010437|-1.0085297
1468531759.52|-0.017334|0.0100708|-1.0023651
1468531759.541|-0.0206146|0.0070496|-1.0085602
1468531759.562|-0.0211029|0.006073|-1.0050201
1468531759.583|-0.0202026|0.0091858|-1.0061646
1468531759.604|-0.0218811|0.0092316|-1.0075989
1468531759.625|-0.0236664|0.0119171|-1.0063934
1468531759.646|-0.0209045|0.0087433|-1.0078278
1468531759.666|-0.0184784|0.0079346|-1.0037994
1468531759.687|-0.0189667|0.0094147|-1.0094757
1468531759.709|-0.0218658|0.0089874|-1.0092468
1468531759.73|-0.0209808|0.0111237|-1.0068665
1468531759.751|-0.0229645|0.012619|-1.0044861
1468531759.772|-0.019516|0.010849|-1.0054474
1468531759.793|-0.0188751|0.0147095|-1.0070496
1468531759.814|-0.0206604|0.0084839|-1.0066528
1468531759.836|-0.0194855|0.0106201|-1.0070953
1468531759.857|-0.0195465|0.0128021|-1.0073242
1468531759.877|-0.0195618|0.0140076|-1.0094452
1468531759.898|-0.0198059|0.0120697|-1.0052032
1468531759.92|-0.0229034|0.0111847|-1.0075836
1468531759.941|-0.0202179|0.0104065|-1.0080566
1468531759.962|-0.019043|0.0110779|-1.0040436
1468531759.983|-0.0223846|0.0085144|-1.0064087
1468531760.004|-0.0253601|0.0112|-1.0030975
1468531760.024|-0.0217743|0.0101166|-0.9924469
1468531760.045|-0.0202484|0.0138092|-1.0153656
1468531760.066|-0.020752|0.0113525|-1.0035553
1468531760.087|-0.0193024|0.0108337|-1.0019073
1468531760.108|-0.0183411|0.0124969|-1.0035248
1468531760.129|-0.0197601|0.0108643|-1.0075836
1468531760.15|-0.0209808|0.0125885|-1.0092163
1468531760.172|-0.0207214|0.0108795|-1.0063934
1468531760.193|-0.0197906|0.0118256|-1.0063934
1468531760.214|-0.0210266|0.0130615|-1.0068512
1468531760.235|-0.0210266|0.0123291|-1.0044861
1468531760.256|-0.0214844|0.0126038|-1.0082703
1468531760.277|-0.0188293|0.0132599|-1.008255
1468531760.298|-0.0183411|0.0139923|-1.0110931
1468531760.319|-0.0195465|0.0128021|-1.0075684
1468531760.34|-0.0178528|0.0130005|-1.007309
1468531760.361|-0.0195007|0.010376|-1.0052032
1468531760.382|-0.020752|0.0121002|-1.0049896
1468531760.403|-0.0210114|0.0128326|-1.0087433
1468531760.424|-0.0187836|0.0113373|-1.0096893
1468531760.445|-0.0192566|0.0113525|-1.0094604
1468531760.466|-0.0207367|0.0118561|-1.0066376
1468531760.487|-0.0192566|0.0116119|-1.0101776
1468531760.508|-0.0218048|0.0144958|-1.0021057
1468531760.529|-0.0190277|0.0108337|-1.0047455
1468531760.55|-0.017868|0.0132141|-1.0066071
1468531760.572|-0.0175934|0.0115356|-1.0063782
1468531760.593|-0.0200195|0.0115967|-1.0068665
1468531760.614|-0.0217133|0.0116272|-1.0061493
1468531760.635|-0.0202484|0.0113678|-1.0082855
1468531760.656|-0.0190277|0.0110779|-1.0049896
1468531760.677|-0.0209198|0.0089722|-1.0085449
1468531760.698|-0.0185394|0.0105896|-1.0040283
1468531760.719|-0.0197449|0.0096436|-1.0050049
1468531760.74|-0.0182343|0.0089111|-1.0090027
1468531760.761|-0.0190582|0.0118103|-1.0045013
1468531760.782|-0.0238647|0.0097351|-1.0054626
1468531760.803|-0.0175629|0.0110626|-1.0075684
1468531760.824|-0.0197144|0.0096588|-1.0092468
1468531760.845|-0.019989|0.0101471|-1.0054474
1468531760.866|-0.0197601|0.0098877|-1.0040588
1468531760.887|-0.0207214|0.0106354|-1.0045013
1468531760.908|-0.0197296|0.0106354|-1.0106506
1468531760.929|-0.0210114|0.0108643|-1.0023804
1468531760.95|-0.0213776|0.0085144|-1.009964
1468531760.971|-0.0180359|0.0101013|-1.0066223
1468531760.993|-0.0195618|0.013031|-1.0054321
1468531761.014|-0.0187073|0.0072327|-1.0059509
1468531761.035|-0.0192108|0.0091858|-1.0080719
1468531761.056|-0.0211487|0.0087433|-1.0071106
1468531761.077|-0.0199585|0.0094452|-1.0078278
1468531761.098|-0.0199585|0.0106354|-1.0092316
1468531761.119|-0.0192719|0.0110931|-1.0061493
1468531761.14|-0.0180511|0.0118103|-1.0070801
1468531761.161|-0.0197296|0.0089264|-1.0068817
1468531761.182|-0.0202179|0.0096588|-1.0066528
1468531761.203|-0.0192413|0.0094147|-1.0054626
1468531761.225|-0.0223541|0.0078125|-1.0071106
1468531761.245|-0.0202332|0.0094147|-1.0030975
1468531761.265|-0.0155487|-0.0263367|-0.89505
1468531761.287|-0.0258179|0.0491791|-1.1375885
1468531761.307|-0.0184937|0.0236053|-1.0540466
1468531761.329|-0.0156555|-0.0190887|-0.9035034
1468531761.349|-0.0196991|0.0167847|-1.035675
1468531761.371|-0.0167389|0.018692|-1.046524
1468531761.392|-0.0177917|0.006424|-0.9943542
1468531761.413|-0.0189056|0.0119019|-1.0252991
1468531761.434|-0.0221863|0.004837|-0.9887085
1468531761.455|-0.0194397|0.0091858|-1.0092468
1468531761.476|-0.0176392|0.014679|-1.009903
1468531761.497|-0.0226898|0.0094604|-0.9998016
1468531761.518|-0.0189819|0.0098877|-1.0083008
1468531761.539|-0.0233154|0.0063782|-1.0045319
1468531761.56|-0.019928|0.009201|-1.0092468
1468531761.581|-0.0208893|0.0070343|-1.0059662
1468531761.603|-0.019516|0.0115967|-1.0073395
1468531761.624|-0.0185089|0.0091553|-1.0045013
1468531761.644|-0.0197449|0.0098877|-1.0061646
1468531761.665|-0.0221405|0.0092468|-1.0080719
1468531761.686|-0.0189972|0.0096283|-1.0064087
1468531761.706|-0.0391693|0.0574036|-1.232605
1468531761.727|-0.0102081|-0.0619354|-0.7751923
1468531761.748|-0.0239258|0.0260315|-1.084549
1468531761.769|-0.0151672|0.0275421|-1.0904236
1468531761.791|-0.0190735|-0.0011749|-0.9598999
1468531761.812|-0.0175476|0.0196228|-1.0377655
1468531761.833|-0.0192261|0.0091705|-1.0066528
1468531761.854|-0.0216522|0.0038605|-0.9894104
1468531761.875|-0.0185242|0.0145111|-1.0186462
1468531761.896|-0.019455|0.0062561|-0.9990845
1468531761.917|-0.020874|0.007782|-1.009964
1468531761.938|-0.0224609|0.0101776|-1.0016632
1468531761.959|-0.0185547|0.0122986|-1.007782
1468531761.98|-0.0202026|0.0096741|-1.0075989
1468531762.001|-0.0167847|0.0074158|-1.0035706
1468531762.022|-0.0216522|0.0084839|-1.0035706
1468531762.043|-0.0201874|0.0077515|-1.0040588
1468531762.067|-0.117981|0.1286774|-1.1876526
1468531762.085|0.0118256|-0.0909424|-0.5982513
1468531762.106|-0.03685|0.004715|-1.0426331
1468531762.126|-0.0186005|0.0578156|-1.1164551
1468531762.148|-0.0129852|0.0267487|-1.0880585
1468531762.169|-0.0235291|-0.018219|-0.8921661
1468531762.19|-0.0160065|0.0152435|-1.0335388
1468531762.211|-0.0223541|0.0031738|-0.9927521
1468531762.232|-0.0172424|0.0030518|-0.9908447
1468531762.253|-0.0226288|0.016098|-1.0290527
1468531762.274|-0.0194092|0.0043335|-0.998642
1468531762.295|-0.0243073|0.0088196|-1.0080719
1468531762.316|-0.0175629|0.0110626|-1.0075684
1468531762.337|-0.0223846|0.0082703|-1.0052185
1468531762.359|-0.0213776|0.0080261|-1.0073547
1468531762.38|-0.0184479|0.0065155|-1.0045166
1468531762.401|-0.0215912|0.0092621|-1.014679
1468531762.422|-0.0179749|0.006485|-1.0012054
1468531762.443|-0.019165|0.007019|-1.0085602
1468531762.464|-0.0206451|0.0084991|-1.0085449
1468531762.485|-0.0211487|0.0068054|-1.0042877
1468531762.506|-0.0189667|0.0091705|-1.0090179
1468531762.527|-0.0223694|0.0082855|-1.0071106
1468531762.548|-0.0163116|0.0088501|-1.0049896
1468531762.569|-0.0203552|0.0053406|-1.0057373
1468531762.59|-0.0179443|0.0077362|-1.0101776
1468531762.611|-0.0221405|0.0085144|-1.0064087
1468531762.632|-0.0208588|0.0068359|-1.0102081
1468531762.653|-0.0191498|0.0058136|-1.0052338
1468531762.675|-0.0209808|0.0113831|-1.0080566
1468531762.696|-0.0214081|0.0087433|-1.0050049
1468531762.717|-0.0189209|0.0067749|-1.0085602
1468531762.738|-0.0223846|0.0080109|-1.0035706
1468531762.759|-0.0221558|0.0084991|-1.0038147
1468531762.78|-0.0206757|0.0084839|-1.0040588
1468531762.801|-0.0209198|0.0084839|-1.0064087
1468531762.822|-0.0188751|0.0050964|-1.0071411
1468531762.843|-0.0214081|0.0094757|-1.0092468
1468531762.864|-0.0206451|0.0079956|-1.0050049
1468531762.885|-0.021347|0.0070648|-1.0097351
1468531762.906|-0.019165|0.0072632|-1.0085602
1468531762.927|-0.0184784|0.0096588|-1.0108948
1468531762.948|-0.018219|0.0077057|-1.0061493
1468531762.969|-0.022644|0.009491|-1.0068817
1468531762.99|-0.0198975|0.0072784|-1.0071259
1468531763.011|-0.0179443|0.0077362|-1.0108948
1468531763.032|-0.0206604|0.0084839|-1.0052185
1468531763.053|-0.0197144|0.0086975|-1.0054626
1468531763.074|-0.0213623|0.0078125|-1.0106659
1468531763.095|-0.0209045|0.008255|-1.0075989
1468531763.117|-0.0214233|0.0097046|-1.0071106
1468531763.138|-0.0203705|0.0063171|-1.007843
1468531763.159|-0.0196838|0.0065155|-1.00383
1468531763.18|-0.0191956|0.0084686|-1.0075989
1468531763.201|-0.0177765|0.0086517|-1.0042572
1468531763.222|-0.0180664|0.0108185|-1.0044861
1468531763.243|-0.0198975|0.0060425|-1.00383
1468531763.264|-0.0209503|0.0104218|-1.0085297
1468531763.285|-0.0194397|0.0087128|-1.0078278
1468531763.306|-0.0196381|0.0070343|-1.0116272
1468531763.327|-0.0213928|0.0070496|-1.0040741
1468531763.348|-0.0177612|0.00914|-1.0073395
1468531763.369|-0.0170135|0.0076752|-1.0063934
1468531763.39|-0.0195007|0.0108643|-1.0075836
1468531763.411|-0.0211639|0.0099335|-1.009964
1468531763.432|-0.0202332|0.0103912|-1.0054474
1468531763.453|-0.0221863|0.010437|-1.0054474
1468531763.474|-0.0189056|0.0079803|-1.0113678
1468531763.495|-0.0206299|0.0072784|-1.0050201
1468531763.516|-0.0221252|0.0080261|-1.0059509
1468531763.537|-0.0216217|0.0087585|-1.0078278
1468531763.558|-0.0204926|0.0106201|-1.0045013
1468531763.579|-0.0171814|0.0146484|-1.0056458
1468531763.601|-0.0192719|0.0115967|-1.0078125
1468531763.622|-0.0202637|0.0118408|-1.0066376
1468531763.643|-0.0185089|0.010376|-1.0085144
1468531763.664|-0.0209961|0.0118561|-1.0056915
1468531763.685|-0.0218353|0.0070648|-1.0071259
1468531763.706|-0.0201874|0.0094452|-1.0092468
1468531763.727|-0.0180817|0.011795|-1.0040283
1468531763.748|-0.0212097|0.0106354|-1.0066376
1468531763.769|-0.0193024|0.0132751|-1.0089874
1468531763.79|-0.0207214|0.0116272|-1.0070953
1468531763.811|-0.0211792|0.0104218|-1.0092316
1468531763.832|-0.0212708|0.0123291|-1.0044861
1468531763.853|-0.0185852|0.011795|-1.0023651
1468531763.874|-0.0195312|0.012558|-1.0085144
1468531763.895|-0.0183105|0.0122833|-1.0080261
1468531763.916|0.001358|0.0185089|-0.9913788
1468531763.939|-0.0117493|-0.0410461|-0.9010468
1468531763.959|-0.0070953|-0.0508575|-0.8403473
1468531763.979|-0.0067749|0.0506897|-1.1862335
1468531764.001|-0.019455|0.0111389|-1.0137329
1468531764.022|-0.0230713|-0.0155792|-0.8961792
1468531764.043|-0.0182037|0.0238647|-1.0613708
1468531764.064|-0.0204468|0.0133514|-1.0196228
1468531764.085|-0.0217438|0.0035553|-0.975708
1468531764.106|-0.0561523|0.0533295|-0.9189453
1468531764.127|0.0046387|-0.0678864|-0.7557983
1468531764.148|-0.0196228|-0.0342712|-0.8776245
1468531764.169|-0.0185547|0.0487366|-1.1283417
1468531764.19|-0.0106201|0.0388794|-1.1191711
1468531764.212|-0.0200348|-0.0153046|-0.9131927
1468531764.232|-0.0200348|0.0113525|-1.0040436
1468531764.253|-0.0182495|0.0235901|-1.0542908
1468531764.274|-0.0205078|0.0025482|-0.9752502
1468531764.295|-0.0179596|0.0140839|-1.0295258
1468531764.316|-0.0184174|0.0033569|-0.9979248
1468531764.337|-0.0192566|0.0118408|-1.0092316
1468531764.359|-0.0198364|0.0144806|-1.0089722
1468531764.379|-0.0194855|0.008194|-1.0023956
1468531764.401|-0.0221558|0.0102234|-1.0101776
1468531764.422|-0.0198212|0.0115662|-1.0021362
1468531764.443|-0.0192719|0.0118408|-1.0090027
1468531764.464|-0.0207062|0.0094452|-1.0040588
1468531764.485|-0.0196533|0.0058136|-1.0061798
1468531764.506|-0.0199738|0.0101624|-1.0090027
1468531764.527|-0.0209351|0.0082397|-1.0045166
1468531764.548|-0.0172424|0.0084229|-1.0080566
1468531764.569|-0.0216522|0.0084839|-1.0026245
1468531764.59|-0.0197144|0.0089417|-1.0075989
1468531764.632|-0.0781097|0.0507812|-1.0329742
1468531764.653|-0.0061035|0.062027|-1.1485596
1468531764.674|-0.0362091|-0.0362396|-0.791626
1468531764.695|-0.0235443|0.005661|-1.0042877
1468531764.716|-0.0162659|0.0352936|-1.0988922
1468531764.737|-0.0181427|0.0044098|-0.9709778
1468531764.758|-0.0189667|0.0032959|-0.9875336
1468531764.78|-0.0196838|0.0170288|-1.0391998
1468531764.801|-0.019043|0.0042267|-0.9816132
1468531764.822|-0.0181885|0.0104065|-1.0191345
1468531764.843|-0.0178223|0.0093536|-1.0019073
1468531764.864|-0.0229034|0.0102081|-1.0056915
1468531764.885|-0.019989|0.0116272|-1.0108948
1468531764.906|-0.016983|0.0064697|-1.0047607
1468531764.927|-0.0197754|0.0121002|-1.0108948
1468531764.948|-0.0207214|0.0108795|-1.0052032
1468531764.969|-0.019455|0.0089417|-1.0073547
1468531764.99|-0.0209503|0.0099182|-1.0059509
1468531765.011|-0.020401|0.0079956|-1.0078278
1468531765.032|-0.0187683|0.0093994|-1.0059357
1468531765.052|-0.0214081|0.0084991|-1.0066528
1468531765.073|-0.0213928|0.0082703|-1.0078278
1468531765.094|-0.0187683|0.0091553|-1.0042572
1468531765.115|-0.019989|0.0106201|-1.0059357
1468531765.136|-0.0220795|0.0061035|-1.0050201
1468531765.157|-0.0194702|0.0074768|-1.0019379
1468531765.178|-0.0189819|0.0111084|-1.0115967
1468531765.199|-0.0216064|0.0070496|-1.005722
1468531765.22|-0.0184326|0.0079651|-1.0092316
1468531765.241|-0.0208893|0.008255|-1.0097198
1468531765.262|-0.0202332|0.0096588|-1.0042725
1468531765.283|-0.0194397|0.0087128|-1.0083008
1468531765.304|-0.0182037|0.0072174|-1.0064087
1468531765.325|-0.0202484|0.0106049|-1.0035553
1468531765.345|-0.0213776|0.0087738|-1.0106659
1468531765.366|-0.0197449|0.0089264|-1.0040588
1468531765.387|-0.0209198|0.0084839|-1.0052185
1468531765.409|-0.0196838|0.0070038|-1.0066681
1468531765.43|-0.0187073|0.0072327|-1.0054626
1468531765.451|-0.0228729|0.0085297|-1.0045166
1468531765.472|-0.0187378|0.0077209|-1.0042572
1468531765.493|-0.0226288|0.0097351|-1.0073547
1468531765.514|-0.0201569|0.0087433|-1.0111389
1468531765.535|-0.0211792|0.0089569|-1.0050049
1468531765.556|-0.0201569|0.0072632|-1.004776
1468531765.577|-0.0202332|0.0101471|-1.0068665
1468531765.598|-0.0202332|0.0106201|-1.0061493
1468531765.619|-0.0200043|0.0111084|-1.0068665
1468531765.64|-0.0177765|0.0088806|-1.0063934
1468531765.661|-0.0167847|0.0091248|-1.0078125
1468531765.682|-0.0211945|0.0096741|-1.0052185
1468531765.703|-0.0189362|0.0069885|-1.005722
1468531765.724|-0.0194397|0.0074921|-1.0066681
1468531765.745|-0.0203857|0.0070343|-1.0071259
1468531765.766|-0.0218811|0.0087433|-1.0050049
1468531765.787|-0.0192261|0.0089264|-1.0064087
1468531765.808|-0.0197144|0.0084534|-1.0057068
1468531765.829|-0.0228271|0.0080566|-1.0083008
1468531765.85|-0.0192261|0.0096588|-1.0083008
1468531765.872|-0.0198822|0.0063171|-1.0071259
1468531765.892|-0.0218811|0.0092316|-1.0078278
1468531765.913|-0.0202484|0.0101471|-1.0040436
1468531765.934|-0.0201874|0.0079651|-1.0033264
1468531765.956|-0.0150909|0.008606|-1.0059357
1468531765.977|-0.0224152|0.0089722|-1.0038147
1468531765.998|-0.0215912|0.0070648|-1.0085602
1468531766.019|-0.0211639|0.008728|-1.0064087
1468531766.04|-0.0214233|0.0101929|-1.0099487
1468531766.061|-0.0189972|0.0093994|-1.0064087
1468531766.082|-0.0199738|0.0096588|-1.0059509
1468531766.103|-0.020462|0.0089417|-1.0042725
1468531766.124|-0.0197144|0.0077362|-1.0040588
1468531766.145|-0.0178223|0.0122681|-1.0096741
1468531766.166|-0.0233307|0.0088043|-1.0071106
1468531766.187|-0.0180206|0.0101166|-1.0087433
1468531766.208|-0.0234222|0.0109406|-1.0042572
1468531766.229|-0.0179443|0.0072327|-1.0075989
1468531766.25|-0.0182495|0.0096283|-1.0075836
1468531766.271|-0.0172729|0.0093842|-1.0075836
1468531766.292|-0.0196991|0.0082245|-1.0071106
1468531766.313|-0.0197144|0.0084534|-1.0047607
1468531766.334|-0.0168152|0.0100861|-1.0080414
1468531766.355|-0.0214691|0.0111389|-1.0047455
1468531766.376|-0.0204163|0.0079803|-1.0066528
1468531766.398|-0.0189819|0.0094147|-1.0080719
1468531766.419|-0.0180206|0.0098572|-1.0052032
1468531766.44|-0.0208893|0.007782|-1.0078278
1468531766.461|-0.0223999|0.0084991|-1.0028687
1468531766.481|-0.0202484|0.0111084|-1.0061493
1468531766.503|-0.0201874|0.0084686|-1.0061646
1468531766.524|-0.0211487|0.0079956|-1.0057068
1468531766.545|-0.0199738|0.0096588|-1.0068817
1468531766.566|-0.0188293|0.0122833|-1.0066071
1468531766.587|-0.0193024|0.0115662|-1.0037994
1468531766.608|-0.0219269|0.0101776|-1.0066376
1468531766.629|-0.0208893|0.007782|-1.0083008
1468531766.65|-0.0197144|0.0086975|-1.0068817
1468531766.671|-0.0184326|0.0075073|-1.01091
1468531766.692|0.0511475|-0.0061646|-0.9429779
1468531766.713|-0.0254211|0.0213928|-1.0656891
1468531766.734|-0.0191803|0.0109253|-1.0198822
1468531766.755|-0.0117645|0.0133667|-1.0131989
1468531766.776|-0.0227203|0.0101624|-0.9960022
1468531766.819|-0.0200653|0.0144958|-1.0080261
1468531766.84|-0.0216522|0.0099487|-1.0080719
1468531766.861|-0.0216827|0.0106506|-1.0054474
1468531766.882|-0.0188751|0.0134888|-1.0044708
1468531766.903|-0.0311127|0.0277405|-1.1091309
1468531766.924|-0.0228577|-0.0417633|-0.8041534
1468531766.945|-0.0239105|0.0150452|-1.0517578
1468531766.966|-0.0155792|0.0306091|-1.0785828
1468531766.987|-0.0189514|0.0028381|-0.99086
1468531767.008|-0.0187836|0.0040131|-0.9846802
1468531767.029|-0.01651|0.0106049|-1.0174866
1468531767.05|-0.0243225|0.0053864|-0.9948578
1468531767.071|-0.0192871|0.0130615|-1.0101624
1468531767.092|-0.0216522|0.0097046|-1.0090179
1468531767.113|-0.0185242|0.0105896|-1.0066223
1468531767.134|-0.0224152|0.0102081|-1.0087585
1468531767.155|-0.0166626|0.0139465|-1.008255
1468531767.198|0.0148163|-0.0224762|-1.0783997
1468531767.219|-0.0011292|-0.0615845|-0.7905273
1468531767.24|-0.0255737|0.0287933|-1.1025085
1468531767.26|-0.013916|0.0479126|-1.12883
1468531767.282|-0.0236206|-0.0014954|-0.9693756
1468531767.303|-0.0203552|0.0141602|-1.0371094
1468531767.324|-0.0180206|0.0203857|-1.0417786
1468531767.345|-0.0216827|-0.0015564|-0.9658356
1468531767.366|-0.0169525|0.0116272|-1.0281219
1468531767.387|-0.0175323|0.0088806|-1.0056915
1468531767.408|-0.0218506|0.0063171|-1.0026398
1468531767.429|-0.0230865|0.0119629|-1.018692
1468531767.45|-0.0194855|0.0079346|-0.9988556
1468531767.471|-0.0197144|0.0104065|-1.0113525
1468531767.493|-0.0219421|0.009903|-1.0007324
1468531767.513|-0.0192719|0.0105896|-1.0037994
1468531767.534|-0.0188751|0.0055695|-1.0092621
1468531767.555|0.0975189|-0.0107269|-1.2927856
1468531767.576|0.0161591|0.0391998|-1.0576477
1468531767.597|-0.0320892|-0.017334|-0.8872375
1468531767.619|-0.0200348|0.0032806|-0.975708
1468531767.64|-0.0191193|0.0244141|-1.0722504
1468531767.661|-0.0200653|0.0027771|-0.9700623
1468531767.682|-0.0222168|0.0101776|-1.0019073
1468531767.703|-0.0202026|0.0148315|-1.0264587
1468531767.724|-0.0198822|0.0070496|-1.010437
1468531767.745|-0.0209351|0.0111542|-1.0127869
1468531767.766|-0.0211639|0.0072479|-1.0007477
1468531767.787|-0.0196075|0.0056152|-1.0135193
1468531767.808|-0.0206757|0.0101776|-1.0092316
1468531767.829|-0.0221405|0.0087585|-1.0061646
1468531767.85|-0.0197601|0.0111084|-1.0078125
1468531767.871|-0.0206757|0.0082397|-1.0042725
1468531767.892|-0.0204468|0.0104065|-1.0094604
1468531767.913|-0.0172577|0.0086517|-1.0059357
1468531767.934|-0.017746|0.008667|-1.0080566
1468531767.955|-0.0206451|0.0079956|-1.0068817
1468531767.976|-0.0191803|0.0084839|-1.0106659
1468531767.997|-0.0214844|0.0116272|-1.0054474
1468531768.018|-0.0228424|0.0083008|-1.0083008
1468531768.039|-0.0179443|0.0067596|-1.0087738
1468531768.06|-0.0198059|0.0113373|-1.0042572
1468531768.082|-0.0212708|-0.0153198|-1.0500793
1468531768.102|-0.0204926|0.0630341|-1.143631
1468531768.123|-0.0088501|0.036026|-1.0834961
1468531768.145|-0.0162048|-0.0298767|-0.8562927
1468531768.165|-0.0164337|0.0287628|-1.0887604
1468531768.186|-0.020401|0.0143585|-1.029068
1468531768.207|-0.0226898|-0.0054474|-0.9490662
1468531768.228|-0.0201263|0.0148773|-1.0363922
1468531768.249|-0.0187683|0.00914|-1.0033112
1468531768.271|-0.021637|0.006546|-0.9990845
1468531768.291|-0.0209503|0.01091|-1.0108948
1468531768.312|-0.0211639|0.0067902|-1.0021667
1468531768.333|-0.019928|0.0092163|-1.0101929
1468531768.355|-0.0197601|0.0101318|-1.0063934
1468531768.376|-0.0189667|0.0084381|-1.0052185
1468531768.397|-0.0201874|0.0089569|-1.0075989
1468531768.418|-0.0218658|0.0068054|-1.00383
1468531768.46|-0.0223999|0.0338593|-1.1192322
1468531768.481|-0.0168304|0.013916|-1.052002
1468531768.502|-0.0217896|-0.013855|-0.9101257
1468531768.523|-0.0171967|0.0192108|-1.0498199
1468531768.544|-0.0219421|0.012619|-1.0111084
1468531768.565|-0.0183105|0.0140076|-1.0144043
1468531768.586|-0.0238342|0.0097656|-1.0101929
1468531768.607|-0.0214691|0.0082092|-0.9971924
1468531768.628|-0.0182037|0.0101624|-1.0167847
1468531768.649|-0.0209503|0.0082092|-1.0007324
1468531768.67|-0.0223389|0.0068512|-1.0085602
1468531768.691|-0.0204315|0.0084686|-1.0057068
1468531768.712|-0.019928|0.0082397|-1.0078278
1468531768.733|-0.0326843|0.0415649|-1.1705322
1468531768.754|-0.0188599|-0.0264435|-0.9054565
1468531768.775|-0.0151062|0.0146332|-1.0571747
1468531768.796|-0.0207825|0.0181885|-1.0207672
1468531768.817|-0.0187378|-0.0018158|-0.9740906
1468531768.838|-0.0206451|0.0104523|-1.0139618
1468531768.859|-0.0189667|0.006485|-0.9988708
1468531768.881|-0.0235748|0.0112457|-1.0167999
1468531768.902|-0.0214081|0.007782|-1.0045166
1468531768.923|-0.022644|0.009964|-1.0066528
1468531768.944|-0.0187073|0.0082245|-1.0111237
1468531768.965|-0.0197754|0.0098724|-1.0023956
1468531768.986|-0.0194092|0.0072632|-1.008316
1468531769.007|-0.0170593|0.0091095|-1.0040436
1468531769.027|-0.0174408|0.0069885|-1.0113678
1468531769.048|-0.0204773|0.0103912|-1.0052032
1468531769.069|-0.0204163|0.0084839|-1.0083008
1468531769.09|-0.0207062|0.0108948|-1.0090027
1468531769.111|-0.022049|0.0051727|-1.0081024
1468531769.133|-0.0206299|0.0070343|-1.0052338
1468531769.153|-0.0236053|0.0102539|-1.0104065
1468531769.175|-0.0186768|0.0060272|-1.0057068
1468531769.196|-0.0197449|0.0094147|-1.0064087
1468531769.218|-0.0214844|0.0108795|-1.0028534
1468531769.238|-0.0214233|0.0087433|-1.0042725
1468531769.259|-0.0192566|0.0101318|-1.0068665
1468531769.28|-0.021698|0.0113983|-1.0075836
1468531769.301|-0.0194244|0.0075073|-1.00737
1468531769.322|-0.0194702|0.0094299|-1.0080719
1468531769.343|-0.0231628|0.0102081|-1.0045013
1468531769.364|-0.0165558|0.0093689|-1.0082855
1468531769.385|-0.0194244|0.0075073|-1.0085602
1468531769.406|-0.0187836|0.0103607|-1.0049744
1468531769.427|-0.0214233|0.0099487|-1.0075989
1468531769.448|-0.0179749|0.0086823|-1.0087585
1468531769.469|-0.022171|0.0097046|-1.0066528
1468531769.49|-0.0173035|0.0098267|-1.0033112
1468531769.511|-0.0236206|0.0097351|-1.0050049
1468531769.532|-0.0202332|0.0101471|-1.0049896
1468531769.553|-0.0197601|0.010376|-1.0068665
1468531769.574|-0.0197449|0.0091705|-1.0045166
1468531769.595|-0.0190125|0.0103607|-1.0059357
1468531769.617|-0.0173492|0.0122528|-1.0059052
1468531769.638|-0.0211792|0.009201|-1.0068817
1468531769.659|-0.023407|0.0121765|-1.0099487
1468531769.68|-0.0197601|0.0111084|-1.0070953
1468531769.701|-0.0187836|0.0101166|-1.0056763
1468531769.722|-0.0200195|0.0113525|-1.0066376
1468531769.743|-0.0232086|0.0116425|-1.0023804
1468531769.764|-0.0209808|0.0113831|-1.0090027
1468531769.785|-0.0205231|0.0132904|-1.0089874
1468531769.806|-0.0180511|0.0103302|-1.0037842
1468531769.827|-0.0209656|0.0099182|-1.0045166
1468531769.848|-0.0187378|0.0096436|-1.0099487
1468531769.869|-0.0211945|0.0094452|-1.0052185
1468531769.89|-0.0202484|0.0116119|-1.0073395
1468531769.911|-0.0200348|0.012558|-1.005188
1468531769.932|-0.0207062|0.0111389|-1.0080566
1468531769.953|-0.019516|0.010849|-1.0054474
1468531769.974|-0.0202789|0.0113373|-1.0028534
1468531769.995|-0.0185547|0.0120697|-1.0082703
1468531770.016|-0.0209808|0.0111237|-1.0066376
1468531770.038|-0.0229187|0.0109253|-1.0054474
1468531770.059|-0.0207214|0.0118713|-1.0085297
1468531770.08|-0.0209808|0.0113831|-1.0070953
1468531770.101|-0.0209656|0.0094452|-1.0040588
1468531770.122|-0.0218048|0.0053711|-1.005249
1468531770.143|-0.0218811|0.0087433|-1.0047607
1468531770.164|-0.0213928|0.0082703|-1.0071106
1468531770.185|-0.0192413|0.0103912|-1.0075836
1468531770.206|-0.0209503|0.0099182|-1.0059509
1468531770.227|-0.0213776|0.0075531|-1.00737
1468531770.248|-0.0241089|0.0099945|-1.0054626
1468531770.269|-0.0194702|0.0091705|-1.0047607
1468531770.29|-0.0201569|0.008255|-1.0104218
1468531770.311|-0.0211487|0.0087433|-1.0078278
1468531770.332|-0.0205078|0.0118408|-1.0068665
1468531770.353|-0.0211639|0.0089722|-1.0087738
1468531770.374|-0.0197906|0.0113373|-1.0063934
1468531770.395|-0.0214233|0.0094757|-1.0090179
1468531770.417|-0.0216522|0.0092163|-1.0057068
1468531770.437|-0.0182648|0.0091248|-1.0026093
1468531770.458|-0.0209503|0.0118866|-1.0113525
1468531770.479|-0.0206604|0.0084839|-1.0057068
1468531770.5|-0.0204163|0.0084839|-1.0071106
1468531770.521|-0.019165|0.0082397|-1.012085
1468531770.542|-0.0191803|0.0065155|-1.00383
1468531770.564|-0.0182343|0.0098724|-1.0099487
1468531770.584|-0.0193939|0.006546|-1.007843
1468531770.604|-0.0200195|0.0118408|-1.0059357
1468531770.625|-0.0213776|0.0087585|-1.009964
1468531770.646|-0.01828|0.0098419|-1.0035553
1468531770.667|-0.0197449|0.0094147|-1.0059509
1468531770.688|-0.0202179|0.0108948|-1.0101776
1468531770.712|-0.0299988|0.0223236|-1.0396729
1468531770.73|-0.0363312|0.0037079|-0.9421692
1468531770.752|-0.0228882|0.0102234|-1.0070953
1468531770.773|-0.0212097|-0.0022888|-0.9641571
1468531770.795|-0.0182037|0.019455|-1.0462646
1468531770.815|-0.0202026|0.0116425|-1.0139618
1468531770.836|-0.0211945|0.0050507|-0.9908447
1468531770.857|-0.0187531|0.0111084|-1.0115814
1468531770.882|-0.0201874|0.0087128|-1.0064087
1468531770.899|0.0795898|-0.0224609|-1.1271515
1468531770.92|-0.0306396|0.0146484|-0.9926758
1468531770.942|-0.0174713|-0.0096283|-0.9542694
1468531770.962|-0.0167389|0.0135651|-1.0292969
1468531770.983|-0.0162201|0.0162506|-1.042511
1468531771.004|-0.0197906|0.0071716|-0.9896393
1468531771.025|-0.0162048|0.0059814|-1.009964
1468531771.067|-0.0351105|-0.0112305|-0.8940582
1468531771.088|-0.0272064|0.0039978|-0.993927
1468531771.112|-0.0217896|0.0105743|-0.9896088
1468531771.131|-0.0192261|0.0192108|-1.0389709
1468531771.151|-0.0184937|0.0045166|-0.9901123
1468531771.173|-0.0170593|0.0078735|-1.0000153
1468531771.193|-0.0254822|0.0145416|-0.9964447
1468531771.214|0.00354|-0.0152435|-0.9850006
1468531771.235|-0.0046844|-0.0008545|-1.0366821
1468531771.256|-0.0101776|0.0065155|-1.0418549
1468531771.277|-0.030899|0.002655|-0.9490356
1468531771.299|-0.020874|0.0158539|-1.0363922
1468531771.32|-0.0214233|0.0077667|-1.0019226
1468531771.341|-0.0227966|0.0070953|-1.0092621
1468531771.363|-0.0218964|0.0099487|-1.0085449
1468531771.405|-0.0050201|-0.0026245|-1.0177917
1468531771.424|-0.0185394|0.0049286|-1.0229797
1468531771.444|-0.0182495|0.0015717|-0.9811401
1468531771.486|-0.0194397|0.0057831|-1.0002747
1468531771.507|-0.0175781|0.0083618|-0.9960022
1468531771.529|-0.0196991|0.0104218|-1.0139618
1468531771.55|-0.0370026|0.0131226|-0.9458923
1468531771.571|-0.0432587|0.0023193|-0.9199829
1468531771.591|-0.0175018|0.0091553|-1.0111237
1468531771.612|-0.0132141|0.0045319|-1.0175323
1468531771.633|-0.0229187|0.0123901|-1.0092163
1468531771.654|-0.0160217|0.0162201|-1.0370789
1468531771.677|-0.0182648|0.0049896|-0.9898834
1468531771.698|-0.0194397|0.0082245|-1.0080719
1468531771.719|-0.0418549|0.0382996|-1.102951
1468531771.739|-0.0247192|-0.0059662|-0.9348755
1468531771.762|-0.0169373|0.006012|-1.0104218
1468531771.782|-0.0194397|0.0016327|-0.9861145
1468531771.804|-0.0245819|0.015152|-1.0259857
1468531771.825|-0.0202179|0.0121307|-1.0151367
1468531771.847|-0.0187988|0.0064392|-0.990097
1468531771.866|-0.0191803|0.0094604|-1.0142059
1468531771.887|-0.0208435|0.0063477|-1.0111542
1468531771.908|0.0639191|0.0065002|-1.2761841
1468531771.927|-0.0198822|-0.0014954|-0.982605
1468531771.949|-0.0196381|0.0065613|-1.010437
1468531771.97|-0.0184784|0.0016022|-0.9846954
1468531771.991|-0.0198669|0.013916|-1.0352173
1468531772.012|-0.0201569|0.0075226|-1.0080872
1468531772.033|-0.0194244|0.0036011|-0.9948578
1468531772.054|-0.0187378|0.0086823|-1.0066376
1468531772.096|-0.0157318|-0.0162506|-0.9363403
1468531772.117|-0.0232391|0.0093536|-1.0229645
1468531772.138|-0.0203705|-0.0022278|-0.9792938
1468531772.161|-0.0201569|0.0077667|-1.0083008
1468531772.18|-0.0189819|0.0189514|-1.0389862
1468531772.201|-0.0211182|0.0019226|-0.9906158
1468531772.222|-0.0198669|0.0063324|-1.0111542
1468531772.243|-0.0175629|0.0103302|-1.0059204
1468531772.264|-0.0204315|0.01091|-1.0151367
1468531772.285|-0.0183868|0.0036316|-1.0040741
1468531772.306|-0.0207062|0.0101624|-1.0054474
1468531772.327|-0.020813|0.0036774|-1.0047913
1468531772.348|-0.0218048|0.0065918|-1.0092621
1468531772.369|-0.0229187|0.010437|-1.0030823
1468531772.39|-0.0196686|0.0067902|-1.0085602
1468531772.411|-0.0184479|0.0067596|-1.0050049
1468531772.433|-0.0216064|0.0080261|-1.0083008
1468531772.454|-0.0223541|0.0070648|-1.0052338
1468531772.475|-0.0202026|0.0104218|-1.0104065
1468531772.496|-0.0187378|0.0074768|-1.0042725
1468531772.517|-0.0197601|0.0101318|-1.0047455
1468531772.538|-0.0216217|0.0087585|-1.0087738
1468531772.559|-0.019928|0.0075073|-1.006424
1468531772.58|-0.0213776|0.0082703|-1.0094757
1468531772.601|-0.0209656|0.0106354|-1.0047455
1468531772.622|-0.0208893|0.008255|-1.0092468
1468531772.643|-0.019455|0.0079498|-1.0035706
1468531772.664|-0.0219116|0.0096893|-1.0054626
1468531772.685|-0.0211792|0.0094604|-1.0071106
1468531772.706|-0.0182037|0.0072174|-1.0054626
1468531772.727|-0.0206451|0.0084991|-1.0078278
1468531772.748|-0.01828|0.0103455|-1.0054321
1468531772.769|-0.0191498|0.0058136|-1.006424
1468531772.79|-0.0197449|0.0098877|-1.0066528
1468531772.811|-0.0206451|0.0087433|-1.0071106
1468531772.832|-0.0250244|0.0081024|-1.0075989
1468531772.853|-0.0184479|0.0069885|-1.0068817
1468531772.874|-0.0216217|0.0070496|-1.0045319
1468531772.895|-0.0197449|0.0101471|-1.0090027
1468531772.916|-0.0184479|0.0067596|-1.0047607
1468531772.938|-0.0197296|0.0084534|-1.0040588
1468531772.959|-0.0206451|0.0079956|-1.0068817
1468531772.979|-0.016571|0.0095825|-1.0063934
1468531773.001|-0.0197144|0.0074768|-1.00383
1468531773.022|-0.019455|0.0086975|-1.0066528
1468531773.043|-0.0212097|0.0096741|-1.0042725
1468531773.064|-0.0197296|0.009903|-1.0075989
1468531773.085|-0.0209198|0.0084839|-1.0054626
1468531773.105|-0.0191956|0.0070038|-1.0045319
1468531773.126|-0.0187378|0.0086823|-1.0068665
1468531773.147|-0.0213776|0.0072937|-1.0054779
1468531773.168|-0.0219269|0.0096741|-1.0028687
1468531773.191|-0.0171814|0.0067596|-1.012085
1468531773.211|-0.0223999|0.0087433|-1.0038147
1468531773.233|-0.019455|0.0084534|-1.0061646
1468531773.254|-0.020874|0.0072937|-1.0085602
1468531773.274|-0.0196686|0.0065308|-1.0054779
1468531773.295|-0.0182037|0.0086823|-1.0097046
1468531773.316|-0.0189819|0.0089111|-1.0068817
1468531773.337|-0.0209503|0.0099182|-1.0054626
1468531773.357|-0.0191803|0.0072479|-1.006897
1468531773.378|-0.0215607|0.0056305|-1.0071259
1468531773.399|-0.0198975|0.0077667|-1.0094757
1468531773.42|-0.0184784|0.0084381|-1.0068665
1468531773.441|-0.0198059|0.0120697|-1.0049896
1468531773.463|-0.0182648|0.0093842|-1.0047455
1468531773.484|-0.0194702|0.0089264|-1.0066528
1468531773.505|-0.0213928|0.0075378|-1.0050201
1468531773.526|-0.0223389|0.0080414|-1.0094757
1468531773.547|-0.0213776|0.0063171|-1.0026398
1468531773.568|-0.0184631|0.0077209|-1.0052032
1468531773.589|-0.0202179|0.0096588|-1.0054626
1468531773.61|-0.022171|0.0089874|-1.0045166
1468531773.631|-0.0202026|0.0096741|-1.0073547
1468531773.653|-0.0155334|0.0069122|-1.0052185
1468531773.673|-0.0180206|0.0093842|-1.0049896
1468531773.695|-0.016571|0.0103302|-1.0077972
1468531773.716|-0.0187073|0.0079651|-1.0078125
1468531773.737|-0.0206909|0.0099182|-1.0052185
1468531773.758|-0.0184937|0.0096436|-1.0073395
1468531773.779|-0.0163116|0.008606|-1.0030823
1468531773.799|-0.0204163|0.0084839|-1.0087738
1468531773.822|-0.0192871|0.0113373|-1.0068665
1468531773.843|-0.0209961|0.0111237|-1.0040436
1468531773.864|-0.0194855|0.0094147|-1.0059509
1468531773.884|-0.0209503|0.0091858|-1.0028687
1468531773.905|-0.0218353|0.006073|-1.00383
1468531773.928|-0.0189819|0.0084229|-1.0033264
1468531773.947|-0.0207062|0.0106354|-1.0056915
1468531773.968|-0.019455|0.0089417|-1.0075989
1468531773.989|-0.0196686|0.007019|-1.0071259
1468531774.01|-0.0189972|0.010376|-1.0075836
1468531774.031|-0.0189667|0.0089264|-1.0073547
1468531774.052|-0.0186615|0.0065308|-1.0092468
1468531774.075|-0.0170898|0.0100555|-1.0028381
1468531774.096|-0.0207367|0.0113678|-1.0054474
1468531774.117|-0.021637|0.0092316|-1.0073547
1468531774.138|-0.0211487|0.0079956|-1.0057068
1468531774.159|-0.023056|0.0070953|-1.0071259
1468531774.179|-0.021225|0.0111237|-1.0066376
1468531774.2|-0.0182648|0.00914|-1.0045013
1468531774.221|-0.021698|0.0108948|-1.0063934
1468531774.242|-0.0206146|0.0063171|-1.004776
1468531774.263|-0.0199585|0.0091858|-1.0064087
1468531774.284|-0.0206757|0.0089569|-1.0057068
1468531774.305|-0.0216675|0.0094604|-1.0050049
1468531774.326|-0.0217133|0.0113831|-1.0063934
1468531774.347|-0.0199585|0.0091858|-1.0047607
1468531774.368|-0.0192413|0.0094147|-1.0059509
1468531774.389|-0.0188904|0.0060425|-1.008316
1468531774.41|-0.0196686|0.0065308|-1.0066681
1468531774.431|-0.0201569|0.0084839|-1.0097198
1468531774.452|-0.0192261|0.0086823|-1.0038147
1468531774.473|-0.0172577|0.0081635|-1.0047455
1468531774.494|-0.0211792|0.0106659|-1.0104065
1468531774.515|-0.0206757|0.009201|-1.0052185
1468531774.536|-0.0184937|0.008667|-1.0035553
1468531774.557|-0.0158539|0.0102997|-1.006134
1468531774.578|-0.0204773|0.0103912|-1.0061493
1468531774.599|-0.0178375|0.0112915|-1.0047302
1468531774.62|-0.0209808|0.0118713|-1.0080566
1468531774.641|-0.1259613|0.041748|-0.9390564
1468531774.668|-0.1367493|0.017807|-0.6768494
1468531774.684|-0.0121307|0.010437|-1.050827
1468531774.704|-0.0240479|-0.0128784|-0.906311
1468531774.727|-0.0178986|0.0243835|-1.0712891
1468531774.746|-0.019989|0.014801|-1.0212555
1468531774.768|-0.0226135|0.0009766|-0.9828186
1468531774.789|-0.0184631|0.0106354|-1.0144196
1468531774.81|-0.0162354|0.0064697|-1.0085449
1468531774.831|-0.0202179|0.0096588|-1.0054626
1468531774.852|-0.0231476|0.0102081|-1.0061493
1468531774.873|-0.0206757|0.0099335|-1.0073547
1468531774.893|-0.0204315|0.0094452|-1.009964
1468531774.914|-0.019455|0.0086975|-1.0066528
1468531774.936|-0.0179749|0.0091553|-1.0092316
1468531774.957|-0.0194855|0.0096436|-1.0050049
1468531774.978|-0.0170746|0.0108032|-1.0082703
1468531774.999|-0.0206757|0.0101776|-1.0092316
1468531775.02|-0.0187378|0.0067444|-1.0016785
1468531775.041|-0.0197296|0.0101471|-1.0094604
1468531775.062|-0.0189972|0.010849|-1.0097046
1468531775.083|-0.0211945|0.0082245|-1.0012054
1468531775.104|-0.0191803|0.0084686|-1.009964
1468531775.125|-0.0218811|0.0087433|-1.0050049
1468531775.146|-0.0218964|0.008728|-1.0033264
1468531775.167|-0.0179596|0.0079498|-1.0090027
1468531775.188|-0.0209656|0.0101624|-1.0054474
1468531775.209|-0.019516|0.010376|-1.0040436
1468531775.23|-0.0218658|0.0080109|-1.0054626
1468531775.251|-0.0191803|0.0079803|-1.0071106
1468531775.272|-0.0209351|0.0099335|-1.0090179
1468531775.293|-0.0179749|0.008194|-1.0075836
1468531775.314|-0.0199738|0.0094299|-1.0054626
1468531775.335|-0.0199432|0.009201|-1.0071106
1468531775.357|-0.0218811|0.0087433|-1.0047607
1468531775.377|-0.0216217|0.007782|-1.0054626
1468531775.399|-0.0216217|0.0068054|-1.0028839
1468531775.42|-0.0204773|0.0106201|-1.0063934
1468531775.441|-0.0218811|0.0084991|-1.0050049
1468531775.462|-0.0187225|0.0089417|-1.0108948
1468531775.483|-0.0189819|0.0091553|-1.0050049
1468531775.504|0.0722504|-0.052124|-1.127182
1468531775.525|0.0102386|0.0644836|-1.2348022
1468531775.546|-0.0004578|0.0435028|-1.127655
1468531775.567|-0.0530701|-0.0303192|-0.8001404
1468531775.588|-0.0279236|-0.0164337|-0.8945312
1468531775.609|-0.0211639|0.0307465|-1.080246
1468531775.63|-0.0192413|0.0184631|-1.0349579
1468531775.651|-0.0209961|0.0040436|-0.9799652
1468531775.672|-0.0204163|0.0094604|-1.0116119
1468531775.693|-0.021637|0.0102081|-1.0125427
1468531775.714|-0.019989|0.0116119|-1.0092316
1468531775.735|-0.0206451|0.0058136|-1.0002747
1468531775.756|-0.019928|0.0079803|-1.0057068
1468531775.777|-0.0216217|0.0090027|-1.0101929
1468531775.798|-0.0179749|0.0067291|-1.0035706
1468531775.82|-0.0210266|0.0147705|-1.011322
1468531775.841|0.083847|0.0054626|-1.442337
1468531775.86|0.069397|0.1191406|-1.4600525
1468531775.882|0.000412|0.0892487|-1.2292023
1468531775.903|-0.0288391|0.0102692|-0.9931641
1468531775.924|-0.006012|-0.0709534|-0.7215576
1468531775.946|-0.0166473|0.0351257|-1.1132965
1468531775.966|-0.0182953|0.037735|-1.0957947
1468531775.987|-0.0180817|0.0137482|-1.0101471
1468531776.008|-0.0215454|-0.0038147|-0.947403
1468531776.029|-0.0223541|0.0043945|-0.9976959
1468531776.05|-0.0165253|0.0123138|-1.0207825
1468531776.071|-0.0200043|0.0106049|-1.0030823
1468531776.093|-0.0214081|0.0070343|-1.0024109
1468531776.114|-0.0202026|0.0104065|-1.0097046
1468531776.135|-0.0218658|0.0089874|-1.0094757
1468531776.156|-0.0241241|0.0078125|-0.9979095
1468531776.177|-0.0197601|0.0123291|-1.0120544
1468531776.198|-0.0201416|0.0087433|-1.0123138
1468531776.219|-0.0221405|0.0085144|-1.0068817
1468531776.24|-0.0182037|0.0089264|-1.0115967
1468531776.261|-0.0209503|0.0106506|-1.0075836
1468531776.282|-0.0213928|0.0063171|-1.0019379
1468531776.303|-0.0214233|0.0106659|-1.0097046
1468531776.324|-0.0206604|0.0089722|-1.0075989
1468531776.345|-0.0198822|0.0060577|-1.0061798
1468531776.366|-0.0175781|0.0125122|-1.0094299
1468531776.387|-0.0221863|0.0099335|-1.0035706
1468531776.408|-0.0200348|0.0110931|-1.0023804
1468531776.429|-0.0177917|0.0105743|-1.0077972
1468531776.45|-0.0185394|0.0101013|-1.0028381
1468531776.471|-0.0218506|0.0072937|-1.006897
1468531776.492|0.0056305|0.045578|-1.1377869
1468531776.513|-0.0167999|0.0262299|-1.0623016
1468531776.534|-0.02005|-0.0072479|-0.9381866
1468531776.556|-0.0224915|-0.0037689|-0.9511719
1468531776.577|-0.0199585|0.0214081|-1.0467529
1468531776.598|-0.0189362|0.0116425|-1.0200958
1468531776.618|-0.0179901|0.006958|-1.0016785
1468531776.639|-0.0211945|0.0094452|-1.0057068
1468531776.661|-0.0160828|0.010788|-1.0094452
1468531776.682|-0.0189819|0.010376|-1.0099487
1468531776.703|-0.0204773|0.0098877|-1.0030975
1468531776.724|-0.0189209|0.0077362|-1.0094757
1468531776.745|-0.0207062|0.0106354|-1.0066376
1468531776.766|-0.0214386|0.0111694|-1.0106506
1468531776.786|-0.0184937|0.0094147|-1.0078125
1468531776.807|-0.0183258|0.0090942|-0.995285
1468531776.828|-0.0204468|0.0133362|-1.0186768
1468531776.849|-0.0189209|0.0065155|-1.005722
1468531776.87|-0.0195312|0.009613|-0.9998016
1468531776.891|-0.0192566|0.0108643|-1.0087585
1468531776.912|-0.0216827|0.0096741|-1.0030975
1468531776.933|-0.0182953|0.0103455|-1.0044861
1468531776.954|-0.0202484|0.0118561|-1.0087585
1468531776.975|-0.0190582|0.0105591|-0.9992981
1468531776.996|-0.0197296|0.0094299|-1.0080719
1468531777.016|-0.0222473|0.0118713|-1.0023804
1468531777.038|-0.0196838|0.0072479|-1.006897
1468531777.059|-0.0175476|0.0105743|-1.0085144
1468531777.08|-0.0234375|0.0119019|-1.0037994
1468531777.101|-0.019989|0.0101471|-1.0059357
1468531777.122|-0.0218811|0.0106812|-1.0113525
1468531777.143|-0.0198975|0.0072784|-1.007843
1468531777.164|-0.0204773|0.0111237|-1.0070953
1468531777.184|-0.0197144|0.0084534|-1.0047607
1468531777.205|-0.0221405|0.007782|-1.0038147
1468531777.226|-0.019455|0.009903|-1.009964
1468531777.247|-0.0209961|0.0121155|-1.0073395
1468531777.268|-0.0189819|0.0089111|-1.0054626
1468531777.289|-0.0219116|0.0099335|-1.0054626
1468531777.31|-0.0204926|0.0108643|-1.0054474
1468531777.331|-0.0214539|0.0104218|-1.0068665
1468531777.352|-0.0192566|0.0118408|-1.0097046
1468531777.374|-0.0189819|0.0098877|-1.0083008
1468531777.395|-0.0192108|0.0099182|-1.01091
1468531777.415|-0.02005|0.0125427|-1.00354
1468531777.437|-0.0209961|0.0113678|-1.0066376
1468531777.458|-0.0185242|0.0103607|-1.0068512
1468531777.479|-0.0192261|0.0094299|-1.0073547
1468531777.5|-0.0223999|0.009964|-1.0073547
1468531777.521|-0.0222015|0.0114136|-1.0075836
1468531777.542|-0.0224304|0.0101929|-1.0056915
1468531777.563|-0.0214386|0.0099335|-1.0066528
1468531777.584|-0.0204163|0.0084839|-1.0071106
1468531777.605|-0.0190277|0.0110779|-1.0063934
1468531777.626|-0.0189514|0.0082092|-1.0087738
1468531777.647|-0.0211945|0.0106506|-1.0070953
1468531777.668|-0.0197601|0.010376|-1.0063934
1468531777.689|-0.0216675|0.0099335|-1.0064087
1468531777.71|-0.0209656|0.0094299|-1.0028687
1468531777.731|-0.0209351|0.0099335|-1.0085449
1468531777.752|-0.0217438|0.0121155|-1.0045013
1468531777.773|-0.0220184|0.0130615|-1.0018921
1468531777.794|-0.0214996|0.0128479|-1.0077972
1468531777.815|-0.0243378|0.0088043|-1.0045166
1468531777.836|-0.0212097|0.009903|-1.0030975
1468531777.857|-0.0235748|0.0078278|-1.0047607
1468531777.878|-0.0200348|0.0115967|-1.0040436
1468531777.9|-0.0176086|0.0120239|-1.0066223
1468531777.921|-0.0186768|0.0057983|-1.0068817
1468531777.941|-0.0221558|0.0092316|-1.0059509
1468531777.963|-0.0175171|0.0081635|-1.0052032
1468531777.984|-0.020462|0.0096588|-1.0050049
1468531778.005|-0.0206451|0.0087433|-1.0071106
1468531778.026|-0.0187836|0.0105896|-1.006134
1468531778.047|-0.0192108|0.0074921|-1.0042877
1468531778.068|-0.0180511|0.0103302|-1.003067
1468531778.089|-0.0196838|0.008728|-1.0104218
1468531778.11|-0.0216827|0.0101776|-1.0049896
1468531778.131|-0.0191956|0.0082245|-1.0087738
1468531778.152|-0.0207367|0.0116119|-1.0047455
1468531778.172|-0.0201416|0.0072784|-1.008316
1468531778.193|-0.0197906|0.0118256|-1.0066376
1468531778.215|-0.0175934|0.0112915|-1.005188
1468531778.236|-0.0219727|0.013092|-1.0073242
1468531778.257|-0.0228882|0.009964|-1.0064087
1468531778.278|-0.0224609|0.0116425|-1.0056915
1468531778.299|-0.020462|0.0106354|-1.0070953
1468531778.32|-0.0197144|0.0089417|-1.0090179
1468531778.341|-0.0166168|0.010788|-1.0040283
1468531778.362|-0.0214691|0.0116425|-1.0075836
1468531778.383|-0.0223846|0.0090027|-1.0071106
1468531778.404|-0.0192108|0.0082092|-1.0068817
1468531778.425|-0.0221405|0.0092468|-1.0075989
1468531778.446|-0.0194702|0.0096588|-1.0075989
1468531778.467|-0.0226288|0.0090027|-1.0052185
1468531778.488|-0.0197449|0.0098877|-1.0061646
1468531778.509|-0.0224609|0.0108948|-1.0030823
1468531778.53|-0.0198059|0.0120697|-1.0063934
1468531778.551|-0.0187225|0.0079498|-1.0063934
1468531778.572|-0.0189667|0.0091705|-1.0085449
1468531778.593|-0.0182037|0.0086823|-1.0092316
1468531778.614|-0.022644|0.0087585|-1.0019226
1468531778.636|-0.0211334|0.0075378|-1.0080872
1468531778.657|-0.0219574|0.0123596|-1.0087433
1468531778.678|-0.0214386|0.0089569|-1.0028687
1468531778.699|-0.0142822|0.0650024|-1.0320129
1468531778.72|-0.0838013|-0.0240784|-0.703949
1468531778.742|-0.0204468|0.0198822|-1.0744171
1468531778.762|-0.0171051|-0.006073|-0.9457397
1468531778.784|-0.0184326|0.0089569|-1.0149078
1468531778.805|-0.0196991|0.0162811|-1.0340271
1468531778.825|-0.0201874|0.009201|-1.0071106
1468531778.846|-0.0186615|0.0033569|-1.0000458
1468531778.867|-0.0199585|0.0123749|-1.0170288
1468531778.888|-0.0192719|0.0103607|-1.0037994
1468531778.909|-0.0206757|0.0070038|-0.9983826
1468531778.93|-0.0201416|0.0084991|-1.0116119
1468531778.951|-0.0228577|0.0077972|-1.0030975
1468531778.972|-0.0192871|0.0110931|-1.0042572
1468531778.993|-0.0209351|0.0099335|-1.0080719
1468531779.014|-0.0205231|0.0110931|-1.0014343
1468531779.035|-0.0204468|0.0074921|-1.0012207
1468531779.056|-0.0231323|0.0126648|-1.0141754
1468531779.077|-0.0219421|0.0094452|-1.0019226
1468531779.098|-0.0206451|0.0067902|-1.0026398
1468531779.119|-0.021637|0.0102081|-1.0115967
1468531779.14|-0.0206451|0.0053101|-0.9972229
1468531779.162|-0.0184937|0.0108643|-1.0120544
1468531779.183|-0.0236359|0.009964|-1.0033264
1468531779.204|-0.0185394|0.0105896|-1.0044861
1468531779.225|-0.0232086|0.0128632|-1.0049744
1468531779.246|-0.0216675|0.0089722|-1.0040588
1468531779.267|-0.0192566|0.0108643|-1.0090027
1468531779.288|-0.021698|0.0126038|-1.0096893
1468531779.309|-0.0173187|0.0105591|-1.0040283
1468531779.33|-0.0184937|0.0094147|-1.0073395
1468531779.351|-0.02388|0.0112|-1.0082855
1468531779.372|-0.0189667|0.0084381|-1.0057068
1468531779.393|-0.0216217|0.0080109|-1.0068817
1468531779.414|-0.02005|0.0132751|-1.0056763
1468531779.435|-0.0209503|0.0089417|-1.0028687
1468531779.456|-0.0218811|0.008255|-1.0064087
1468531779.477|-0.0171051|0.0107727|-1.0032959
1468531779.498|-0.0216522|0.0097046|-1.0087738
1468531779.519|-0.0199585|0.0082092|-1.0035706
1468531779.54|-0.0170898|0.0120239|-1.0094452
1468531779.561|-0.0205078|0.0123291|-1.0082703
1468531779.582|-0.0179749|0.0077057|-1.0049896
1468531779.604|-0.0185089|0.0098724|-1.0068665
1468531779.625|-0.0203857|0.0084991|-1.0116119
1468531779.645|-0.0211792|0.0094604|-1.0071106
1468531779.666|-0.0197906|0.0123138|-1.0085144
1468531779.687|-0.021225|0.0106201|-1.0037994
1468531779.709|-0.0214233|0.0089722|-1.0054626
1468531779.73|-0.0197449|0.0101471|-1.0085297
1468531779.751|-0.0204315|0.0075073|-1.0040741
1468531779.772|-0.0200043|0.0113678|-1.0080566
1468531779.793|-0.0214386|0.0094604|-1.0066528
1468531779.814|-0.0211487|0.0084991|-1.0085449
1468531779.835|-0.0216827|0.0101776|-1.0061493
1468531779.856|-0.0226288|0.0099792|-1.0075989
1468531779.877|-0.0189819|0.0098877|-1.0071106
1468531779.898|-0.0226288|0.0104828|-1.0106506
1468531779.919|-0.0231476|0.0106812|-1.0052032
1468531779.94|0.0915833|-0.060318|-1.0141754
1468531779.961|0.0164948|0.0177307|-1.0019989
1468531779.982|-0.0232391|0.0042877|-0.9733429
1468531780.003|-0.019455|0.0050507|-0.9951019
1468531780.024|-0.0235291|0.0127411|-1.028595
1468531780.045|-0.0197906|0.0135345|-1.0132294
1468531780.066|-0.0209656|0.0084534|-0.9990692
1468531780.087|-0.0209503|0.0079651|-0.9990692
1468531780.108|-0.019989|0.0125885|-1.0132294
1468531780.129|-0.0215607|0.0051422|-1.0064392
1468531780.15|-0.0209045|0.0075226|-1.006897
1468531780.171|-0.0180359|0.0118103|-1.0096893
1468531780.192|-0.0197754|0.0101166|-1.0035553
1468531780.213|-0.019455|0.0074768|-1.0028839
1468531780.235|-0.0194397|0.009201|-1.01091
1468531780.256|-0.0190277|0.0083923|-0.9974213
1468531780.277|-0.0187683|0.0098724|-1.0068665
1468531780.298|-0.0197906|0.0132904|-1.0106354
1468531780.319|-0.0202484|0.0084381|-0.9981232
1468531780.34|-0.0218964|0.0102081|-1.0101776
1468531780.361|-0.0185089|0.0093994|-1.0063934
1468531780.382|-0.0202179|0.0106354|-1.0080566
1468531780.403|-0.0211792|0.010437|-1.0101776
1468531780.423|-0.0209503|0.0099182|-1.0066528
1468531780.445|-0.0211639|0.0082397|-1.0054626
1468531780.465|-0.0206604|0.0099335|-1.0094757
1468531780.487|-0.0203857|0.0072784|-1.0080872
1468531780.508|-0.0211945|0.0099182|-1.0064087
1468531780.529|-0.0219116|0.0094604|-1.0057068
1468531780.55|-0.0194092|0.0065308|-1.0054779
1468531780.571|-0.0214081|0.007782|-1.0042725
1468531780.591|-0.0214081|0.0087433|-1.0057068
1468531780.612|-0.0192108|0.0084534|-1.0047607
1468531780.633|-0.0219421|0.0111389|-1.0066376
1468531780.654|-0.0214233|0.0079956|-1.0012054
1468531780.675|-0.016037|0.0066833|-1.0035706
1468531780.696|-0.0202484|0.0116119|-1.0075836
1468531780.718|-0.0184631|0.0069733|-1.0028687
1468531780.739|-0.0189514|0.0086975|-1.0075989
1468531780.76|-0.018692|0.0075073|-1.0104218
1468531780.781|-0.0182495|0.0098724|-1.0070953
1468531780.802|-0.0206451|0.0089722|-1.0092468
1468531780.823|-0.0193939|0.0063019|-1.0087891
1468531780.844|-0.0185852|0.0120544|-1.0044861
1468531780.865|-0.0222168|0.0123749|-1.0070801
1468531780.886|-0.0207214|0.009903|-1.0023956
1468531780.908|-0.0189972|0.0096283|-1.0064087
1468531780.928|-0.0192413|0.0096436|-1.0054626
1468531780.95|-0.0180054|0.0088959|-1.0059357
1468531780.971|-0.0189819|0.0094147|-1.0078278
1468531780.998|-0.1208344|0.0370789|-0.893692
1468531781.013|-0.1263275|0.0143127|-0.6955261
1468531781.034|-0.0327301|0.0123291|-0.9986267
1468531781.055|-0.0159302|0.0011444|-0.9998322
1468531781.076|-0.0219269|0.0079651|-0.9964752
1468531781.097|-0.0160217|0.0162201|-1.0361328
1468531781.119|-0.0204315|0.0065155|-1.0002747
1468531781.139|-0.0194397|0.0069885|-1.0031128
1468531781.16|-0.018219|0.0089111|-1.0094604
1468531781.181|-0.0194702|0.0108795|-1.0120697
1468531781.202|-0.0182953|0.0100861|-1.002594
1468531781.223|-0.0184479|0.0089417|-1.0120697
1468531781.244|-0.0229187|0.0097046|-1.0012054
1468531781.265|-0.0172272|0.0062256|-1.0028687
1468531781.286|-0.0209045|0.0097046|-1.0123138
1468531781.308|0.141449|0.0146027|-1.5054932
1468531781.328|0.0434875|0.0233917|-1.1938629
1468531781.349|-0.0108643|0.0176239|-1.0484009
1468531781.371|-0.0185089|-0.0223694|-0.901886
1468531781.394|-0.0135651|0.0051727|-1.0024109
1468531781.413|-0.0182953|0.0252686|-1.0542755
1468531781.434|-0.0214233|0.0077515|-1.0007324
1468531781.455|-0.0183258|0.0061646|-0.9853668
1468531781.476|-0.0197601|0.0093994|-1.0038147
1468531781.497|-0.0192261|0.0103912|-1.0099487
1468531781.518|-0.0180054|0.00914|-1.0063934
1468531781.539|-0.0180206|0.0098572|-1.0061493
1468531781.559|-0.0194397|0.0087128|-1.0071106
1468531781.581|-0.0200043|0.0094147|-1.0012054
1468531781.602|-0.0211792|0.0119019|-1.0146637
1468531781.624|-0.0192261|0.0067444|-0.9993286
1468531781.644|-0.0204773|0.0089264|-1.0019226
1468531781.666|-0.1126404|-0.0437469|-0.4459991
1468531781.686|-0.1390228|0.0304718|-0.7415466
1468531781.708|-0.0136414|0.0652008|-1.1230316
1468531781.728|-0.0083923|0.0401611|-1.095047
1468531781.749|-0.032547|-0.0346069|-0.800354
1468531781.771|-0.0297089|0.0025635|-0.9804688
1468531781.792|-0.0135651|0.0271759|-1.0753021
1468531781.813|-0.0216675|0.0143433|-1.0219879
1468531781.834|-0.0183716|0.0080872|-0.9867706
1468531781.855|-0.0192261|0.0074768|-1.0019379
1468531781.876|-0.0189972|0.0093994|-1.0050049
1468531781.897|-0.0182648|0.0128174|-1.0170135
1468531781.918|-0.0214081|0.0072784|-1.0009918
1468531781.939|-0.0211487|0.0079956|-1.0061646
1468531781.96|-0.0216522|0.0097046|-1.0080719
1468531781.981|-0.0226898|0.0096893|-0.9995575
1468531782.002|-0.0204315|0.012146|-1.0179901
1468531782.023|-0.0225983|0.0060883|-0.9983826
1468531782.044|-0.0206909|0.0091858|-1.0038147
1468531782.065|-0.0216064|0.0097351|-1.015625
1468531782.086|-0.0194855|0.0072174|-0.9976807
1468531782.107|-0.020401|0.007019|-1.0050201
1468531782.129|-0.0219116|0.0116577|-1.0132446
1468531782.149|-0.0184784|0.0084381|-1.0054474
1468531782.17|-0.0196991|0.0072327|-1.0033417
1468531782.191|-0.0191803|0.0084686|-1.0094757
1468531782.212|-0.0199738|0.0096588|-1.0066528
1468531782.233|-0.019928|0.0084839|-1.0075989
1468531782.254|-0.0191803|0.0070038|-1.0052338
1468531782.275|-0.0204315|0.0096893|-1.0101929
1468531782.296|-0.0170135|0.0079041|-1.0066376
1468531782.317|-0.0219574|0.0121307|-1.0070953
1468531782.339|-0.0180359|0.0098572|-1.0042572
1468531782.36|-0.0190277|0.0110779|-1.0068665
1468531782.381|-0.0197449|0.0094147|-1.0059509
1468531782.402|-0.0196991|0.0087128|-1.0075989
1468531782.423|-0.0202179|0.0094299|-1.0052185
1468531782.444|-0.02005|0.0113373|-1.0016632
1468531782.465|-0.0191956|0.0089417|-1.009964
1468531782.487|-0.0221558|0.0084991|-1.0038147
1468531782.508|-0.0214691|0.0111389|-1.0056915
1468531782.529|-0.019455|0.0089417|-1.0071106
1468531782.549|-0.019989|0.0111237|-1.0082855
1468531782.571|-0.0192413|0.0096436|-1.0066528
1468531782.592|-0.0187073|0.0077362|-1.0075836
1468531782.613|-0.0193024|0.0130463|-1.0075684
1468531782.634|-0.0202332|0.0101471|-1.0054474
1468531782.655|-0.0184937|0.008667|-1.0037994
1468531782.676|-0.0211334|0.0072784|-1.004776
1468531782.697|-0.0198059|0.0128021|-1.0073242
1468531782.718|-0.0194855|0.008194|-1.0021515
1468531782.739|-0.0212402|0.0118561|-1.0061493
1468531782.76|-0.0223999|0.0089874|-1.0066528
1468531782.78|-0.019043|0.0115662|-1.0047455
1468531782.801|-0.0194702|0.009903|-1.0085449
1468531782.822|-0.0200043|0.010376|-1.0035553
1468531782.844|-0.018219|0.0086823|-1.0073395
1468531782.865|-0.018692|0.0070038|-1.0073547
1468531782.886|-0.0199738|0.0082092|-1.0023956
1468531782.908|-0.0194397|0.0079651|-1.0052185
1468531782.928|-0.0210266|0.0130615|-1.0059204
1468531782.95|-0.0197449|0.0098877|-1.0057068
1468531782.971|-0.0180359|0.0105743|-1.0063782
1468531782.991|-0.0192566|0.0111084|-1.0085297
1468531783.011|-0.0212097|0.0101624|-1.0047455
1468531783.033|-0.0189667|0.0089264|-1.0085449
1468531783.054|-0.0180359|0.0110779|-1.0070801
1468531783.075|-0.0204773|0.0106201|-1.0054474
1468531783.096|-0.0199127|0.007019|-1.0052338
1468531783.117|-0.0206909|0.0099182|-1.0050049
1468531783.138|-0.0185089|0.0089111|-1.0042572
1468531783.158|-0.0180664|0.0122833|-1.008255
1468531783.18|-0.0209503|0.0091858|-1.0030975
1468531783.201|-0.0185089|0.0101318|-1.0075684
1468531783.222|-0.0202637|0.0110931|-1.0033112
1468531783.243|-0.0211792|0.0101776|-1.0094604
1468531783.264|-0.0187378|0.0086823|-1.0061493
1468531783.285|-0.020462|0.0094299|-1.0047607
1468531783.307|-0.0158539|0.0100555|-1.0054321
1468531783.328|-0.0209808|0.0113831|-1.0070953
1468531783.349|-0.0212708|0.0125732|-1.0042419
1468531783.37|0.0372925|0.0056458|-1.220459
1468531783.392|0.0139923|0.0397949|-1.167572
1468531783.412|-0.0179138|-0.0120392|-0.9500427