1468532421.031|-0.0192108|-0.3097839|-0.7104645
1468532421.05|-0.0766144|-0.3610687|-0.8764648
1468532421.071|-0.164856|-0.3665161|-0.9296875
1468532421.093|-0.1654358|-0.349411|-0.9373627
1468532421.114|-0.0695343|-0.3541718|-0.939743
1468532421.135|-0.0703278|-0.3510895|-0.9730682
1468532421.156|-0.0578918|-0.4001465|-0.8861389
1468532421.176|-0.1164856|-0.3772888|-0.9629517
1468532421.198|-0.1685028|-0.3621674|-1.0131073
1468532421.219|-0.0550232|-0.3814697|-0.9758301
1468532421.241|-0.045105|-0.3496094|-0.9042053
1468532421.261|-0.0731812|-0.350769|-0.8815765
1468532421.282|-0.0702209|-0.3342896|-0.8736572
1468532421.303|-0.1643372|-0.38414|-0.8744812
1468532421.325|-0.3230896|-0.4635773|-0.9208374
1468532421.345|-0.3665619|-0.5167999|-0.9551086
1468532421.366|-0.2137756|-0.429306|-0.9526825
1468532421.388|-0.1503601|-0.3618469|-0.9662476
1468532421.409|-0.1475983|-0.3409424|-0.9769745
1468532421.43|-0.1652222|-0.3110657|-0.9581299
1468532421.451|-0.1786194|-0.3178864|-0.9296265
1468532421.472|-0.1854095|-0.3377533|-0.8694916
1468532421.493|-0.2004395|-0.3394623|-0.8009796
1468532421.514|-0.1728973|-0.3182678|-0.8802032
1468532421.535|-0.1521454|-0.3314514|-0.8818817
1468532421.556|-0.1843414|-0.3430939|-0.8652496
1468532421.577|-0.2153931|-0.3596039|-0.8852997
1468532421.598|-0.2277832|-0.3773804|-0.933197
1468532421.619|-0.2180939|-0.3793945|-0.9561462
1468532421.639|-0.2099762|-0.3515167|-0.9909363
1468532421.66|-0.1848602|-0.3153076|-0.9839935
1468532421.681|-0.2075195|-0.2994537|-0.9276581
1468532421.702|-0.2130585|-0.3079224|-0.9402771
1468532421.723|-0.1802216|-0.3242035|-0.9573212
1468532421.744|-0.1735535|-0.3197174|-0.920166
1468532421.765|-0.1664429|-0.3141632|-0.9101715
1468532421.787|-0.1627045|-0.3247681|-0.9230042
1468532421.808|-0.1533661|-0.3396301|-0.9245148
1468532421.829|-0.1622314|-0.3343964|-0.9240112
1468532421.85|-0.1735687|-0.318512|-0.9206085
1468532421.871|-0.1775665|-0.3257751|-0.8488007
1468532421.892|-0.1277771|-0.3054047|-0.9102631
1468532421.913|-0.1315613|-0.3330383|-1.0392914
1468532421.934|-0.1691742|-0.2967529|-0.9627838
1468532421.957|-0.1995697|-0.3529663|-0.8419647
1468532421.977|-0.1728821|-0.334137|-0.9304199
1468532421.998|-0.1258545|-0.3289337|-1.0707092
1468532422.019|-0.1482697|-0.3245392|-1.0771027
1468532422.04|-0.120636|-0.3289642|-0.9463501
1468532422.061|-0.2058563|-0.3406067|-0.7854004
1468532422.082|-0.1276398|-0.3239136|-0.8673553
1468532422.102|-0.1011505|-0.3229065|-0.9389038
1468532422.123|-0.1387787|-0.3342743|-0.9088135
1468532422.143|-0.1604614|-0.357605|-0.9586945
1468532422.164|-0.1580505|-0.2950134|-1.0267944
1468532422.185|-0.147644|-0.2950592|-0.9187469
1468532422.206|-0.1875305|-0.2945709|-0.8840942
1468532422.227|-0.143631|-0.3243408|-1.0439911
1468532422.248|-0.1625366|-0.3218384|-1.0277252
1468532422.269|-0.1394501|-0.3307495|-1.0296173
1468532422.312|-0.107605|-0.329422|-0.8637695
1468532422.332|-0.1185303|-0.3049622|-1.0858765
1468532422.353|-0.1806335|-0.3500061|-0.9868317
1468532422.374|-0.1893463|-0.3210297|-0.781662
1468532422.417|-0.1676941|-0.348114|-0.8962097
1468532422.437|-0.1417847|-0.3527985|-0.9394531
1468532422.46|-0.1612396|-0.3681793|-0.9523621
1468532422.48|-0.1578674|-0.355957|-0.9544067
1468532422.5|-0.1721802|-0.3469086|-0.7829742
1468532422.521|-0.135788|-0.3958282|-1.0217743
1468532422.542|-0.1052399|-0.3581085|-1.1025238
1468532422.564|-0.1369629|-0.3453522|-0.9564056
1468532422.584|-0.1700287|-0.3748932|-0.821228
1468532422.605|-0.1814423|-0.3700256|-0.7351685
1468532422.626|-0.134903|-0.3662109|-0.9357452
1468532422.648|-0.1359711|-0.3481445|-0.9836121
1468532422.668|-0.1332092|-0.3584137|-0.9619293
1468532422.691|-0.1203613|-0.3632355|-0.8735352
1468532422.711|-0.164093|-0.3622284|-0.8804779
1468532422.732|-0.1468964|-0.3712006|-0.9429169
1468532422.753|-0.1393585|-0.3627167|-0.9369202
1468532422.775|-0.1538696|-0.3555145|-0.8695374
1468532422.795|-0.1166687|-0.3761902|-1.0411987
1468532422.815|-0.1366577|-0.3831329|-1.1472015
1468532422.837|-0.1570892|-0.3534851|-1.072113
1468532422.858|-0.177597|-0.3992004|-0.9777069
1468532422.879|-0.1590424|-0.4379883|-0.9982452
1468532422.902|-0.1117401|-0.426239|-1.0571442
1468532422.921|-0.138092|-0.4335632|-0.9170685
1468532422.942|-0.1210938|-0.447052|-0.8000946
1468532422.964|-0.0839691|-0.4587402|-0.78685
1468532422.984|-0.1255035|-0.4603577|-0.717453
1468532423.005|-0.1418915|-0.4856873|-0.7226105
1468532423.026|-0.1295471|-0.4863129|-0.74646
1468532423.048|-0.1297302|-0.4916534|-0.7377625
1468532423.068|-0.1520844|-0.5009308|-0.7090454
1468532423.088|-0.1660767|-0.4879913|-0.7323914
1468532423.109|-0.144989|-0.4924927|-0.7418365
1468532423.13|-0.1424561|-0.4835052|-0.8204803
1468532423.151|-0.1324005|-0.4921112|-0.8741913
1468532423.172|-0.1577454|-0.4853821|-0.8545837
1468532423.193|-0.1514893|-0.4971313|-0.8416595
1468532423.216|-0.1451263|-0.4936066|-0.8562622
1468532423.237|-0.1351929|-0.4862671|-0.8774719
1468532423.258|-0.1376801|-0.4785919|-0.8611145
1468532423.279|-0.1468964|-0.4519806|-0.8484039
1468532423.313|-0.1471252|-0.4391327|-0.8225708
1468532423.34|-0.1541901|-0.3901672|-0.9146881
1468532423.361|-0.1611786|-0.367569|-0.9291992
1468532423.382|-0.1411285|-0.3619995|-0.9305267
1468532423.403|-0.1422729|-0.3554382|-0.8919373
1468532423.425|-0.1125946|-0.3435669|-1.0400085
1468532423.445|-0.1306|-0.3227081|-1.1389771
1468532423.467|-0.1340179|-0.3183441|-1.0817413
1468532423.488|-0.1572418|-0.3592682|-0.9281769
1468532423.509|-0.1573639|-0.3423157|-0.899704
1468532423.53|-0.1323853|-0.3513641|-0.9299622
1468532423.55|-0.1242676|-0.3421326|-0.9405212
1468532423.572|-0.1276703|-0.3410645|-0.9440613
1468532423.593|-0.1434631|-0.3460083|-0.8926086
1468532423.614|-0.1453552|-0.3436737|-0.8746185
1468532423.635|-0.141861|-0.3412476|-0.896347
1468532423.656|-0.1449432|-0.3490143|-0.9146118
1468532423.677|-0.1516724|-0.3502655|-0.9214935
1468532423.698|-0.1525269|-0.3577576|-0.9139862
1468532423.719|-0.1383209|-0.3543243|-0.939209
1468532423.74|-0.1407166|-0.3562012|-0.9387817
1468532423.761|-0.1348267|-0.3574982|-0.9432526
1468532423.782|-0.1412964|-0.3537903|-0.9352112
1468532423.803|-0.1331635|-0.3610077|-0.9255524
1468532423.824|-0.1339264|-0.3598022|-0.923645
1468532423.846|-0.1332855|-0.3584137|-0.9167938
1468532423.866|-0.1311798|-0.3590088|-0.9025879
1468532423.888|-0.1280365|-0.3598022|-0.8988037
1468532423.908|-0.125412|-0.3628998|-0.9172516
1468532423.93|-0.1320038|-0.3642426|-0.9075775
1468532423.95|-0.128418|-0.3616791|-0.9063873
1468532423.972|-0.1275635|-0.361145|-0.9248199
1468532423.993|-0.1255188|-0.3586578|-0.9479523
1468532424.014|-0.132309|-0.3616638|-0.9416046
1468532424.036|-0.1330566|-0.3592072|-0.9482269
1468532424.056|-0.1383057|-0.3565063|-0.9342651
1468532424.078|-0.1381989|-0.356369|-0.9174805
1468532424.097|-0.1384125|-0.3543854|-0.9259644
1468532424.118|-0.1394348|-0.3504791|-0.9320984
1468532424.139|-0.1420593|-0.3574677|-0.9177399
1468532424.161|-0.1410828|-0.3511353|-0.937088
1468532424.181|-0.144516|-0.3556519|-0.8846436
1468532424.202|-0.1636047|-0.3671417|-0.8615875
1468532424.222|-0.1428986|-0.3681946|-0.9341125
1468532424.244|-0.136673|-0.3588715|-0.95224
1468532424.265|-0.1277161|-0.3702698|-0.975235
1468532424.286|-0.1246796|-0.3666687|-0.9354858
1468532424.307|-0.1460724|-0.3690186|-0.8975067
1468532424.328|-0.1207733|-0.3557739|-0.8713379
1468532424.351|-0.0975952|-0.3739166|-0.997406
1468532424.372|-0.1348114|-0.350647|-0.9680176
1468532424.393|-0.1325684|-0.355484|-0.9257355
1468532424.414|-0.130188|-0.369339|-0.9048004
1468532424.435|-0.1421509|-0.3811493|-0.8947296
1468532424.456|-0.1217041|-0.3871155|-0.9443512
1468532424.477|-0.1708984|-0.3829956|-0.8794556
1468532424.497|-0.1529388|-0.3670807|-0.8251648
1468532424.519|-0.1114197|-0.3661652|-0.8574371
1468532424.54|-0.1039734|-0.3832092|-0.9915771
1468532424.562|-0.1083527|-0.3620605|-1.0602264
1468532424.583|-0.1750336|-0.370636|-0.8831635
1468532424.602|-0.1138458|-0.3901825|-0.9500427
1468532424.623|-0.0950775|-0.383728|-0.9754944
1468532424.644|-0.1171265|-0.3935242|-0.8845825
1468532424.665|-0.1389923|-0.3890686|-0.8664093
1468532424.686|-0.1311798|-0.3955688|-0.8519897
1468532424.706|-0.1354065|-0.3855133|-0.8713379
1468532424.734|-0.1230621|-0.3770294|-0.8908691
1468532424.748|-0.121582|-0.381012|-0.9166718
1468532424.77|-0.1325226|-0.37854|-1.0285034
1468532424.79|-0.1392975|-0.3809662|-0.9897614
1468532424.812|-0.125885|-0.3740387|-0.9487915
1468532424.832|-0.1408081|-0.3942413|-0.8333588
1468532424.854|-0.137558|-0.3955536|-0.8768463
1468532424.874|-0.1209106|-0.4013367|-0.9454041
1468532424.896|-0.1144714|-0.3894653|-0.8944855
1468532424.917|-0.1217194|-0.3781128|-0.8731384
1468532424.938|-0.1085663|-0.3804169|-0.9005585
1468532424.959|-0.1178436|-0.3943329|-0.9186401
1468532424.982|-0.1452789|-0.393219|-0.8248596
1468532425.002|-0.098587|-0.3458862|-0.8792572
1468532425.023|-0.1186371|-0.3742981|-0.9771271
1468532425.044|-0.1082153|-0.3904877|-1.0550079
1468532425.065|-0.1674957|-0.3795624|-0.9595642
1468532425.086|-0.1172638|-0.3643951|-0.8943176
1468532425.106|-0.1171417|-0.3913574|-0.8895264
1468532425.132|-0.1082458|-0.3965302|-0.8576355
1468532425.147|-0.1457977|-0.3871765|-0.875412
1468532425.169|-0.1304474|-0.3830109|-0.960434
1468532425.19|-0.1150055|-0.3744507|-1.0085754
1468532425.212|-0.121048|-0.3896332|-0.9302063
1468532425.232|-0.1501465|-0.3831177|-0.8555145
1468532425.253|-0.1258087|-0.4009552|-0.9042969
1468532425.274|-0.125412|-0.3907318|-0.9288025
1468532425.295|-0.1230774|-0.3977203|-0.8884125
1468532425.317|-0.1255951|-0.3930817|-0.8938293
1468532425.337|-0.1277924|-0.3884125|-0.9056244
1468532425.365|-0.1245575|-0.3918304|-0.9049377
1468532425.38|-0.1194763|-0.3912354|-0.9044342
1468532425.401|-0.1192627|-0.3885651|-0.9112701
1468532425.422|-0.1205597|-0.384201|-0.912674
1468532425.444|-0.1258087|-0.3863678|-0.8862152
1468532425.465|-0.1262207|-0.3872833|-0.8911743
1468532425.484|-0.1148071|-0.3646851|-0.8985748
1468532425.506|-0.0981598|-0.397171|-1.0112762
1468532425.528|-0.1229858|-0.3701019|-1.0274658
1468532425.548|-0.1245728|-0.3695831|-0.9775848
1468532425.57|-0.1399384|-0.3991089|-0.8721466
1468532425.59|-0.132019|-0.4049835|-0.8392944
1468532425.61|-0.1162567|-0.4201965|-0.8511963
1468532425.632|-0.1252441|-0.395401|-0.8635712
1468532425.652|-0.1169434|-0.3921204|-0.8822174
1468532425.674|-0.1060333|-0.3926849|-0.913147
1468532425.695|-0.1073761|-0.3835602|-0.9554291
1468532425.716|-0.1175385|-0.3959961|-0.9245453
1468532425.737|-0.1282501|-0.3982086|-0.9132385
1468532425.758|-0.1217804|-0.4016724|-0.9241333
1468532425.778|-0.1212769|-0.394516|-0.9151001
1468532425.799|-0.1188507|-0.3955383|-0.9113007
1468532425.82|-0.1201324|-0.3918915|-0.9129791
1468532425.841|-0.1318665|-0.391922|-0.9039917
1468532425.862|-0.1331329|-0.3969116|-0.91185
1468532425.883|-0.1334686|-0.3957367|-0.9047394
1468532425.904|-0.1258698|-0.398056|-0.9059296
1468532425.925|-0.1267242|-0.3927307|-0.9089661
1468532425.946|-0.123291|-0.3930511|-0.9082336
1468532425.968|-0.1185608|-0.3952637|-0.9190979
1468532425.988|-0.1238556|-0.3970795|-0.9181976
1468532426.009|-0.1255951|-0.3985291|-0.9109039
1468532426.03|-0.1283112|-0.3997345|-0.8997955
1468532426.051|-0.1158905|-0.3987732|-0.90448
1468532426.072|-0.120285|-0.3947601|-0.9160461
1468532426.093|-0.1235962|-0.4029388|-0.9019165
1468532426.115|-0.1216888|-0.4013062|-0.9026184
1468532426.136|-0.122879|-0.3985596|-0.9158478
1468532426.157|-0.1273804|-0.3968201|-0.9044952
1468532426.178|-0.1186981|-0.4008179|-0.9137268
1468532426.199|-0.1248474|-0.3973236|-0.9148865
1468532426.22|-0.1314697|-0.4008789|-0.8955536
1468532426.241|-0.1303558|-0.3956146|-0.8964386
1468532426.262|-0.1245117|-0.3959656|-0.8988037
1468532426.283|-0.1217041|-0.3978729|-0.9111023
1468532426.304|-0.1298981|-0.4005737|-0.9147034
1468532426.325|-0.1306305|-0.4012909|-0.9099731
1468532426.346|-0.1284332|-0.4011078|-0.9104462
1468532426.367|-0.1261597|-0.4028015|-0.9175262
1468532426.388|-0.1262207|-0.4025879|-0.9099731
1468532426.409|-0.1241608|-0.3986053|-0.9033203
1468532426.43|-0.1268311|-0.4004822|-0.9000244
1468532426.451|-0.1284943|-0.4004059|-0.9035645
1468532426.472|-0.1273499|-0.3982849|-0.9011841
1468532426.493|-0.1256256|-0.4007568|-0.8995667
1468532426.514|-0.128891|-0.400589|-0.9182434
1468532426.535|-0.1358337|-0.4071808|-0.9107361
1468532426.556|-0.1308899|-0.4003448|-0.9094849
1468532426.577|-0.1188202|-0.4008942|-0.8983459
1468532426.598|-0.1238251|-0.3967285|-0.8912354
1468532426.62|-0.1254883|-0.4013824|-0.9177704
1468532426.64|-0.1318359|-0.4024811|-0.9076233
1468532426.662|-0.1268158|-0.4056549|-0.919693
1468532426.683|-0.1371613|-0.4060364|-0.9003143
1468532426.704|-0.1365051|-0.40242|-0.900528
1468532426.725|-0.135498|-0.40242|-0.9057312
1468532426.746|-0.1306152|-0.4051971|-0.9000702
1468532426.767|-0.1309814|-0.4001617|-0.8976593
1468532426.788|-0.131485|-0.397934|-0.9035492
1468532426.809|-0.1316681|-0.3991241|-0.9082947
1468532426.83|-0.1347961|-0.4024506|-0.9012299
1468532426.851|-0.1279907|-0.4030914|-0.9000549
1468532426.872|-0.1255646|-0.401947|-0.9031067
1468532426.893|-0.1217651|-0.4075317|-0.9062042
1468532426.914|-0.1306763|-0.4003448|-0.9071045
1468532426.935|-0.1320343|-0.4036865|-0.9073944
1468532426.956|-0.1269226|-0.4049988|-0.9064331
1468532426.977|-0.1232147|-0.4055634|-0.9116364
1468532426.998|-0.1294861|-0.4080658|-0.910965
1468532427.019|-0.1305084|-0.406601|-0.9085846
1468532427.041|-0.1277618|-0.4052887|-0.8915558
1468532427.061|-0.1305237|-0.401886|-0.8894043
1468532427.082|-0.1230621|-0.403656|-0.905014
1468532427.103|-0.1291351|-0.4062042|-0.8998413
1468532427.124|-0.1296082|-0.4064484|-0.8991241
1468532427.145|-0.1232147|-0.4079742|-0.9071503
1468532427.166|-0.125824|-0.4095917|-0.9090729
1468532427.187|-0.126236|-0.4070129|-0.8939209
1468532427.208|-0.1279449|-0.4042816|-0.9007721
1468532427.229|-0.1219635|-0.4065247|-0.9140015
1468532427.25|-0.1259308|-0.4074707|-0.8989105
1468532427.272|-0.1252899|-0.4063263|-0.8929901
1468532427.293|-0.1258545|-0.4036713|-0.8887024
1468532427.314|-0.1225433|-0.3977051|-0.8950195
1468532427.335|-0.1209106|-0.3998108|-0.9146729
1468532427.356|-0.1211395|-0.3958893|-0.9300079
1468532427.377|-0.1247406|-0.3969116|-0.8995209
1468532427.398|-0.128006|-0.3999329|-0.9087677
1468532427.418|-0.1178741|-0.3990631|-0.9316711
1468532427.439|-0.1161346|-0.4005432|-0.9347534
1468532427.461|-0.1184845|-0.4027863|-0.9070892
1468532427.482|-0.1184998|-0.4018402|-0.9049835
1468532427.504|-0.1177216|-0.3986511|-0.9210205
1468532427.525|-0.1208649|-0.4036865|-0.9085541
1468532427.546|-0.1217651|-0.3976898|-0.9021149
1468532427.567|-0.1242065|-0.3969116|-0.9030609
1468532427.589|-0.1217194|-0.3961792|-0.9136963
1468532427.609|-0.1240845|-0.399765|-0.9101715
1468532427.629|-0.1241608|-0.3983459|-0.904007
1468532427.65|-0.1169739|-0.3946686|-0.9020844
1468532427.671|-0.1176605|-0.391922|-0.9181519
1468532427.692|-0.1167297|-0.3993835|-0.9212646
1468532427.713|-0.1240845|-0.4000092|-0.9111176
1468532427.734|-0.1179657|-0.4013519|-0.9127808
1468532427.755|-0.1111603|-0.4012451|-0.9122772
1468532427.776|-0.1161957|-0.3970795|-0.9030457
1468532427.797|-0.1166534|-0.397049|-0.9073029
1468532427.818|-0.1188202|-0.3979645|-0.904953
1468532427.839|-0.1121521|-0.4007416|-0.9115601
1468532427.86|-0.1203308|-0.3957825|-0.9061127
1468532427.881|-0.1150818|-0.4016571|-0.9078064
1468532427.902|-0.1168823|-0.405426|-0.9147034
1468532427.923|-0.1152496|-0.4035339|-0.9130402
1468532427.944|-0.1081238|-0.4024353|-0.9262238
1468532427.965|-0.1138611|-0.4002228|-0.9141693
1468532427.987|-0.1164398|-0.3963318|-0.9068298
1468532428.008|-0.1158752|-0.400238|-0.9025879
1468532428.029|-0.1171417|-0.3990021|-0.9002228
1468532428.05|-0.1182098|-0.3970947|-0.8924103
1468532428.071|-0.1195526|-0.3981934|-0.9042511
1468532428.092|-0.119873|-0.4029846|-0.91185
1468532428.113|-0.1126862|-0.4067078|-0.9210663
1468532428.134|-0.1176147|-0.4041901|-0.9168091
1468532428.155|-0.1179657|-0.4030609|-0.9056854
1468532428.176|-0.1199646|-0.402298|-0.9021454
1468532428.197|-0.1156006|-0.4014282|-0.9035492
1468532428.218|-0.1136169|-0.3950195|-0.8942871
1468532428.239|-0.1187134|-0.3970795|-0.8919525
1468532428.26|-0.1311798|-0.4003601|-0.9033356
1468532428.281|-0.1271973|-0.3996429|-0.9196472
1468532428.302|-0.1295624|-0.4010315|-0.9234467
1468532428.323|-0.1285248|-0.3984833|-0.9059448
1468532428.344|-0.1209869|-0.4079895|-0.9130859
1468532428.365|-0.1195374|-0.4090271|-0.9059906
1468532428.386|-0.1143036|-0.4055481|-0.9024048
1468532428.407|-0.1139069|-0.4029388|-0.9000092
1468532428.428|-0.1191864|-0.4025269|-0.9080505
1468532428.449|-0.1203156|-0.4029388|-0.9165649
1468532428.47|-0.1238251|-0.4017029|-0.9073486
1468532428.492|-0.1283875|-0.4049683|-0.904068
1468532428.513|-0.121582|-0.4051361|-0.9031067
1468532428.534|-0.126297|-0.4006958|-0.9054718
1468532428.555|-0.1219635|-0.4010773|-0.8986053
1468532428.576|-0.1274872|-0.4011688|-0.905014
1468532428.597|-0.1325378|-0.4056244|-0.9017487
1468532428.618|-0.1260834|-0.4004822|-0.9007416
1468532428.639|-0.1199188|-0.4030151|-0.9061584
1468532428.66|-0.126236|-0.4013824|-0.912323
1468532428.681|-0.1189117|-0.4005432|-0.9198761
1468532428.702|-0.1205597|-0.403656|-0.9165802
1468532428.723|-0.1142426|-0.4052582|-0.9109039
1468532428.744|-0.1196747|-0.4059296|-0.897934
1468532428.765|-0.1220245|-0.4075317|-0.9010162
1468532428.786|-0.114502|-0.4030762|-0.9151306
1468532428.807|-0.1152802|-0.4016113|-0.9153748
1468532428.828|-0.1198578|-0.4066467|-0.9031219
1468532428.849|-0.1190338|-0.4001617|-0.9033203
1468532428.87|-0.1207123|-0.4010773|-0.9045105
1468532428.891|-0.1202087|-0.4054565|-0.8936768
1468532428.912|-0.1215363|-0.4001617|-0.8938599
1468532428.933|-0.1278534|-0.3972931|-0.9047394
1468532428.955|-0.1265259|-0.3992004|-0.9141998
1468532428.975|-0.1226349|-0.4069519|-0.9222717
1468532428.996|-0.1217804|-0.4041138|-0.9158783
1468532429.017|-0.1184082|-0.4049377|-0.9092407
1468532429.039|-0.1182251|-0.401825|-0.9087524
1468532429.06|-0.1194305|-0.4017944|-0.9075928
1468532429.081|-0.1189728|-0.4010925|-0.9078217
1468532429.102|-0.1223602|-0.4024658|-0.9057007
1468532429.123|-0.115097|-0.4028931|-0.9011841
1468532429.144|-0.1212769|-0.405838|-0.9097443
1468532429.165|-0.1298523|-0.4044495|-0.9090424
1468532429.186|-0.1237793|-0.4043579|-0.905014
1468532429.207|-0.1153717|-0.3999786|-0.905426
1468532429.228|-0.1184845|-0.4006042|-0.9118195
1468532429.249|-0.1257782|-0.4053192|-0.8948669
1468532429.27|-0.1258698|-0.4039307|-0.8853912
1468532429.291|-0.1207123|-0.4060211|-0.9239349
1468532429.312|-0.1193848|-0.4064178|-0.9000549
1468532429.333|-0.1205597|-0.4087982|-0.8986511
1468532429.354|-0.115036|-0.4102478|-0.919693
1468532429.375|-0.1142426|-0.4067535|-0.9059601
1468532429.396|-0.12117|-0.405426|-0.8955688
1468532429.417|-0.1156921|-0.4037781|-0.9151459
1468532429.438|-0.1228333|-0.4048767|-0.8986206
1468532429.459|-0.1208649|-0.4044037|-0.906662
1468532429.48|-0.122345|-0.4058685|-0.8981628
1468532429.501|-0.1228027|-0.4050903|-0.9040527
1468532429.523|-0.1237488|-0.4070282|-0.9021759
1468532429.543|-0.1207886|-0.3994141|-0.8995361
1468532429.565|-0.1179657|-0.4015808|-0.9125366
1468532429.586|-0.1251068|-0.4022064|-0.8955383
1468532429.607|-0.1234131|-0.4022522|-0.8948212
1468532429.628|-0.1229706|-0.4077454|-0.9062042
1468532429.649|-0.1075439|-0.4137115|-0.9362335
1468532429.67|-0.1091156|-0.4091034|-0.9357452
1468532429.691|-0.125473|-0.405777|-0.9045563
1468532429.712|-0.1218414|-0.4046326|-0.9071198
1468532429.733|-0.1224213|-0.4025116|-0.8969574
1468532429.754|-0.1195679|-0.403595|-0.8834839
1468532429.775|-0.1184387|-0.404953|-0.9038086
1468532429.796|-0.1221771|-0.4091949|-0.9095306
1468532429.817|-0.1208038|-0.4063416|-0.9078522
1468532429.838|-0.1060028|-0.405304|-0.9404297
1468532429.859|-0.1260376|-0.407547|-0.8837738
1468532429.88|-0.114151|-0.4133911|-0.8298798
1468532429.922|-0.0992126|-0.4064026|-1.0392456
1468532429.943|-0.136261|-0.424469|-0.9664001
1468532429.964|-0.1685333|-0.3868713|-0.7874908
1468532429.985|-0.1301422|-0.416153|-0.8263702
1468532430.006|-0.0834351|-0.4068756|-0.966156
1468532430.027|-0.1231537|-0.4289551|-0.9465332
1468532430.048|-0.1321411|-0.3890991|-0.8413239
1468532430.069|-0.1387939|-0.4163208|-0.8044128
1468532430.091|-0.1033325|-0.4257965|-0.9417572
1468532430.112|-0.0852966|-0.4116364|-1.0635834
1468532430.133|-0.1298065|-0.3883972|-0.898056
1468532430.154|-0.1694183|-0.4246826|-0.7763977
1468532430.176|-0.1126709|-0.4073486|-0.8860779
1468532430.196|-0.1049042|-0.4517975|-0.9774017
1468532430.217|-0.1270599|-0.4122772|-0.8968048
1468532430.238|-0.137207|-0.4170685|-0.8561859
1468532430.269|-0.1239929|-0.4145355|-0.8436127
1468532430.281|-0.067749|-0.4005737|-0.9024811
1468532430.302|-0.1046143|-0.3949432|-1.0001678
1468532430.324|-0.1330414|-0.4205017|-0.9522095
1468532430.343|-0.1377106|-0.4055023|-0.8565826
1468532430.364|-0.1141815|-0.4273529|-0.9167175
1468532430.387|-0.1168671|-0.4271393|-0.9486389
1468532430.406|-0.134079|-0.4095764|-0.8745728
1468532430.43|-0.1320343|-0.4042816|-0.8374023
1468532430.448|-0.1296692|-0.3888397|-0.8112946
1468532430.47|-0.1263733|-0.3959808|-0.8401794
1468532430.491|-0.1120758|-0.4115906|-0.9561005
1468532430.512|-0.1109009|-0.406311|-1.1023865
1468532430.533|-0.1432648|-0.3857422|-1.0302124
1468532430.554|-0.1660156|-0.3995667|-0.8603973
1468532430.575|-0.1233673|-0.4067993|-0.8544312
1468532430.595|-0.1128235|-0.4146118|-0.8757477
1468532430.617|-0.1183167|-0.4016266|-0.8978882
1468532430.638|-0.1124573|-0.4102173|-0.9402466
1468532430.666|-0.1194458|-0.3911285|-0.8763123
1468532430.681|-0.1647644|-0.3905334|-0.7946167
1468532430.701|-0.0829468|-0.4017792|-0.9817352
1468532430.722|-0.1186829|-0.3883667|-1.0951996
1468532430.745|-0.157547|-0.419693|-0.9607544
1468532430.764|-0.143631|-0.3818817|-0.8895264
1468532430.785|-0.1296844|-0.4175415|-0.8883209
1468532430.806|-0.1083527|-0.4058533|-0.9177551
1468532430.828|-0.1286774|-0.4039612|-0.8671875
1468532430.848|-0.125824|-0.3999176|-0.8742523
1468532430.869|-0.1201019|-0.3931122|-0.9120178
1468532430.89|-0.1215515|-0.3967438|-0.901413
1468532430.913|-0.1234283|-0.3993225|-0.9044952
1468532430.934|-0.1298676|-0.4017792|-0.9158783
1468532430.955|-0.1302338|-0.4090271|-0.9064636
1468532430.977|-0.1220856|-0.405365|-0.901474
1468532430.996|-0.1221466|-0.4041901|-0.8941193
1468532431.017|-0.1192169|-0.4013367|-0.9078217
1468532431.039|-0.1195831|-0.4019623|-0.9234314
1468532431.06|-0.1277618|-0.4023743|-0.8995667
1468532431.08|-0.1209259|-0.4027405|-0.9040375
1468532431.101|-0.1265564|-0.4031219|-0.8976898
1468532431.123|-0.1319122|-0.402298|-0.8967438
1468532431.143|-0.1226349|-0.4062195|-0.9225159
1468532431.164|-0.1281128|-0.4039764|-0.9130707
1468532431.185|-0.1242676|-0.4060516|-0.901001
1468532431.206|-0.1234741|-0.4067688|-0.9059753
1468532431.227|-0.1209412|-0.4027557|-0.9007416
1468532431.248|-0.1175842|-0.4075928|-0.9113922
1468532431.269|-0.125824|-0.4039612|-0.9260712
1468532431.29|-0.1278381|-0.4076385|-0.9060059
1468532431.311|-0.118866|-0.4049072|-0.910675
1468532431.332|-0.128891|-0.4037628|-0.9073792
1468532431.354|-0.1196747|-0.4025116|-0.9080505
1468532431.375|-0.1218567|-0.4041595|-0.9045258
1468532431.396|-0.1230774|-0.4058533|-0.897934
1468532431.417|-0.1245117|-0.4021454|-0.912796
1468532431.438|-0.1268616|-0.4062042|-0.9095306
1468532431.459|-0.1300812|-0.4061737|-0.9026642
1468532431.48|-0.1188507|-0.4063873|-0.9078522
1468532431.5|-0.1240845|-0.4046478|-0.8950653
1468532431.521|-0.1152191|-0.4023132|-0.9184418
1468532431.543|-0.1230774|-0.403656|-0.9038239
1468532431.564|-0.1266022|-0.4076538|-0.9090729
1468532431.584|-0.125061|-0.403656|-0.8969727
1468532431.606|-0.1235046|-0.4084778|-0.898407
1468532431.626|-0.1260223|-0.4040985|-0.8974457
1468532431.648|-0.1192474|-0.4077759|-0.9137878
1468532431.669|-0.1234741|-0.4072571|-0.9064331
1468532431.691|-0.1167755|-0.4114838|-0.9076385
1468532431.712|-0.1225433|-0.4063416|-0.901474
1468532431.733|-0.1255341|-0.4053192|-0.8981781
1468532431.754|-0.1208191|-0.4058533|-0.9076233
1468532431.775|-0.1264496|-0.40625|-0.9026642
1468532431.796|-0.1259918|-0.4040833|-0.9026489
1468532431.817|-0.1208649|-0.4034271|-0.910675
1468532431.838|-0.1266022|-0.4083862|-0.9062195
1468532431.859|-0.1222687|-0.4058228|-0.9085693
1468532431.88|-0.1252899|-0.4050751|-0.897934
1468532431.901|-0.1266937|-0.4052734|-0.9029083
1468532431.922|-0.1196289|-0.4019928|-0.9160919
1468532431.943|-0.1209564|-0.401535|-0.9035645
1468532431.964|-0.1206818|-0.4025269|-0.9028625
1468532431.985|-0.1221313|-0.4022217|-0.9045105
1468532432.006|-0.1276398|-0.4066925|-0.9021912
1468532432.027|-0.1297607|-0.4082947|-0.9076538
1468532432.048|-0.1229095|-0.4086914|-0.9095306
1468532432.069|-0.1238098|-0.4063416|-0.8957977
1468532432.091|-0.1143799|-0.4051208|-0.890564
1468532432.111|-0.1113281|-0.4001312|-0.8933563
1468532432.132|-0.1077728|-0.3981323|-0.919342
1468532432.153|-0.1099396|-0.3965454|-0.8949738
1468532432.175|-0.1390381|-0.4086304|-0.898941
1468532432.196|-0.1277466|-0.4158936|-0.8906708
1468532432.217|-0.1263123|-0.4125061|-0.9022369
1468532432.238|-0.1131744|-0.4064636|-0.9182434
1468532432.259|-0.0937653|-0.3889313|-0.9029388
1468532432.28|-0.122879|-0.4116821|-0.9407501
1468532432.301|-0.0966644|-0.4063416|-0.9184265
1468532432.322|-0.1079712|-0.4207458|-0.921875
1468532432.343|-0.1097107|-0.4055023|-0.9314575
1468532432.364|-0.138382|-0.3986664|-0.921814
1468532432.385|-0.1004181|-0.4069061|-0.9349976
1468532432.406|-0.1288452|-0.3992615|-0.8927002
1468532432.427|-0.1331329|-0.3765717|-0.8417358
1468532432.448|-0.0940094|-0.3881073|-0.8700714
1468532432.469|-0.1099091|-0.3794556|-0.8516235
1468532432.491|-0.1302795|-0.424469|-0.8477173
1468532432.511|-0.0858002|-0.4319763|-0.8913727
1468532432.532|0.0007019|-0.4591064|-0.8993835
1468532432.553|-0.0240326|-0.4021454|-0.9257965
1468532432.574|-0.063446|-0.3462219|-0.9675751
1468532432.595|-0.0387726|-0.3151855|-0.9836273
1468532432.617|-0.0149231|-0.2819977|-0.9927979
1468532432.638|-0.0362854|-0.3017883|-0.9360046
1468532432.659|-0.003418|-0.3295898|-0.9519501
1468532432.68|0.0255127|-0.3052216|-1.0023041
1468532432.701|0.0473022|-0.288208|-0.9401855
1468532432.722|0.0552216|-0.3092194|-0.9592133
1468532432.743|0.0639954|-0.2674713|-0.9296112
1468532432.764|0.0536194|-0.2898865|-0.9709015
1468532432.785|0.0680542|-0.3171997|-0.9604187
1468532432.806|0.0643463|-0.2933655|-0.9962158
1468532432.827|0.1074066|-0.3236237|-1.0038757
1468532432.848|0.1271973|-0.288269|-0.9988556
1468532432.869|0.1274567|-0.2915344|-0.9192047
1468532432.89|0.1113434|-0.2925262|-0.9424133
1468532432.911|0.1786194|-0.2931671|-0.9663849
1468532432.932|0.1548462|-0.2751465|-0.9979706
1468532432.953|0.1461182|-0.2874908|-0.9933777
1468532432.974|0.1539459|-0.2588043|-0.9945679
1468532432.995|0.0655823|-0.2736053|-0.9606018
1468532433.016|0.0386047|-0.2742767|-0.9952087
1468532433.037|0.0547943|-0.2706299|-1.0272827
1468532433.057|0.1498718|-0.2599182|-1.1356964
1468532433.078|0.201416|-0.2499237|-0.9631805
1468532433.099|0.1123199|-0.2327271|-0.83255
1468532433.121|0.0106964|-0.2638855|-0.9306641
1468532433.142|0.0202179|-0.2786255|-0.9588776
1468532433.163|0.1636353|-0.2970886|-0.9330902
1468532433.184|0.2318115|-0.3520813|-1.1072998
1468532433.205|0.0408936|-0.3853455|-1.1581421
1468532433.226|0.0384216|-0.3917542|-1.0250854
1468532433.248|0.1084747|-0.3446808|-0.9827271
1468532433.269|0.0945892|-0.3308868|-0.8871613
1468532433.29|0.1433868|-0.3846283|-0.9408569
1468532433.311|0.1500244|-0.4091034|-1.0769348
1468532433.332|0.1239471|-0.3987274|-1.0670013
1468532433.353|0.1578064|-0.3944092|-1.0205231
1468532433.374|0.0916595|-0.3814697|-0.9582214
1468532433.394|0.0660553|-0.4145355|-0.8703308
1468532433.416|0.0463257|-0.3225708|-0.8936157
1468532433.437|0.0488892|-0.3630219|-0.8503876
1468532433.458|0.092514|-0.4376373|-0.7905273
1468532433.479|0.1749268|-0.3964081|-1.0316315
1468532433.5|0.1394196|-0.2238922|-1.0818329
1468532433.522|0.138855|-0.2122192|-1.0098877
1468532433.542|0.173172|-0.28685|-0.9055786
1468532433.563|0.145813|-0.247345|-0.8462677
1468532433.584|0.1195374|-0.3654633|-0.7258759
1468532433.605|-0.0614014|-0.1900787|-0.8447571
1468532433.626|0.0089264|-0.1706696|-0.851532
1468532433.647|0.1353607|-0.1552734|-0.8395233
1468532433.668|0.1506958|-0.1361084|-0.9400787
1468532433.689|0.1178436|-0.1323395|-1.0143738
1468532433.71|0.096283|-0.1642303|-0.989563
1468532433.731|0.0714874|-0.1383209|-0.7667542
1468532433.752|0.0059357|-0.0801239|-0.8660431
1468532433.773|0.0375519|0.0018311|-1.0394135
1468532433.794|-0.0973053|0.2362213|-0.8575287
1468532433.815|0.452301|-0.1218262|-1.288147
1468532433.837|0.3668365|-0.1545105|-1.2949677
1468532433.858|-0.2983398|0.1221008|-0.7564392
1468532433.879|0.0470123|0.0597534|-0.8820038
1468532433.899|0.2044373|-0.0495605|-0.8842621
1468532433.926|0.0755463|-0.121048|-0.7781982
1468532433.943|-0.0991058|0.0532837|-0.9609222
1468532433.964|-0.1453857|0.1355591|-1.0472412
1468532433.985|-0.088562|0.0716553|-1.1723328
1468532434.006|0.0295258|-0.0479431|-1.1473389
1468532434.027|0.0393066|-0.0597534|-0.9450378
1468532434.047|-0.0323639|0.1346588|-0.9360809
1468532434.067|-0.0537567|0.1038971|-0.9422607
1468532434.088|-0.0234833|0.0351562|-1.0409698
1468532434.109|0.0184021|0.0448761|-1.0512238
1468532434.13|-0.0244141|0.0573273|-0.9483948
1468532434.151|-0.0584106|0.0556793|-0.9494324
1468532434.172|0.0052032|0.0372772|-1.0118256
1468532434.193|0.050705|0.1257782|-1.4541473
1468532434.215|-0.0518646|0.1312866|-0.9907532
1468532434.236|-0.0022736|0.089447|-1.0230713
1468532434.257|-0.0368042|0.0606842|-1.0306854
1468532434.278|-0.0640717|0.0807343|-1.0225677
1468532434.299|-0.0951691|0.0285187|-0.8854218
1468532434.32|-0.0550842|-0.0020905|-0.950531
1468532434.34|-0.0566559|0.0120544|-0.9837799
1468532434.361|-0.0531769|0.0422516|-1.0244598
1468532434.383|-0.0637817|0.0589142|-0.991272
1468532434.404|-0.1228333|0.0881805|-0.8146057
1468532434.425|-0.0207062|-0.0208588|-1.6253204
1468532434.446|-0.0340118|-0.0001221|-0.8105316
1468532434.467|-0.0230255|-0.000946|-0.9859161
1468532434.488|-0.0220795|0.0188904|-1.013443
1468532434.509|-0.0195465|0.0105743|-0.9988403
1468532434.53|-0.0206604|0.0018921|-0.9840088
1468532434.551|-0.0195007|0.0121155|-1.0134888
1468532434.572|-0.0207367|0.0101471|-1.0021362
1468532434.593|-0.0233917|0.007782|-0.9964752
1468532434.614|-0.0203247|0.0132599|-1.000946
1468532434.635|-0.0191956|0.0101776|-1.0153809
1468532434.656|-0.0221863|0.0067902|-0.9948425
1468532434.678|-0.0202179|0.0091705|-1.0028687
1468532434.698|-0.0209808|0.0116272|-1.0075836
1468532434.742|-0.0222015|0.009201|-0.9988556
1468532434.762|-0.0197906|0.012558|-1.0077972
1468532434.783|-0.021698|0.0096588|-1.0007324
1468532434.804|-0.0244141|0.0109406|-1.0016632
1468532434.825|-0.0190735|0.0125275|-1.0042419
1468532434.846|-0.0202332|0.0106201|-1.0047455
1468532434.867|-0.0199585|0.0072327|-0.9998169
1468532434.888|-0.0202332|0.0106201|-1.0049896
1468532434.909|-0.0207062|0.0096588|-1.0026245
1468532434.93|-0.0202637|0.0118408|-1.0056915
1468532434.951|-0.02211|0.0068359|-1.0052338
1468532434.972|-0.0199585|0.0079651|-1.0021515
1468532434.993|-0.0194702|0.0091705|-1.0064087
1468532435.014|-0.019043|0.011322|-1.0063934
1468532435.035|-0.0175781|0.0100708|-1.0028381
1468532435.056|-0.0176239|0.0124817|-1.0035248
1468532435.077|-0.0214539|0.0099335|-1.0045166
1468532435.098|-0.0202026|0.0084534|-1.0035706
1468532435.12|-0.0200653|0.0125427|-1.0011749
1468532435.141|-0.0231323|0.0092316|-1.0035706
1468532435.162|-0.0209198|0.0072632|-1.0016937
1468532435.183|-0.0170593|0.0086212|-1.0014343
1468532435.204|-0.0224762|0.0111237|-1.0007172
1468532435.225|-0.0204926|0.0106201|-1.0040436
1468532435.246|-0.0173035|0.011795|-1.0092163
1468532435.267|-0.0224609|0.0111389|-1.0028534
1468532435.288|-0.0206757|0.0077515|-1.0019226
1468532435.31|-0.0204315|0.009201|-1.0078278
1468532435.331|-0.0199127|0.0063019|-1.0040741
1468532435.352|-0.0205383|0.0113373|-1.0009613
1468532435.373|-0.019989|0.0089264|-1.0023956
1468532435.394|-0.019043|0.0115662|-1.0059357
1468532435.415|-0.0182648|0.009613|-1.0049896
1468532435.435|-0.0188141|0.0108185|-1.00354
1468532435.456|-0.0212555|0.0111084|-1.0011902
1468532435.477|-0.0192566|0.0106049|-1.0066376
1468532435.498|-0.0205231|0.0115814|-1.0035553
1468532435.519|-0.0197296|0.0091705|-1.0068817
1468532435.54|-0.019516|0.0105896|-1.0033112
1468532435.561|-0.0217133|0.0111389|-1.0042572
1468532435.583|-0.0178375|0.0100708|-1.0014191
1468532435.604|-0.0201874|0.0077515|-1.0040588
1468532435.624|-0.0171204|0.0115051|-1.00354
1468532435.646|-0.0199585|0.0089417|-1.0066528
1468532435.667|-0.0187988|0.0108337|-1.006134
1468532435.687|-0.0216522|0.0084839|-1.0028687
1468532435.708|-0.0200195|0.0110931|-1.0030823
1468532435.729|-0.034668|0.041153|-1.1300964
1468532435.75|-0.0336456|-0.0066223|-0.9067841
1468532435.775|-0.0324097|0.0050354|-0.9849701
1468532435.792|-0.024704|0.0050507|-0.9742889
1468532435.816|-0.0190125|0.0140381|-1.0189209
1468532435.878|-0.0245056|-0.0026398|-0.9783478
1468532435.909|-0.0142365|0.0057373|-1.0139771
1468532435.873|-0.0293579|0.0036774|-0.967453
1468532435.953|-0.0129089|0.0011597|-1.0137787
1468532435.986|-0.0049591|0.0059662|-1.0543671
1468532436.001|-0.0164185|0.0079803|-1.0222321
1468532436.022|-0.0201721|0.0067749|-1.0026398
1468532436.043|-0.0209198|0.008728|-1.0064087
1468532436.065|-0.0189514|0.0084534|-1.0080719
1468532436.086|-0.0207214|0.0067444|-0.9934235
1468532436.107|-0.035965|-0.0096588|-0.9143677
1468532436.128|-0.008667|-0.0022888|-1.0171051
1468532436.149|-0.0119476|0.0059814|-1.0267334
1468532436.171|-0.0203857|0.0092316|-1.0137482
1468532436.193|-0.0249329|0.0065308|-0.9811249
1468532436.212|-0.0221863|0.013855|-1.0160675
1468532436.234|0.0001526|0.0128784|-1.1131744
1468532436.254|-0.0288391|0.0100098|-0.9898834
1468532436.277|-0.0211029|0.0063324|-1.0071259
1468532436.298|-0.0222626|0.0042725|-0.9754639
1468532436.316|-0.0185699|0.0161896|-1.0179443
1468532436.337|-0.0202026|0.0104065|-1.0099487
1468532436.357|-0.0209351|0.0028687|-0.9851685
1468532436.383|-0.0194855|0.0096436|-1.0066528
1468532436.4|-0.0588837|0.010498|-0.905304
1468532436.421|-0.026886|-0.001236|-0.9549561
1468532436.444|-0.0177002|0.0047913|-1.0035858
1468532436.465|-0.020401|-6.1e-05|-0.9814148
1468532436.484|-0.0161896|0.0050354|-1.0099792
1468532436.528|-0.0682831|-0.0040588|-0.8335571
1468532436.547|-0.0171661|0.0045624|-1.0059662
1468532436.568|-0.0243378|0.0024567|-0.9830627
1468532436.589|-0.0222015|0.0162811|-1.0224457
1468532436.61|-0.0204773|0.0179901|-1.0328369
1468532436.631|-0.02005|0.0101013|-0.9962311
1468532436.651|-0.0606689|0.0151367|-0.9074097
1468532436.672|-0.0894318|0.0075378|-0.8016205
1468532436.695|-0.0197144|0.0067444|-1.0007477
1468532436.716|-0.0222931|0.0132904|-0.9992828
1468532436.737|-0.0206451|0.0111847|-1.017746
1468532436.758|-0.0209198|0.0038452|-0.9903564
1468532436.781|-0.0174561|0.0072327|-1.0101929
1468532436.8|-0.0187683|0.0084076|-1.0007172
1468532436.82|-0.0201111|0.0063324|-1.0102081
1468532436.841|-0.01828|0.0083923|-0.9997864
1468532436.862|-0.017807|0.0093536|-1.0028534
1468532436.883|-0.0243835|0.0082855|-0.9979095
1468532436.904|-0.0214996|0.0123444|-1.0066223
1468532436.925|-0.0209656|0.0082092|-0.9990692
1468532436.946|-0.0197296|0.0079346|-1.0007324
1468532436.966|-0.0187988|0.0098572|-1.0021362
1468532436.987|0.008606|0.0470734|-1.254776
1468532437.008|-0.0146179|0.0058746|-0.9927063
1468532437.029|-0.0232849|0.0018158|-0.9587097
1468532437.05|-0.0252228|0.0096741|-0.9863129
1468532437.071|-0.0217133|0.0113831|-1.0054474
1468532437.092|-0.0216217|0.0082703|-1.0075989
1468532437.114|-0.0224152|0.0077667|-0.9993134
1468532437.135|-0.0192719|0.0113525|-1.0078125
1468532437.156|-0.0191956|0.0069885|-1.0028839
1468532437.177|-0.0205231|0.0115814|-1.0037994
1468532437.198|-0.0157928|0.0083923|-1.0080566
1468532437.219|-0.0202332|0.0077209|-0.9979095
1468532437.241|-0.0231018|0.0087738|-1.0064087
1468532437.261|-0.0180664|0.0115509|-1.0047302
1468532437.283|-0.018219|0.0077057|-1.0052032
1468532437.303|-0.0201874|0.006012|-0.9960327
1468532437.324|-0.0221558|0.0097198|-1.0083008
1468532437.345|-0.020462|0.0074768|-0.9995728
1468532437.366|-0.0192413|0.0094147|-1.0050049
1468532437.387|-0.0228119|0.0061035|-1.0028839
1468532437.408|-0.0201569|0.0072632|-1.0059662
1468532437.429|-0.0209503|0.0079651|-0.9995575
1468532437.451|-0.0175934|0.0100708|-1.0023651
1468532437.471|-0.0219116|0.0075073|-1.0002747
1468532437.493|-0.0233002|0.0066223|-1.0059662
1468532437.513|-0.0223694|0.006073|-1.0002747
1468532437.534|-0.0209808|0.0103912|-1.0033112
1468532437.555|-0.0199585|0.0082092|-1.0030975
1468532437.576|-0.0192413|0.0094147|-1.0059509
1468532437.597|-0.019455|0.0086975|-1.0059509
1468532437.618|-0.0213776|0.0077972|-1.0075989
1468532437.639|-0.019455|0.0072327|-1.0014648
1468532437.66|-0.0197296|0.0082092|-1.0042725
1468532437.681|-0.019165|0.0057983|-1.0031128
1468532437.704|-0.018219|0.0077057|-1.0056915
1468532437.725|-0.0191956|0.0067749|-1.0045319
1468532437.746|-0.0209198|0.008728|-1.0050049
1468532437.767|-0.0174713|0.006485|-1.0047607
1468532437.788|-0.0204773|0.0103912|-1.0063934
1468532437.809|-0.0184937|0.0091553|-1.0052032
1468532437.828|-0.0175323|0.0083923|-1.0028534
1468532437.85|-0.0216675|0.0092163|-1.0045166
1468532437.871|-0.0187836|0.0098724|-1.0042572
1468532437.892|-0.0206451|0.0079956|-1.0059509
1468532437.913|-0.0165558|0.0086212|-1.0026093
1468532437.934|-0.0189667|0.0084381|-1.0047607
1468532437.956|-0.0197754|0.0030365|-0.9788055
1468532437.977|-0.016037|0.0049896|-0.9979248
1468532437.998|-0.0214081|0.009964|-1.0101929
1468532438.019|-0.0217743|0.00914|-0.9889221
1468532438.043|-0.0179138|0.0151367|-1.0061035
1468532438.061|-0.0148163|0.0181427|-1.0403748
1468532438.081|-0.0121765|0.0117035|-1.0144043
1468532438.102|-0.0155792|0.0142212|-1.0238647
1468532438.123|-0.0288391|0.0106812|-1.0253143
1468532438.144|0.0481567|0.0141144|-0.9960327
1468532438.165|-0.0376434|0.1399689|-0.9651337
1468532438.186|-0.0596008|0.0427704|-1.1469574
1468532438.207|-0.0519257|0.0183868|-1.2591553
1468532438.228|0.0095367|0.0041046|-1.1753845
1468532438.249|0.0582275|0.0732574|-1.036499
1468532438.27|-0.0105896|0.1201324|-1.0131836
1468532438.291|-0.0340271|0.1275024|-0.9893036
1468532438.313|0.0378418|0.0836792|-1.0078735
1468532438.333|0.0768738|-0.0170898|-1.0370789
1468532438.354|0.067276|-0.0450439|-1.031601
1468532438.375|-0.0121918|-0.0283051|-0.9461212
1468532438.397|-0.0314026|-0.0286255|-0.8449707
1468532438.418|-0.0269775|-0.0493317|-0.815567
1468532438.439|-0.0343628|-0.0918732|-0.8357239
1468532438.46|-0.0016479|-0.1308594|-0.830246
1468532438.481|0.0922699|-0.1528625|-0.840332
1468532438.502|0.1277924|-0.147171|-0.794342
1468532438.523|-0.0112|-0.1250763|-0.838501
1468532438.544|0.0152893|-0.1588593|-0.9332275
1468532438.565|0.0777435|-0.1699677|-0.9631805
1468532438.586|0.0434113|-0.148468|-0.9210205
1468532438.607|0.0648346|-0.1253662|-0.8305206
1468532438.628|0.1214294|-0.1384735|-0.81604
1468532438.649|0.1504059|-0.1757965|-0.8391571
1468532438.669|0.2366638|-0.2341309|-0.8123779
1468532438.691|0.3723755|-0.2565002|-0.8840485
1468532438.712|0.3704071|-0.2016602|-0.9260101
1468532438.733|0.3029633|-0.1880798|-0.8865967
1468532438.754|0.3023376|-0.1471558|-0.8967285
1468532438.775|0.3237762|-0.1650848|-0.9140625
1468532438.796|0.2701263|-0.2976837|-1.0014038
1468532438.818|0.1846161|-0.3006744|-1.0307007
1468532438.839|0.1854553|-0.2141266|-1.0249023
1468532438.86|0.270401|-0.1883087|-0.9876404
1468532438.881|0.2473755|-0.2188568|-1.0328369
1468532438.902|0.0850372|-0.2886353|-1.3599701
1468532438.923|0.0322113|-0.3207092|-1.585144
1468532438.946|0.3454437|-0.1758575|-1.2601776
1468532438.965|0.3615112|-0.1098328|-1.0710297
1468532438.986|0.2858582|-0.1237946|-1.0166931
1468532439.007|0.2312775|-0.1049194|-0.9918976
1468532439.029|0.2034912|-0.0979309|-0.9689789
1468532439.049|0.1895905|-0.1126251|-0.9490204
1468532439.07|0.0915833|-0.1123352|-0.90979
1468532439.091|0.0354462|-0.2032623|-0.8507538
1468532439.112|-0.0636139|-0.228775|-0.8852081
1468532439.133|-0.1916199|-0.2393341|-0.9014435
1468532439.155|-0.2453613|-0.2113495|-0.6808167
1468532439.175|-0.2576141|-0.2555389|-0.8317566
1468532439.196|-0.22229|-0.2486572|-0.9661407
1468532439.217|-0.1811981|-0.1842041|-1.1464386
1468532439.239|-0.1287689|-0.1544189|-1.1309662
1468532439.26|-0.1095734|-0.1404877|-1.0736084
1468532439.281|-0.1334229|-0.100647|-0.9944458
1468532439.302|-0.2125854|-0.0593719|-0.8697815
1468532439.323|-0.1808319|-0.1223297|-0.9214172
1468532439.344|-0.1638031|-0.1484833|-1.0088043
1468532439.365|-0.241272|-0.1062927|-1.0221863
1468532439.386|-0.2860565|-0.0676422|-1.0042877
1468532439.407|-0.2760315|-0.0187988|-1.0032349
1468532439.428|-0.2559662|-0.0396576|-1.0576935
1468532439.449|-0.2342072|-0.1002197|-1.11409
1468532439.47|-0.2292633|-0.1565704|-1.0752106
1468532439.491|-0.2653809|-0.1760559|-1.0577087
1468532439.512|-0.2581329|-0.1252289|-1.0131226
1468532439.532|-0.2544556|-0.1194305|-0.9367218
1468532439.555|-0.3183746|-0.0642242|-0.915451
1468532439.575|-0.2823181|-0.1170349|-0.8549652
1468532439.598|-0.1830139|-0.2575684|-0.8516693
1468532439.637|0.0259247|-0.3837128|-0.6973877
1468532439.661|-0.0072174|-0.3722076|-0.6851044
1468532439.686|-0.136673|-0.3347931|-0.8605804
1468532439.727|-0.1985016|-0.272934|-1.1225281
1468532439.742|-0.1344757|-0.1873322|-0.9721069
1468532439.765|-0.0804901|-0.1564026|-0.9048615
1468532439.785|-0.0344238|-0.1680145|-0.9504547
1468532439.805|-0.0251312|-0.1629944|-1.0792389
1468532439.827|-0.9681702|-0.4598389|-0.8753815
1468532439.847|-0.1630249|-0.3108521|-0.7198181
1468532439.868|0.2060394|-0.5014038|-0.9551849
1468532439.889|-0.1586456|-0.2966919|-0.9731598
1468532439.91|-0.0971069|-0.2360992|-1.0059357
1468532439.932|-0.0828705|-0.2740021|-1.0392456
1468532439.952|-0.0740051|-0.2818604|-1.0969543
1468532439.973|-0.1200256|-0.2708893|-1.0185089
1468532439.994|-0.1007385|-0.2741089|-0.986557
1468532440.015|-0.083847|-0.2558594|-0.9608765
1468532440.038|-0.0723877|-0.2565613|-0.962738
1468532440.056|-0.1074524|-0.2635956|-0.8943024
1468532440.078|-0.109726|-0.2660522|-0.876358
1468532440.119|-0.0413818|-0.2503357|-1.0004425
1468532440.142|-0.0896149|-0.2632294|-1.0462799
1468532440.16|-0.0926361|-0.245575|-0.9537354
1468532440.183|-0.1097412|-0.2511444|-0.9216614
1468532440.202|-0.123764|-0.2476501|-0.9826508
1468532440.223|-0.1238708|-0.2405396|-1.0587311
1468532440.244|-0.0960693|-0.2487793|-0.9757385
1468532440.265|-0.1251221|-0.2637939|-0.87117
1468532440.285|-0.1170807|-0.2511749|-0.8819733
1468532440.306|-0.075058|-0.2699738|-0.9169769
1468532440.328|-0.0872345|-0.2920685|-1.0128937
1468532440.348|-0.103302|-0.2368317|-1.0241394
1468532440.369|-0.1353302|-0.2567902|-0.9293213
1468532440.39|-0.117218|-0.2687378|-0.975708
1468532440.411|-0.099823|-0.2749634|-1.010437
1468532440.431|-0.0967255|-0.2634583|-0.96875
1468532440.477|-0.098465|-0.282196|-0.9681854
1468532440.515|-0.0881653|-0.3122101|-1.0220337
1468532440.536|-0.1589203|-0.2763824|-0.8985291
1468532440.557|-0.1337128|-0.2775116|-0.8831329
1468532440.578|-0.0943451|-0.2913971|-0.9722595
1468532440.599|-0.1148682|-0.2940063|-0.9855652
1468532440.621|-0.11763|-0.2961273|-0.9321594
1468532440.641|-0.1244965|-0.3116455|-0.973877
1468532440.662|-0.1201324|-0.3053894|-0.9946136
1468532440.683|-0.1235352|-0.3064117|-0.9208832
1468532440.704|-0.121582|-0.3147583|-0.8930511
1468532440.725|-0.1221313|-0.3165588|-0.914566
1468532440.746|-0.1412506|-0.306488|-0.9242554
1468532440.766|-0.1239166|-0.3071136|-0.967453
1468532440.787|-0.1321716|-0.2972412|-0.9333649
1468532440.808|-0.1266785|-0.298172|-0.9163513
1468532440.83|-0.1214142|-0.3114777|-0.9270782
1468532440.851|-0.1347656|-0.3106384|-0.9363098
1468532440.871|-0.1100006|-0.3140564|-0.9887543
1468532440.893|-0.1206665|-0.3164978|-0.9833679
1468532440.914|-0.1421204|-0.3178711|-0.9009247
1468532440.934|-0.1426392|-0.3181305|-0.8968964
1468532440.955|-0.138855|-0.3215332|-0.9051819
1468532440.976|-0.1315765|-0.311615|-0.9017944
1468532440.997|-0.1178894|-0.3165741|-0.9292145
1468532441.017|-0.1201172|-0.3143616|-0.9308472
1468532441.038|-0.118042|-0.3236084|-0.9195557
1468532441.059|-0.1495972|-0.3171692|-0.9125214
1468532441.205|-0.1365967|-0.312973|-0.9417725
1468532441.226|-0.1207123|-0.3076477|-0.9719543
1468532441.246|-0.1351929|-0.3022919|-0.9679413
1468532441.267|-0.1395416|-0.3038177|-0.9341431
1468532441.288|-0.1376801|-0.309845|-0.9382019
1468532441.309|-0.127594|-0.3112335|-0.9493103
1468532441.33|-0.137146|-0.3049316|-0.9594574
1468532441.351|-0.1493073|-0.298233|-0.9478455
1468532441.372|-0.1457672|-0.2957001|-0.9414215
1468532441.393|-0.1455231|-0.296936|-0.9357605
1468532441.413|-0.1367035|-0.2968292|-0.9482727
1468532441.434|-0.1401978|-0.2973022|-0.9312744
1468532441.456|-0.1401367|-0.2987213|-0.9367065
1468532441.477|-0.142807|-0.2986603|-0.9390869
1468532441.499|-0.1345673|-0.2957001|-0.9452057
1468532441.518|-0.1460419|-0.2935181|-0.9456635
1468532441.539|-0.1511078|-0.2902069|-0.9610443
1468532441.56|-0.1455231|-0.2987213|-0.9646149
1468532441.583|-0.1477966|-0.2984619|-0.9530487
1468532441.603|-0.1531067|-0.2997894|-0.9563904
1468532441.623|-0.1518707|-0.3054504|-0.9396057
1468532441.644|-0.1519165|-0.3079224|-0.9244995
1468532441.665|-0.1528015|-0.3115082|-0.9259491
1468532441.685|-0.1468658|-0.311554|-0.9410858
1468532441.706|-0.1386414|-0.3147736|-0.9576111
1468532441.726|-0.1333923|-0.3127747|-0.9502563
1468532441.748|-0.1300659|-0.3153381|-0.9323273
1468532441.768|-0.1250153|-0.3187561|-0.9443817
1468532441.789|-0.1197968|-0.3175812|-0.964447
1468532441.81|-0.1299286|-0.3196564|-0.9365845
1468532441.831|-0.1312561|-0.3246765|-0.9354553
1468532441.852|-0.1273499|-0.3269348|-0.9328613
1468532441.873|-0.1319885|-0.3256226|-0.9330902
1468532441.894|-0.1259308|-0.323822|-0.939209
1468532441.915|-0.1286163|-0.3257141|-0.928833
1468532441.938|-0.1305389|-0.3335419|-0.9423676
1468532441.96|-0.1255188|-0.3386993|-0.9466553
1468532441.979|-0.1331024|-0.3341522|-0.9535065
1468532441.999|-0.1273956|-0.3434906|-0.9391174
1468532442.023|-0.118103|-0.3414154|-0.9185181
1468532442.041|-0.1305695|-0.3360291|-0.9305725
1468532442.063|-0.1346283|-0.3366241|-0.9360199
1468532442.082|-0.1359253|-0.3405609|-0.9133606
1468532442.103|-0.1345673|-0.3367615|-0.9109497
1468532442.124|-0.1300049|-0.343811|-0.9131165
1468532442.145|-0.130127|-0.3461609|-0.9232941
1468532442.167|-0.125946|-0.347229|-0.924942
1468532442.187|-0.1271515|-0.3466949|-0.9306335
1468532442.208|-0.1272736|-0.3487854|-0.937973
1468532442.229|-0.1291656|-0.3442535|-0.928009
1468532442.25|-0.1281891|-0.3430328|-0.9320221
1468532442.271|-0.1334991|-0.3436279|-0.9372406
1468532442.292|-0.1357422|-0.3433533|-0.9296875
1468532442.313|-0.1275024|-0.3452606|-0.9187927
1468532442.334|-0.1227264|-0.3400726|-0.9237061
1468532442.355|-0.1212311|-0.3443146|-0.9490356
1468532442.376|-0.127533|-0.3485413|-0.9407959
1468532442.397|-0.1299591|-0.3514252|-0.9299622
1468532442.418|-0.1360474|-0.3525391|-0.9226532
1468532442.438|-0.1335144|-0.3487701|-0.9169464
1468532442.46|-0.1325836|-0.3468781|-0.91716
1468532442.481|-0.1325378|-0.3458557|-0.9270782
1468532442.502|-0.1320648|-0.3444061|-0.9299164
1468532442.523|-0.1329193|-0.3378906|-0.9336548
1468532442.543|-0.1277008|-0.3494873|-0.9446106
1468532442.565|-0.1316986|-0.3484802|-0.9348907
1468532442.585|-0.1399231|-0.3420868|-0.9263916
1468532442.606|-0.1284943|-0.3509827|-0.9287567
1468532442.626|-0.1382446|-0.3414001|-0.9258728
1468532442.65|-0.1347809|-0.3448639|-0.9226074
1468532442.669|-0.1296234|-0.3449554|-0.9266205
1468532442.69|-0.1278687|-0.3466797|-0.9308624
1468532442.711|-0.1305237|-0.3495331|-0.9237976
1468532442.731|-0.1244507|-0.3479462|-0.9301453
1468532442.752|-0.1231079|-0.3500824|-0.938446
1468532442.774|-0.1235962|-0.3503265|-0.9393921
1468532442.794|-0.1217651|-0.3492279|-0.9275665
1468532442.815|-0.1280518|-0.3421478|-0.9213867
1468532442.836|-0.1284637|-0.3447571|-0.9235382
1468532442.857|-0.1329193|-0.3477173|-0.9358521
1468532442.878|-0.1395874|-0.3435059|-0.9334869
1468532442.899|-0.1336365|-0.3403168|-0.9273071
1468532442.92|-0.129837|-0.3434601|-0.9369965
1468532442.941|-0.1340027|-0.3441162|-0.9320374
1468532442.962|-0.1335449|-0.3446198|-0.9282837
1468532442.983|-0.1323395|-0.3432007|-0.93013
1468532443.003|-0.1328125|-0.3461151|-0.9204712
1468532443.025|-0.1368256|-0.3409882|-0.9199677
1468532443.046|-0.1320038|-0.3465729|-0.9315796
1468532443.066|-0.1378784|-0.3437805|-0.9337006
1468532443.087|-0.1317749|-0.3473206|-0.9256897
1468532443.108|-0.132431|-0.3499451|-0.9278107
1468532443.129|-0.1312714|-0.346344|-0.9315796
1468532443.15|-0.1356812|-0.345993|-0.9306488
1468532443.171|-0.1310577|-0.3473358|-0.9263916
1468532443.192|-0.1312866|-0.34758|-0.9256897
1468532443.213|-0.1346893|-0.3467712|-0.929718
1468532443.234|-0.1273956|-0.3474121|-0.9263916
1468532443.255|-0.1303558|-0.3439484|-0.9339142
1468532443.276|-0.1269379|-0.3452301|-0.9292145
1468532443.297|-0.1230469|-0.3472748|-0.9256744
1468532443.318|-0.1262054|-0.3442841|-0.9315491
1468532443.339|-0.1247253|-0.3490143|-0.9549866
1468532443.36|-0.1256866|-0.3408508|-0.9494934
1468532443.38|-0.1403046|-0.335495|-0.8956146
1468532443.401|-0.1243286|-0.3455048|-0.8868713
1468532443.422|-0.1277924|-0.3525543|-0.9554901
1468532443.444|-0.1216583|-0.3588257|-0.9791565
1468532443.464|-0.1277771|-0.3553009|-0.9836426
1468532443.485|-0.1399994|-0.3421478|-0.9143372
1468532443.506|-0.1293335|-0.349411|-0.8538208
1468532443.548|-0.1381836|-0.3546448|-0.9252625
1468532443.569|-0.1302032|-0.3643036|-0.9534454
1468532443.59|-0.1340637|-0.3471832|-0.9460144
1468532443.613|-0.1278076|-0.3199158|-0.8904877
1468532443.632|-0.0878296|-0.3649445|-0.9654083
1468532443.653|-0.1309662|-0.3654022|-1.0163422
1468532443.673|-0.120224|-0.3809204|-1.0400696
1468532443.711|-0.145752|-0.3510742|-0.9297791
1468532443.777|-0.1332092|-0.365448|-0.906189
1468532443.798|-0.1475525|-0.3678589|-0.9308319
1468532443.82|-0.1586761|-0.3445587|-0.8777313
1468532443.84|-0.1155548|-0.3817444|-0.9398346
1468532443.861|-0.1304474|-0.363678|-1.0262451
1468532443.882|-0.1311035|-0.3681946|-0.98703
1468532443.904|-0.1457367|-0.3482971|-0.9096527
1468532443.924|-0.1309662|-0.3491058|-0.8620911
1468532443.945|-0.1290283|-0.3598022|-0.8959656
1468532443.966|-0.1224976|-0.3701477|-0.9279327
1468532443.987|-0.1409302|-0.3672485|-0.9407501
1468532444.008|-0.1377411|-0.3596497|-0.9371185
1468532444.03|-0.1326294|-0.3572998|-0.9453735
1468532444.05|-0.1392975|-0.3529816|-0.9129639
1468532444.072|-0.1358795|-0.364151|-0.910675
1468532444.093|-0.1401062|-0.355072|-0.9262238
1468532444.114|-0.1334534|-0.3595428|-0.9264832
1468532444.135|-0.1357727|-0.3596802|-0.9382935
1468532444.156|-0.1437225|-0.3571625|-0.922699
1468532444.177|-0.1333466|-0.355011|-0.9217224
1468532444.198|-0.1268311|-0.3582153|-0.9359131
1468532444.219|-0.1418457|-0.3584747|-0.9094696
1468532444.24|-0.1346283|-0.3614502|-0.9224701
1468532444.261|-0.1345825|-0.3574829|-0.9439545
1468532444.282|-0.1371613|-0.3580627|-0.9200897
1468532444.303|-0.1336212|-0.3547821|-0.9165192
1468532444.324|-0.1327667|-0.359848|-0.9170227
1468532444.345|-0.132431|-0.3548431|-0.9122467
1468532444.366|-0.1327972|-0.3551483|-0.8937988
1468532444.387|-0.1327362|-0.357605|-0.9307251
1468532444.408|-0.1317749|-0.3572235|-0.9628448
1468532444.429|-0.1334229|-0.3553772|-0.9429932
1468532444.45|-0.1417084|-0.3583832|-0.9293365
1468532444.471|-0.131546|-0.3557129|-0.9295197
1468532444.493|-0.1341095|-0.3542938|-0.9160461
1468532444.514|-0.1358643|-0.3523254|-0.916748
1468532444.534|-0.140213|-0.3519897|-0.9219513
1468532444.556|-0.1325684|-0.3483276|-0.914566
1468532444.577|-0.1357269|-0.3563995|-0.9212646
1468532444.598|-0.1329956|-0.3527679|-0.939682
1468532444.619|-0.1295319|-0.3571777|-0.9347229
1468532444.64|-0.1323242|-0.3537903|-0.9292755
1468532444.661|-0.130127|-0.3572388|-0.9212494
1468532444.682|-0.1316528|-0.3545685|-0.9188538
1468532444.703|-0.1289673|-0.3546295|-0.9205322
1468532444.724|-0.1366577|-0.3513641|-0.9094086
1468532444.745|-0.1382599|-0.3510132|-0.9283295
1468532444.766|-0.1345062|-0.3537292|-0.9314117
1468532444.787|-0.133316|-0.3542633|-0.9278564
1468532444.808|-0.129303|-0.3606262|-0.921524
1468532444.83|-0.127243|-0.3543854|-0.9257355
1468532444.85|-0.1295929|-0.3547974|-0.9335327
1468532444.871|-0.1259155|-0.3555756|-0.9365845
1468532444.892|-0.1327972|-0.3537598|-0.9318848
1468532444.913|-0.1339569|-0.3501892|-0.9195709
1468532444.934|-0.1302948|-0.3509979|-0.9186096
1468532444.955|-0.1374969|-0.3505402|-0.9290161
1468532444.976|-0.1366119|-0.3503571|-0.9209747
1468532444.997|-0.1347961|-0.3535004|-0.9259644
1468532445.019|-0.1347961|-0.3517914|-0.9299774
1468532445.041|-0.1379089|-0.3553619|-0.9276276
1468532445.06|-0.1357727|-0.3512878|-0.9311523
1468532445.082|-0.1400909|-0.3594666|-0.9146729
1468532445.103|-0.135025|-0.35495|-0.9243164
1468532445.124|-0.1303558|-0.3557587|-0.9264526
1468532445.145|-0.134903|-0.3494263|-0.9228668
1468532445.166|-0.1330872|-0.3525848|-0.9280853
1468532445.187|-0.1384583|-0.3539276|-0.9205475
1468532445.208|-0.1377411|-0.353714|-0.9193573
1468532445.229|-0.1352386|-0.3551788|-0.9259644
1468532445.25|-0.1345062|-0.3564148|-0.9224396
1468532445.271|-0.1347961|-0.3537598|-0.9221954
1468532445.292|-0.1325836|-0.3557434|-0.9212494
1468532445.313|-0.1355591|-0.3532562|-0.9235992
1468532445.334|-0.1344757|-0.3544464|-0.933548
1468532445.355|-0.1325226|-0.3576508|-0.9245605
1468532445.376|-0.1435547|-0.3516083|-0.9288025
1468532445.397|-0.1382751|-0.3534851|-0.9177094
1468532445.418|-0.1429749|-0.3500214|-0.9150848
1468532445.44|-0.1477051|-0.3525085|-0.925766
1468532445.46|-0.1451263|-0.348465|-0.926178
1468532445.481|-0.1428375|-0.3531036|-0.9224243
1468532445.503|-0.139328|-0.3550568|-0.9316711
1468532445.524|-0.1390991|-0.355072|-0.9311829
1468532445.545|-0.1437988|-0.354538|-0.9207764
1468532445.566|-0.1385345|-0.349823|-0.9221649
1468532445.587|-0.1378784|-0.3467255|-0.9242706
1468532445.608|-0.1411438|-0.3538666|-0.9196167
1468532445.629|-0.13974|-0.3505096|-0.9226532
1468532445.65|-0.1418152|-0.3567352|-0.921524
1468532445.671|-0.1469574|-0.3535004|-0.923645
1468532445.692|-0.1421204|-0.3514099|-0.9281006
1468532445.713|-0.1393433|-0.3553162|-0.929306
1468532445.734|-0.1358032|-0.3512878|-0.9283295
1468532445.755|-0.1318817|-0.3526154|-0.9273682
1468532445.776|-0.1335449|-0.3566742|-0.9219666
1468532445.797|-0.1318817|-0.3538361|-0.9238281
1468532445.818|-0.1368866|-0.3558197|-0.9319
1468532445.839|-0.1393738|-0.3521576|-0.9363708
1468532445.86|-0.1436615|-0.3477631|-0.9285431
1468532445.881|-0.1444092|-0.3499756|-0.918396
1468532445.902|-0.1410065|-0.3497925|-0.9188538
1468532445.924|-0.1466675|-0.3470306|-0.9160309
1468532445.944|-0.1467896|-0.3500977|-0.9262085
1468532445.965|-0.1404419|-0.3497467|-0.9292755
1468532445.986|-0.147583|-0.3498993|-0.9174652
1468532446.007|-0.1400299|-0.3505402|-0.9165039
1468532446.028|-0.1364899|-0.3529663|-0.9299774
1468532446.049|-0.1357117|-0.352951|-0.9361267
1468532446.07|-0.1346588|-0.3494263|-0.9252319
1468532446.091|-0.1346436|-0.3521271|-0.917923
1468532446.113|-0.140213|-0.352951|-0.9179382
1468532446.134|-0.1344757|-0.3566284|-0.926712
1468532446.155|-0.1327972|-0.3537598|-0.9314117
1468532446.176|-0.1322784|-0.3552094|-0.9330444
1468532446.197|-0.1305084|-0.3569183|-0.9363708
1468532446.218|-0.135437|-0.3575592|-0.9271698
1468532446.239|-0.1331329|-0.3518677|-0.9226532
1468532446.26|-0.13591|-0.3511353|-0.9141388
1468532446.281|-0.139267|-0.3515015|-0.9203033
1468532446.302|-0.1355743|-0.3498383|-0.9325714
1468532446.323|-0.1391754|-0.3524323|-0.9295197
1468532446.344|-0.1375427|-0.3451996|-0.9398499
1468532446.366|-0.1339722|-0.3549347|-0.934494
1468532446.386|-0.1383362|-0.3572693|-0.926712
1468532446.407|-0.1419525|-0.3509674|-0.9219513
1468532446.428|-0.1363373|-0.3505859|-0.9221649
1468532446.449|-0.1392059|-0.3477325|-0.9048767
1468532446.471|-0.140274|-0.3473663|-0.9285431
1468532446.492|-0.1399078|-0.3514252|-0.9328156
1468532446.513|-0.1433716|-0.3504181|-0.9252472
1468532446.534|-0.13237|-0.3533173|-0.9257202
1468532446.555|-0.1317139|-0.3502045|-0.9259186
1468532446.576|-0.139267|-0.3505249|-0.9221802
1468532446.597|-0.1418152|-0.3459167|-0.9212036
1468532446.618|-0.1381683|-0.347229|-0.9164734
1468532446.639|-0.1407318|-0.3483124|-0.9306793
1468532446.661|-0.1374512|-0.3512421|-0.9344788
1468532446.681|-0.1357727|-0.3522644|-0.9302063
1468532446.702|-0.1367493|-0.3525085|-0.9273834
1468532446.723|-0.1309662|-0.351181|-0.927124
1468532446.744|-0.1287079|-0.3531342|-0.9292603
1468532446.765|-0.1336975|-0.3479919|-0.9271088
1468532446.786|-0.1387329|-0.3527374|-0.9202881
1468532446.807|-0.1361542|-0.3474731|-0.925705
1468532446.828|-0.1342926|-0.3517914|-0.9328003
1468532446.849|-0.1370239|-0.3502808|-0.9323273
1468532446.871|-0.1395721|-0.3464355|-0.9273529
1468532446.892|-0.1360016|-0.3436127|-0.9263763
1468532446.913|-0.138504|-0.3483429|-0.9342041
1468532446.934|-0.1394653|-0.3483124|-0.9356384
1468532446.955|-0.1395111|-0.3502808|-0.9226532
1468532446.976|-0.1361084|-0.3491516|-0.9257202
1468532446.997|-0.1264648|-0.3524323|-0.9398804
1468532447.017|-0.1360321|-0.3505554|-0.932785
1468532447.039|-0.1361084|-0.3508606|-0.9202728
1468532447.059|-0.1304321|-0.3531342|-0.9247589
1468532447.081|-0.1378326|-0.3479004|-0.9254608
1468532447.102|-0.1341553|-0.3504028|-0.9228668
1468532447.123|-0.1348724|-0.3484344|-0.9308929
1468532447.143|-0.1360474|-0.3532715|-0.9214783
1468532447.164|-0.1350708|-0.352066|-0.9259491
1468532447.186|-0.1359863|-0.3534698|-0.9297638
1468532447.207|-0.1362457|-0.3517609|-0.9311523
1468532447.227|-0.1329193|-0.3516235|-0.9233551
1468532447.249|-0.13591|-0.3484497|-0.9235687
1468532447.27|-0.1390076|-0.3493195|-0.9273682
1468532447.291|-0.1356964|-0.3551483|-0.9307098
1468532447.312|-0.1377258|-0.3527222|-0.9264374
1468532447.333|-0.1346436|-0.3501434|-0.926178
1468532447.354|-0.1373901|-0.3481903|-0.9205017
1468532447.376|-0.1349945|-0.3468018|-0.9193115
1468532447.396|-0.1358643|-0.349411|-0.9247589
1468532447.417|-0.1334381|-0.3511658|-0.9200439
1468532447.438|-0.1352386|-0.3549194|-0.9285736
1468532447.459|-0.1283112|-0.3564911|-0.9368439
1468532447.481|-0.1349182|-0.3538971|-0.9408569
1468532447.501|-0.1333008|-0.3508301|-0.9403687
1468532447.522|-0.128418|-0.3447266|-0.9287262
1468532447.543|-0.1342316|-0.3499756|-0.9131775
1468532447.564|-0.134964|-0.3482361|-0.9197693
1468532447.585|-0.137619|-0.3481903|-0.9209595
1468532447.606|-0.1389618|-0.3529358|-0.9228821
1468532447.627|-0.1364594|-0.3529358|-0.9347076
1468532447.648|-0.1359406|-0.3539276|-0.9342499
1468532447.67|-0.1343689|-0.3506317|-0.92453
1468532447.69|-0.1289978|-0.3522034|-0.9264221
1468532447.711|-0.1307068|-0.3511963|-0.9273682
1468532447.732|-0.1318512|-0.352829|-0.9325714
1468532447.753|-0.1357574|-0.3520203|-0.9316406
1468532447.773|-0.1371765|-0.3544006|-0.9295197
1468532447.794|-0.1374817|-0.3505402|-0.9311371
1468532447.815|-0.138092|-0.3498535|-0.9193268
1468532447.836|-0.1351776|-0.3487091|-0.9202576
1468532447.857|-0.1379852|-0.3514862|-0.9304504
1468532447.877|-0.13797|-0.3527222|-0.9266815
1468532447.898|-0.1349945|-0.3542023|-0.9288025
1468532447.92|-0.1414032|-0.3521729|-0.9247894
1468532447.941|-0.1420593|-0.3540649|-0.926712
1468532447.962|-0.1329956|-0.3559265|-0.9307251
1468532447.983|-0.1320801|-0.3545227|-0.9278412
1468532448.004|-0.1365204|-0.3505554|-0.9311371
1468532448.025|-0.134613|-0.352829|-0.9207458
1468532448.047|-0.1405487|-0.3505554|-0.9117737
1468532448.066|-0.1319885|-0.3511963|-0.9190826
1468532448.088|-0.13797|-0.3522186|-0.9299774
1468532448.108|-0.1331177|-0.3530731|-0.9233551
1468532448.151|-0.1334381|-0.3526459|-0.9155579
1468532448.175|-0.1341705|-0.3526306|-0.9131927
1468532448.212|-0.1309509|-0.3578491|-0.9394684
1468532448.235|-0.1452332|-0.3566742|-0.9184418
1468532448.254|-0.1510162|-0.3500061|-0.8784637
1468532448.276|-0.1227112|-0.3617096|-0.925766
1468532448.296|-0.1369324|-0.3438873|-0.9653778
1468532448.318|-0.1332397|-0.3599701|-0.9867859
1468532448.338|-0.1834259|-0.3615265|-0.9320526
1468532448.362|-0.1347809|-0.3293457|-0.9026337
1468532448.381|-0.1311646|-0.3594818|-0.9030609
1468532448.402|-0.1056519|-0.3670349|-0.9441681
1468532448.423|-0.1337128|-0.3689423|-0.9239349
1468532448.446|-0.1326294|-0.3660583|-0.8806458
1468532448.465|-0.1567535|-0.3589325|-0.8972015
1468532448.487|-0.1139832|-0.3570557|-0.9339752
1468532448.507|-0.1265411|-0.3438416|-0.9242249
1468532448.529|-0.1264038|-0.3760223|-0.9369812
1468532448.549|-0.1616974|-0.3636932|-0.9360199
1468532448.57|-0.1522369|-0.3353271|-0.9263611
1468532448.591|-0.1328888|-0.3515472|-0.8921356
1468532448.611|-0.1139526|-0.3656006|-0.9106445
1468532448.632|-0.1377411|-0.3716888|-0.9320068
1468532448.653|-0.1381836|-0.3758392|-0.9221039
1468532448.675|-0.1606293|-0.3643188|-0.9116974
1468532448.696|-0.1052246|-0.3098602|-0.8846893
1468532448.717|-0.0968628|-0.3661652|-0.9195862
1468532448.738|-0.1421204|-0.3628693|-0.9941254
1468532448.759|-0.1685486|-0.3791656|-0.9846039
1468532448.78|-0.1620941|-0.3395844|-0.8956909
1468532448.801|-0.1126251|-0.3591156|-0.9150696
1468532448.822|-0.1212921|-0.3556824|-0.9358673
1468532448.844|-0.1644745|-0.3628693|-0.8918304
1468532448.864|-0.1486053|-0.3793945|-0.8817291
1468532448.885|-0.128479|-0.3625183|-0.9293365
1468532448.927|-0.1201324|-0.353241|-0.9029999
1468532448.952|-0.1278687|-0.3833771|-0.9469757
1468532448.969|-0.1666412|-0.3550415|-0.9565582
1468532448.99|-0.1472778|-0.3478851|-0.9347076
1468532449.011|-0.1207275|-0.3553009|-0.9176788
1468532449.032|-0.1221008|-0.3692932|-0.9487457
1468532449.053|-0.1377869|-0.3727112|-0.9216156
1468532449.074|-0.1745758|-0.368927|-0.8867035
1468532449.095|-0.1256256|-0.3668671|-0.938797
1468532449.137|-0.106842|-0.3390045|-0.8709412
1468532449.158|-0.1611786|-0.3831329|-0.9463196
1468532449.179|-0.1640472|-0.3795929|-0.9661865
1468532449.201|-0.1317444|-0.348587|-0.96138
1468532449.222|-0.1210022|-0.3719177|-0.9610443
1468532449.243|-0.1350861|-0.3636322|-0.9189301
1468532449.264|-0.1582642|-0.3677521|-0.858963
1468532449.283|-0.1475067|-0.3792725|-0.8649445
1468532449.304|-0.1361237|-0.3577118|-0.8959656
1468532449.325|-0.1329498|-0.3381348|-0.9293976
1468532449.346|-0.136322|-0.3648529|-0.9120941
1468532449.367|-0.1472321|-0.3742371|-0.9535675
1468532449.387|-0.1500397|-0.3869171|-0.9619293
1468532449.408|-0.1458435|-0.3502197|-0.9557648
1468532449.434|-0.158844|-0.3711548|-0.8008423
1468532449.451|-0.1519318|-0.3671417|-0.8648682
1468532449.472|-0.1358032|-0.3841095|-0.9569092
1468532449.494|-0.1365814|-0.3787537|-0.9672699
1468532449.514|-0.1557312|-0.366806|-0.9133453
1468532449.535|-0.1524811|-0.3569183|-0.8872681
1468532449.557|-0.1386261|-0.3587646|-0.9172516
1468532449.578|-0.1503296|-0.3621826|-0.9002991
1468532449.599|-0.1562958|-0.3616486|-0.8842163
1468532449.619|-0.1722565|-0.341217|-0.861908
1468532449.641|-0.1062775|-0.3706207|-0.9498749
1468532449.662|-0.1239166|-0.3754883|-1.0513916
1468532449.683|-0.1864014|-0.3571167|-0.9389038
1468532449.704|-0.1425629|-0.3448792|-0.8864594
1468532449.725|-0.1036835|-0.3753815|-0.9215546
1468532449.746|-0.1395416|-0.3655396|-0.9007721
1468532449.767|-0.1590576|-0.362854|-0.8693542
1468532449.788|-0.1546631|-0.3654785|-0.8941803
1468532449.809|-0.1454163|-0.3551636|-0.9321442
1468532449.83|-0.1432343|-0.3574066|-0.9238739
1468532449.851|-0.1458435|-0.3626862|-0.9154358
1468532449.872|-0.1413269|-0.3646545|-0.9284363
1468532449.893|-0.144455|-0.3667755|-0.9248962
1468532449.914|-0.1388245|-0.3675842|-0.9300995
1468532449.935|-0.1360321|-0.3618622|-0.9290924
1468532449.956|-0.1331635|-0.3607635|-0.9269562
1468532449.977|-0.14711|-0.3612213|-0.9151764
1468532449.998|-0.139328|-0.3614197|-0.9120789
1468532450.019|-0.1371613|-0.3666992|-0.9222717
1468532450.041|-0.14534|-0.3604889|-0.9260406
1468532450.062|-0.1396637|-0.366684|-0.9147186
1468532450.083|-0.1493378|-0.3570557|-0.9217682
1468532450.104|-0.1345062|-0.3674774|-0.9194489
1468532450.125|-0.1381836|-0.3575592|-0.9177246
1468532450.146|-0.1444244|-0.3605499|-0.9172821
1468532450.167|-0.1380463|-0.361145|-0.9238892
1468532450.187|-0.1386871|-0.3630219|-0.9267578
1468532450.208|-0.1414337|-0.3639984|-0.9163513
1468532450.229|-0.1407166|-0.3625641|-0.9182434
1468532450.25|-0.1336212|-0.3617096|-0.9267426
1468532450.271|-0.1385956|-0.3570251|-0.9252777
1468532450.292|-0.1378021|-0.3596802|-0.9286041
1468532450.313|-0.1436615|-0.3627319|-0.9132843
1468532450.334|-0.1421204|-0.3575134|-0.9082794
1468532450.355|-0.141449|-0.3605804|-0.9258118
1468532450.376|-0.1462708|-0.360199|-0.9293671
1468532450.397|-0.1405945|-0.3639374|-0.9317322
1468532450.418|-0.1357269|-0.366745|-0.9206238
1468532450.44|-0.135788|-0.3609161|-0.9331055
1468532450.461|-0.1333618|-0.3604584|-0.9347687
1468532450.482|-0.1449585|-0.3628387|-0.9355164
1468532450.503|-0.148056|-0.3560638|-0.9324036
1468532450.524|-0.1451111|-0.36026|-0.9239044
1468532450.545|-0.1404266|-0.3586121|-0.9392548
1468532450.566|-0.1348572|-0.3607178|-0.9276733
1468532450.587|-0.1430817|-0.3618774|-0.8945923
1468532450.608|-0.1389618|-0.356781|-0.8756409
1468532450.629|-0.1285706|-0.3586426|-0.8919373
1468532450.65|-0.1238861|-0.3739624|-0.9239502
1468532450.671|-0.1289062|-0.3760071|-0.9258881
1468532450.692|-0.12146|-0.3821716|-0.9289551
1468532450.713|-0.125061|-0.3798523|-0.9414825
1468532450.734|-0.1198273|-0.3759003|-0.9381409
1468532450.755|-0.1197052|-0.3735504|-0.9300842
1468532450.776|-0.115509|-0.3710632|-0.9168243
1468532450.797|-0.1309814|-0.3632507|-0.9177551
1468532450.818|-0.1300354|-0.37146|-0.9185181
1468532450.839|-0.1353455|-0.3641205|-0.9184723
1468532450.86|-0.1392975|-0.3636017|-0.9085541
1468532450.881|-0.1425476|-0.3640594|-0.8969727
1468532450.902|-0.1433258|-0.3579865|-0.9073486
1468532450.923|-0.1427612|-0.3608856|-0.9075928
1468532450.944|-0.1379547|-0.3679352|-0.9149475
1468532450.965|-0.1430511|-0.3661041|-0.9189606
1468532450.986|-0.1444397|-0.3709106|-0.914978
1468532451.007|-0.1381226|-0.3673859|-0.92276
1468532451.03|-0.1325378|-0.3675079|-0.9225159
1468532451.053|-0.1278839|-0.3678436|-0.9267731
1468532451.071|-0.1284027|-0.3668671|-0.9253235
1468532451.092|-0.1270905|-0.3717194|-0.9265594
1468532451.113|-0.1338501|-0.3631592|-0.9243774
1468532451.134|-0.1302643|-0.3640289|-0.9116058
1468532451.153|-0.1370087|-0.3564148|-0.9120331
1468532451.175|-0.132309|-0.3564606|-0.9233704
1468532451.196|-0.1398163|-0.3601837|-0.9151611
1468532451.217|-0.1412354|-0.3625641|-0.9147034
1468532451.238|-0.1381531|-0.3609924|-0.9078064
1468532451.259|-0.134964|-0.3590851|-0.9172516
1468532451.28|-0.1298065|-0.3591766|-0.9248047
1468532451.301|-0.1221161|-0.3663177|-0.9234161
1468532451.322|-0.1263275|-0.3630829|-0.9222412
1468532451.343|-0.1237183|-0.3676605|-0.9314728
1468532451.364|-0.1248322|-0.3687897|-0.9421082
1468532451.385|-0.1287842|-0.3660583|-0.9449463
1468532451.406|-0.1347351|-0.3549194|-0.9295197
1468532451.427|-0.1346588|-0.3533478|-0.9122467
1468532451.448|-0.1315308|-0.3485413|-0.9223633
1468532451.469|-0.1355438|-0.3564301|-0.9146423
1468532451.49|-0.1425018|-0.3579254|-0.9234161
1468532451.511|-0.1408539|-0.3558044|-0.9219818
1468532451.532|-0.1351471|-0.3583221|-0.9269409
1468532451.553|-0.135498|-0.354187|-0.9307098
1468532451.574|-0.1337128|-0.3544464|-0.937561
1468532451.595|-0.1336823|-0.3556213|-0.9385223
1468532451.617|-0.1443176|-0.3626709|-0.9222717
1468532451.638|-0.1456604|-0.3583527|-0.9196625
1468532451.658|-0.1377869|-0.3623657|-0.9217834
1468532451.679|-0.1382141|-0.3561249|-0.9177246
1468532451.7|-0.1348877|-0.3592682|-0.9267273
1468532451.721|-0.1379089|-0.3575439|-0.9203186
1468532451.742|-0.1381683|-0.3597717|-0.9106445
1468532451.763|-0.1378784|-0.3592377|-0.9198456
1468532451.784|-0.1308746|-0.3576965|-0.9198151
1468532451.805|-0.1300964|-0.3594055|-0.9196167
1468532451.826|-0.1315002|-0.3603363|-0.9217529
1468532451.848|-0.1341248|-0.359024|-0.9328461
1468532451.868|-0.1339417|-0.3657379|-0.9359741
1468532451.889|-0.1365204|-0.363327|-0.9262695
1468532451.91|-0.135849|-0.3604736|-0.9250641
1468532451.932|-0.1403351|-0.3582458|-0.917511
1468532451.952|-0.1435547|-0.3564911|-0.9134827
1468532451.973|-0.1387329|-0.3549194|-0.9134521
1468532451.994|-0.1340637|-0.3562164|-0.9174805
1468532452.015|-0.1445923|-0.3634338|-0.9175415
1468532452.039|-0.1423798|-0.363205|-0.9236908
1468532452.06|-0.1416931|-0.3586121|-0.9317017
1468532452.079|-0.1408997|-0.3610382|-0.9293518
1468532452.101|-0.1371155|-0.3585205|-0.9248199
1468532452.122|-0.1340942|-0.3633881|-0.9229584
1468532452.143|-0.1345215|-0.3566589|-0.9215088
1468532452.163|-0.1364594|-0.3573608|-0.9179535
1468532452.183|-0.1395416|-0.3606415|-0.9189301
1468532452.205|-0.1397705|-0.361618|-0.9170532
1468532452.226|-0.138504|-0.3608856|-0.9253082
1468532452.247|-0.1386719|-0.3630066|-0.9302826
1468532452.268|-0.1412964|-0.3639069|-0.9371643
1468532452.289|-0.1451721|-0.3660126|-0.9300995
1468532452.31|-0.1484375|-0.366745|-0.9126282
1468532452.332|-0.1434021|-0.3644562|-0.9097595
1468532452.352|-0.1472321|-0.3569031|-0.9106598
1468532452.373|-0.147583|-0.3604889|-0.9172974
1468532452.394|-0.1450348|-0.3636322|-0.9222717
1468532452.415|-0.1447754|-0.3633881|-0.9260406
1468532452.436|-0.1419983|-0.3576813|-0.9227142
1468532452.457|-0.1419525|-0.3610687|-0.9194183
1468532452.479|-0.1463165|-0.3619385|-0.9165955
1468532452.499|-0.1422119|-0.3608398|-0.9161072
1468532452.521|-0.1445465|-0.3636475|-0.9229736
1468532452.541|-0.1401367|-0.3629761|-0.9291229
1468532452.562|-0.1395416|-0.367569|-0.9305725
1468532452.584|-0.1431885|-0.3689423|-0.9258728
1468532452.605|-0.1460724|-0.3636627|-0.9142456
1468532452.626|-0.1418762|-0.364212|-0.9194336
1468532452.647|-0.14534|-0.3629303|-0.9158936
1468532452.668|-0.1407471|-0.3638|-0.9104462
1468532452.689|-0.1470947|-0.3631744|-0.9092865
1468532452.71|-0.1461029|-0.3607483|-0.9189453
1468532452.731|-0.1460571|-0.3616791|-0.9239197
1468532452.752|-0.1475372|-0.3614502|-0.9180145
1468532452.773|-0.1522064|-0.3615875|-0.9130554
1468532452.794|-0.1539917|-0.357193|-0.9168243
1468532452.815|-0.1490479|-0.3599854|-0.9149323
1468532452.836|-0.1473541|-0.3575592|-0.9234314
1468532452.857|-0.1467743|-0.3641357|-0.9156647
1468532452.878|-0.1540985|-0.3647003|-0.90979
1468532452.899|-0.1535797|-0.3629913|-0.9187622
1468532452.92|-0.1470032|-0.3618774|-0.925827
1468532452.941|-0.1446686|-0.3583527|-0.9234161
1468532452.962|-0.1395721|-0.3668671|-0.9270172
1468532452.983|-0.1364288|-0.3671875|-0.9251099
1468532453.004|-0.1391449|-0.3656921|-0.9237061
1468532453.025|-0.1418915|-0.3625031|-0.9239197
1468532453.046|-0.1477661|-0.3609161|-0.9239197
1468532453.066|-0.145874|-0.3588104|-0.9234314
1468532453.087|-0.1471405|-0.3583221|-0.9187164
1468532453.109|-0.145874|-0.3607635|-0.9172974
1468532453.13|-0.1461334|-0.3602753|-0.9168396
1468532453.151|-0.1513977|-0.3630219|-0.919693
1468532453.172|-0.1472778|-0.360199|-0.9262848
1468532453.193|-0.146698|-0.3618622|-0.9326782
1468532453.214|-0.1471405|-0.3592834|-0.9163361
1468532453.235|-0.1443787|-0.3627167|-0.9139862
1468532453.256|-0.1426697|-0.360321|-0.9239044
1468532453.277|-0.1377716|-0.3611298|-0.9267426
1468532453.298|-0.1387024|-0.3630219|-0.9265137
1468532453.32|-0.1389771|-0.362793|-0.9236908
1468532453.34|-0.1419525|-0.3603516|-0.9206085
1468532453.362|-0.1417694|-0.3591461|-0.9196472
1468532453.383|-0.1458282|-0.3621826|-0.919693
1468532453.404|-0.1400909|-0.3651581|-0.928894
1468532453.425|-0.1431122|-0.361496|-0.9262695
1468532453.446|-0.1414642|-0.3618164|-0.9184723
1468532453.467|-0.1382599|-0.3611298|-0.9246063
1468532453.488|-0.1438446|-0.3631897|-0.9206238
1468532453.509|-0.1416473|-0.3565521|-0.9096985
1468532453.53|-0.141037|-0.3579712|-0.9215393
1468532453.55|-0.1399994|-0.3606262|-0.9224854
1468532453.571|-0.139679|-0.3627625|-0.9255829
1468532453.591|-0.1496735|-0.3544312|-0.9165497
1468532453.612|-0.1456451|-0.3590851|-0.9184723
1468532453.634|-0.1383972|-0.3575439|-0.9179535
1468532453.655|-0.1427765|-0.35672|-0.9203339
1468532453.675|-0.1434021|-0.3615417|-0.9187164
1468532453.697|-0.1451569|-0.359314|-0.9205933
1468532453.718|-0.1492615|-0.3589478|-0.9255676
1468532453.739|-0.1530304|-0.3553009|-0.9187164
1468532453.76|-0.1451874|-0.3581238|-0.9196472
1468532453.781|-0.1371765|-0.3565826|-0.9241028
1468532453.801|-0.1315155|-0.3608246|-0.9198456
1468532453.822|-0.133606|-0.3624268|-0.9281616
1468532453.844|-0.1301575|-0.3622284|-0.9316864
1468532453.865|-0.1394043|-0.3627472|-0.9295959
1468532453.886|-0.1378479|-0.35849|-0.925293
1468532453.906|-0.1431274|-0.353363|-0.9172363
1468532453.927|-0.1430359|-0.3576965|-0.91539
1468532453.949|-0.1398163|-0.3574829|-0.9250488
1468532453.97|-0.1456299|-0.3581085|-0.9239044
1468532453.991|-0.1473694|-0.3592834|-0.9170532
1468532454.012|-0.1477814|-0.3582458|-0.9300537
1468532454.033|-0.1432648|-0.355011|-0.9250336
1468532454.054|-0.139328|-0.3572693|-0.9248199
1468532454.075|-0.1419067|-0.3600769|-0.9279175
1468532454.096|-0.142395|-0.3615112|-0.9255676
1468532454.117|-0.1396179|-0.3577576|-0.917511
1468532454.138|-0.1418304|-0.3579865|-0.9151459
1468532454.159|-0.142746|-0.357193|-0.923172
1468532454.18|-0.1378937|-0.3575287|-0.9226837
1468532454.201|-0.1361084|-0.3594818|-0.9271851
1468532454.222|-0.1395264|-0.3599091|-0.9231873
1468532454.243|-0.1412506|-0.360611|-0.9198761
1468532454.264|-0.1424713|-0.3603516|-0.9184723
1468532454.285|-0.1363983|-0.3568115|-0.9295349
1468532454.306|-0.1362152|-0.3635406|-0.9314728
1468532454.327|-0.1444855|-0.3576508|-0.9172668
1468532454.349|-0.1383209|-0.3599548|-0.9212799
1468532454.37|-0.1415253|-0.3576965|-0.9227142
1468532454.39|-0.1444092|-0.3595734|-0.921051
1468532454.412|-0.1427307|-0.3566742|-0.9286041
1468532454.433|-0.1425476|-0.3574524|-0.9179688
1468532454.454|-0.1428375|-0.3543396|-0.9179535
1468532454.475|-0.13974|-0.3608704|-0.9243774
1468532454.496|-0.1434479|-0.3593597|-0.9217682
1468532454.517|-0.1420593|-0.3550415|-0.9229126
1468532454.538|-0.1394806|-0.3610992|-0.9246216
1468532454.559|-0.1447449|-0.3574066|-0.9174957
1468532454.58|-0.1396027|-0.3577423|-0.9191589
1468532454.601|-0.1327209|-0.3603058|-0.9205933
1468532454.622|-0.1437073|-0.3583832|-0.920105
1468532454.643|-0.1402283|-0.3618164|-0.9213104
1468532454.664|-0.1451111|-0.3590393|-0.9269562
1468532454.685|-0.1434326|-0.3588715|-0.9231873
1468532454.706|-0.1427307|-0.3596344|-0.9168091
1468532454.727|-0.1388245|-0.3614044|-0.9141998
1468532454.748|-0.1397858|-0.3582306|-0.9250641
1468532454.769|-0.1372833|-0.3616486|-0.9243622
1468532454.79|-0.1412659|-0.3564606|-0.9300232
1468532454.811|-0.1399231|-0.3632507|-0.925827
1468532454.832|-0.1465759|-0.3590088|-0.9255676
1468532454.853|-0.1409912|-0.3601227|-0.9196625
1468532454.874|-0.1428375|-0.355545|-0.9148865
1468532454.895|-0.1413727|-0.3622437|-0.9291229
1468532454.916|-0.1451111|-0.3612366|-0.9220123
1468532454.937|-0.1459961|-0.3566742|-0.9146729
1468532454.958|-0.144165|-0.3600616|-0.9198761
1468532454.979|-0.1412811|-0.3576965|-0.9222412
1468532455|-0.1435852|-0.3543243|-0.9167786
1468532455.021|-0.1455536|-0.3552551|-0.9132385
1468532455.041|-0.1421051|-0.355072|-0.9177246
1468532455.063|-0.1424866|-0.3579102|-0.9260101
1468532455.084|-0.1394653|-0.3608551|-0.9267578
1468532455.105|-0.1391144|-0.364212|-0.931488
1468532455.126|-0.1356812|-0.3674469|-0.9251099
1468532455.147|-0.1348724|-0.3594971|-0.9300232
1468532455.169|-0.1269226|-0.3592682|-0.9181824
1468532455.189|-0.1361542|-0.3587799|-0.9229279
1468532455.21|-0.1329346|-0.3622437|-0.9160919
1468532455.231|-0.1419678|-0.3548889|-0.9049377
1468532455.252|-0.1378021|-0.3572388|-0.9363861
1468532455.274|-0.1421509|-0.3455658|-0.9422455
1468532455.295|-0.1401825|-0.3538971|-0.9196167
1468532455.316|-0.1391754|-0.3651428|-0.8889465
1468532455.337|-0.1492615|-0.3504944|-0.8848419
1468532455.358|-0.1564789|-0.3505249|-0.8945465
1468532455.379|-0.149292|-0.3383026|-0.9206848
1468532455.4|-0.1422882|-0.3587646|-0.9496613
1468532455.421|-0.1356659|-0.3516998|-0.944397
1468532455.442|-0.145462|-0.3416748|-0.9372406
1468532455.463|-0.1585999|-0.3414001|-0.9337463
1468532455.484|-0.1388245|-0.3385315|-0.9206543
1468532455.505|-0.1469421|-0.3286438|-0.9402618
1468532455.526|-0.1510315|-0.3356628|-0.9589691
1468532455.547|-0.1379089|-0.3240967|-0.9269409
1468532455.568|-0.144989|-0.3217468|-0.9305115
1468532455.589|-0.1539612|-0.3154144|-0.9550781
1468532455.61|-0.1537476|-0.3265533|-0.8445282
1468532455.631|-0.11763|-0.3314972|-0.8810883
1468532455.652|-0.1025391|-0.3095703|-0.9565582
1468532455.673|-0.1666565|-0.2377777|-1.0323639
1468532455.694|-0.1569977|-0.2597046|-1.0189972
1468532455.716|-0.1432037|-0.2978668|-0.9516144
1468532455.737|-0.1351013|-0.2905884|-0.9532166
1468532455.758|-0.1298981|-0.2720032|-0.9927673
1468532455.779|-0.1472015|-0.213974|-0.9744568
1468532455.8|-0.1246948|-0.2519684|-0.9356384
1468532455.821|-0.1326141|-0.2920685|-0.9550781
1468532455.842|-0.1360016|-0.2873383|-0.9725494
1468532455.863|-0.1465149|-0.2740326|-0.9417572
1468532455.884|-0.1480103|-0.2680817|-0.922821
1468532455.905|-0.1621094|-0.2229919|-0.9334259
1468532455.926|-0.1269379|-0.2417297|-0.9994049
1468532455.947|-0.0068359|-0.2889862|-0.9802856
1468532455.968|-0.1481476|-0.274765|-0.7424622
1468532455.988|-0.1534729|-0.2395782|-0.8266449
1468532456.009|-0.0268555|-0.3012695|-1.0302887
1468532456.03|0.0046387|-0.3955841|-1.0138397
1468532456.052|0.0030823|-0.3997345|-0.9507599
1468532456.072|-0.1214905|-0.3169708|-0.9330139
1468532456.094|-0.1047363|-0.2884521|-0.989502
1468532456.114|0.0287018|-0.3118286|-1.0874329
1468532456.136|0.0307007|-0.3122406|-0.9196014
1468532456.157|-0.0947113|-0.1750336|-0.7213135
1468532456.178|-0.1092682|-0.1067352|-0.8499603
1468532456.199|0.1092224|-0.2144318|-1.107605
1468532456.22|0.0497437|-0.2479706|-1.1089325
1468532456.241|0.0169678|-0.2539825|-1.0591736
1468532456.262|0.0691986|-0.237854|-1.0078735
1468532456.283|0.0654144|-0.2604218|-0.9491577
1468532456.304|0.0224609|-0.2248993|-0.9374695
1468532456.325|0.0489807|-0.1795502|-0.9862366
1468532456.346|0.0505524|-0.1695251|-1.071991
1468532456.367|0.0181274|-0.297821|-0.9086456
1468532456.388|0.0328827|-0.2609558|-0.9840088
1468532456.409|-0.0453033|-0.2609558|-0.9298401
1468532456.43|-0.1050415|-0.2052002|-0.848526
1468532456.452|-0.0457916|-0.2071533|-0.8672791
1468532456.473|0.0608673|-0.2154694|-0.8320923
1468532456.494|0.1384583|-0.0502319|-1.0763855
1468532456.515|0.1045837|-0.2513123|-1.1182709
1468532456.536|0.2498474|-0.3267517|-1.0612183
1468532456.557|0.2490387|-0.3052979|-1.0175629
1468532456.578|0.161972|-0.3026581|-0.9187012
1468532456.599|0.0211639|-0.190979|-0.9358063
1468532456.619|0.046875|-0.1137085|-1.0108643
1468532456.64|0.0305786|-0.1509857|-0.9908295
1468532456.661|0.1316223|-0.1607361|-0.9807129
1468532456.682|0.1385498|-0.1449738|-1.0829468
1468532456.703|0.0751038|-0.1797028|-1.07341
1468532456.724|0.1647644|-0.1780701|-1.0717773
1468532456.745|0.1689758|-0.1291046|-1.0740204
1468532456.766|0.0358582|-0.0706787|-1.0044556
1468532456.787|0.1461945|-0.1780548|-0.9923706
1468532456.808|0.0682068|-0.2330322|-1.05513
1468532456.829|-0.0102692|-0.1905212|-1.0292664
1468532456.851|0.0830536|-0.1837006|-0.9788666
1468532456.872|0.2099304|-0.1769257|-0.9300079
1468532456.893|0.1571045|-0.217041|-0.9945068
1468532456.914|0.0790558|-0.2381439|-0.9898834
1468532456.935|0.1315765|-0.1932373|-1.0702972
1468532456.955|0.1411896|-0.1961212|-1.0156708
1468532456.976|0.1109467|-0.2151489|-0.9726257
1468532456.997|0.057785|-0.2384033|-1.0417175
1468532457.018|0.0621338|-0.2652588|-1.1203766
1468532457.04|0.1004028|-0.2116547|-1.1407013
1468532457.06|0.0960999|-0.1710358|-0.9751892
1468532457.082|0.1110077|-0.1626892|-0.9812469
1468532457.103|0.1120758|-0.1872253|-0.9821167
1468532457.124|0.0980377|-0.1708527|-0.973053
1468532457.144|0.0930023|-0.1753082|-0.9714508
1468532457.165|0.0881958|-0.1351929|-0.9402161
1468532457.185|0.0688019|-0.1257782|-0.9087524
1468532457.206|0.0397644|-0.1319275|-0.946228
1468532457.226|0.0549622|-0.1356049|-0.9490509
1468532457.247|0.1231995|-0.1658478|-0.9767456
1468532457.269|0.1126556|-0.1827698|-1.0083313
1468532457.29|0.069397|-0.160614|-1.0153809
1468532457.31|0.0513153|-0.1715698|-1.0032043
1468532457.332|0.0535583|-0.1432648|-0.9971008
1468532457.353|0.0925903|-0.1500244|-0.9280243
1468532457.374|0.0184784|-0.1838226|-0.9560852
1468532457.395|0.0436554|-0.2358246|-1.0124359
1468532457.417|0.0745392|-0.2626495|-1.0278778
1468532457.438|0.0219574|-0.227478|-0.9958649
1468532457.459|0.0060272|-0.2012634|-0.9238434
1468532457.48|0.0180969|-0.2379456|-0.8597565
1468532457.501|0.016571|-0.2911987|-0.8809357
1468532457.522|0.0168762|-0.3027802|-0.9223938
1468532457.543|-0.0257263|-0.2511444|-0.9096222
1468532457.564|-0.0036469|-0.2058411|-0.8820648
1468532457.585|0.0890503|-0.2229004|-0.9112701
1468532457.607|0.0521393|-0.2124176|-1.0171967
1468532457.627|0.1252899|-0.2017975|-1.0133972
1468532457.648|0.0880127|-0.181488|-0.9672394
1468532457.669|0.0564575|-0.1307526|-0.8695831
1468532457.69|0.0417328|-0.0554504|-0.8577576
1468532457.711|0.019104|-0.0649567|-0.9254761
1468532457.732|0.0617371|-0.1346436|-0.9818726
1468532457.753|0.1019592|-0.1489868|-0.9830627
1468532457.774|0.1085968|-0.1268311|-1.0696564
1468532457.795|0.0689545|-0.1059723|-1.0681915
1468532457.816|0.0701141|-0.1128387|-1.0018005
1468532457.838|0.094574|-0.1570282|-0.980545
1468532457.859|0.0857239|-0.1805115|-0.957077
1468532457.88|0.0732269|-0.1401672|-0.9386444
1468532457.901|0.0972137|-0.1049347|-0.9735565
1468532457.922|0.0841675|-0.092865|-0.9214935
1468532457.943|0.026947|-0.0697327|-0.916748
1468532457.964|0.0513916|-0.0826111|-0.9969177
1468532457.985|0.0427551|-0.0752563|-1.03685
1468532458.006|0.0720062|-0.0522461|-1.0567169
1468532458.027|0.0713348|-0.0498352|-1.0063324
1468532458.05|0.045105|-0.0797577|-1.0108643
1468532458.069|0.025116|-0.0188293|-1.0322418
1468532458.09|0.1145477|-0.0577698|-1.0055695
1468532458.111|0.132843|-0.0279541|-0.9398499
1468532458.132|0.0461884|-0.0233765|-0.9395599
1468532458.154|0.0125275|-0.0275116|-0.9782104
1468532458.174|0.0563354|0.0142365|-1.0546417
1468532458.195|0.0865479|-0.0143433|-1.0032043
1468532458.216|0.0566101|-0.0009155|-1.0077057
1468532458.237|-0.0116272|0.028183|-1.0431213
1468532458.258|-0.0137024|-0.0019531|-1.0641632
1468532458.279|-0.0504456|-0.0294952|-1.0698853
1468532458.3|-0.0426178|0.0037384|-1.0145416
1468532458.322|0.025177|0.0334167|-0.9070587
1468532458.342|-0.0092468|0.0094299|-1.0080414
1468532458.363|-0.0827942|0.0310669|-1.060791
1468532458.384|-0.0650787|0.0280151|-1.0132446
1468532458.405|-0.0232849|0.015976|-1.0051727
1468532458.426|-0.0308533|0.0153198|-1.0319214
1468532458.447|-0.0342102|0.0184479|-1.0158386
1468532458.468|-0.0225525|0.0073395|-1.0097351
1468532458.489|-0.0337677|0.0105743|-0.9823151
1468532458.51|-0.0402374|-0.0040283|-0.9150696
1468532458.531|-0.0079651|0.0130768|-1.0654449
1468532458.551|-0.0089264|0.0118713|-1.0605011
1468532458.572|-0.0236206|0.0014496|-0.9776154
1468532458.594|-0.0245819|0.0005035|-0.9781036
1468532458.615|-0.0245667|0.0141907|-1.024826
1468532458.636|-0.0209503|0.0069885|-0.9964905
1468532458.657|-0.0223999|0.0055695|-0.9941254
1468532458.678|-0.0229187|0.0109253|-1.0047455
1468532458.699|-0.0209503|0.0089417|-1.0035706
1468532458.72|-0.0226898|0.0077515|-0.9931641
1468532458.74|-0.0206299|0.0080109|-1.0090179
1468532458.761|-0.0241394|0.0114594|-1.0087585
1468532458.782|-0.022934|0.0096893|-0.9998016
1468532458.803|-0.0219116|0.0096893|-1.0066528
1468532458.825|-0.021698|0.0084534|-0.9971924
1468532458.845|-0.019516|0.010376|-1.0045013
1468532458.866|-0.0211182|0.0068207|-1.0071259
1468532458.888|-0.0218964|0.0077515|-1.0005035
1468532458.908|-0.0240936|0.0078278|-1.0019226
1468532458.93|-0.0191956|0.0074921|-1.0052338
1468532458.951|-0.0231781|0.008728|-0.9948273
1468532458.972|-0.0221252|0.0077972|-1.0068817
1468532458.993|-0.0219116|0.009201|-1.0030975
1468532459.014|-0.0219116|0.009201|-1.0028687
1468532459.035|-0.0201721|0.0072479|-1.0028839
1468532459.056|-0.0229187|0.0094757|-1.0014496
1468532459.077|-0.0204468|0.0089417|-1.0068817
1468532459.098|-0.0195007|0.0089111|-1.0021515
1468532459.118|-0.0195465|0.0103455|-1.0000153
1468532459.139|-0.0237885|0.0080872|-1.0106659
1468532459.16|-0.0234222|0.0094757|-0.9988556
1468532459.181|-0.0241241|0.0075684|-0.9981384
1468532459.202|-0.0233002|0.0066223|-1.0050201
1468532459.223|-0.0219116|0.008728|-1.0012054
1468532459.244|-0.019989|0.0091705|-1.0023956
1468532459.264|-0.0245972|0.0092773|-1.0042725
1468532459.285|-0.0192719|0.0088959|-0.9986115
1468532459.306|-0.0179901|0.0084229|-1.0047455
1468532459.327|-0.0208893|0.0072784|-1.0066681
1468532459.348|-0.0214233|0.0079956|-1.0012054
1468532459.369|-0.0197601|0.0096283|-1.0033264
1468532459.39|-0.0242767|0.0059052|-1.00383
1468532459.412|-0.0182495|0.0079193|-1.0019073
1468532459.433|-0.0202332|0.0091553|-1.0007324
1468532459.454|-0.0202637|0.0101318|-1.0023804
1468532459.475|-0.019043|0.0098419|-1.0000305
1468532459.496|-0.0212402|0.0111237|-1.0040436
1468532459.517|-0.0241241|0.0092621|-1.0016785
1468532459.538|-0.0230865|0.0073242|-1.0042877
1468532459.559|-0.020401|0.0062866|-1.0026398
1468532459.581|-0.0223694|0.0077972|-1.0066528
1468532459.601|-0.0197601|0.0084229|-0.9995575
1468532459.622|-0.0198364|0.0113068|-1.0002441
1468532459.643|-0.0211334|0.0060425|-1.0005188
1468532459.664|-0.0198669|0.0063171|-1.009491
1468532459.685|-0.0231323|0.0080109|-0.9993134
1468532459.706|-0.0221252|0.0077972|-1.0068817
1468532459.728|-0.0189972|0.0069427|-0.9972076
1468532459.748|-0.0211792|0.0082397|-1.0040588
1468532459.769|-0.0204315|0.0074921|-1.0033417
1468532459.79|-0.0185242|0.0084076|-0.9997864
1468532459.811|-0.0206299|0.0072784|-1.004776
1468532459.832|-0.0199432|0.0075073|-1.0042877
1468532459.854|-0.0220947|0.0060883|-1.0028839
1468532459.874|-0.0189362|0.0069885|-1.0059662
1468532459.895|-0.0189819|0.0089111|-1.0054626
1468532459.916|-0.0214386|0.0079803|-1.0000305
1468532459.938|-0.0201874|0.0077362|-1.0038147
1468532459.958|-0.0209198|0.0065308|-1.0002747
1468532459.98|-0.0211487|0.0077667|-1.0057068
1468532460.001|-0.0224152|0.008255|-1.0021515
1468532460.022|-0.0233612|0.0068359|-1.0002747
1468532460.043|-0.0219116|0.0092163|-1.0045166
1468532460.064|-0.0219269|0.0089569|-1.0021515
1468532460.085|-0.0202332|0.0077209|-0.9979095
1468532460.106|-0.0194702|0.0089264|-1.0068817
1468532460.127|-0.0200043|0.0098877|-1.0009766
1468532460.148|-0.0208893|0.0070343|-1.006897
1468532460.169|-0.0211792|0.0082245|-1.0028687
1468532460.19|-0.0192413|0.0091553|-1.0028687
1468532460.211|-0.020874|0.0060577|-1.00383
1468532460.232|-0.0197601|0.010376|-1.0063934
1468532460.253|-0.0160675|0.0076447|-1.0014343
1468532460.274|-0.0219269|0.0101776|-1.0049896
1468532460.295|-0.0221405|0.0075378|-1.0026398
1468532460.316|-0.0209198|0.0057983|-0.9962616
1468532460.337|-0.0193787|0.0060577|-1.007843
1468532460.358|-0.0192566|0.0084229|-0.9983673
1468532460.379|-0.0228882|0.0087585|-1.0012054
1468532460.4|-0.0243073|0.0070953|-1.0035858
1468532460.421|-0.0214081|0.0070343|-1.0014648
1468532460.441|-0.0211945|0.0079651|-0.9990692
1468532460.465|-0.019455|0.0082092|-1.0057068
1468532460.483|-0.0197601|0.0096283|-1.0035706
1468532460.504|-0.0194855|0.0091705|-1.0042725
1468532460.525|-0.0222015|0.0111542|-1.0052032
1468532460.546|-0.0192108|0.0150452|-1.0285797