1468596767.584|0.006424|-0.6346588|-0.7849884
1468596767.604|-0.0572815|-0.6812897|-0.798233
1468596767.623|-0.0759735|-0.6895447|-0.8416138
1468596767.643|-0.0538025|-0.6690063|-0.815155
1468596767.662|-0.0383148|-0.6653442|-0.7505493
1468596767.682|-0.0122833|-0.6483459|-0.7052155
1468596767.701|0.005661|-0.637146|-0.6686859
1468596767.721|-0.0020905|-0.6367188|-0.6734314
1468596767.74|-0.0219879|-0.6345825|-0.7198029
1468596767.76|-0.0143127|-0.6295319|-0.7568665
1468596767.78|0.0061951|-0.6400452|-0.7680054
1468596767.799|-0.0112152|-0.6473999|-0.7555542
1468596767.818|-0.0292511|-0.6467896|-0.7501678
1468596767.838|-0.0289612|-0.6496887|-0.7473297
1468596767.857|-0.0252075|-0.6524048|-0.7537384
1468596767.877|-0.0185089|-0.6448059|-0.7647858
1468596767.897|-0.0339813|-0.640152|-0.7557983
1468596767.916|-0.0389252|-0.6364136|-0.7591095
1468596767.936|-0.0296021|-0.638031|-0.7680664
1468596767.955|-0.0355225|-0.6495361|-0.7494812
1468596767.975|-0.0852203|-0.668457|-0.7381592
1468596767.994|-0.1055603|-0.6876221|-0.7563019
1468596768.014|-0.0832214|-0.6768341|-0.7545319
1468596768.034|-0.0473328|-0.6684265|-0.7690277
1468596768.055|-0.0041656|-0.6327515|-0.7348633
1468596768.075|-0.0130768|-0.6623688|-0.7864075
1468596768.093|0.0252075|-0.6184998|-0.7796326
1468596768.114|0.0055695|-0.6123505|-0.7722931
1468596768.132|0.0168915|-0.6279755|-0.7740326
1468596768.152|-0.0007782|-0.6181641|-0.7796936
1468596768.171|-0.0003662|-0.6081085|-0.7715759
1468596768.191|-0.0113068|-0.5969849|-0.7374878
1468596768.21|-0.0106964|-0.6109161|-0.7437286
1468596768.229|-0.0359955|-0.6196899|-0.7485657
1468596768.249|-0.0639496|-0.6171265|-0.7571564
1468596768.268|-0.0500793|-0.6197052|-0.7817078
1468596768.289|-0.0466614|-0.6205139|-0.7819366
1468596768.308|-0.0635986|-0.6495667|-0.7658844
1468596768.328|-0.0337067|-0.6450958|-0.7811279
1468596768.346|-0.0235748|-0.6426849|-0.7782593
1468596768.366|-0.0400696|-0.6326752|-0.7832031
1468596768.385|-0.0306854|-0.6364441|-0.7893219
1468596768.405|-0.0395355|-0.6263275|-0.805603
1468596768.424|-0.0406342|-0.6148071|-0.7960815
1468596768.444|-0.0490875|-0.6115723|-0.7788239
1468596768.463|-0.0413971|-0.6096191|-0.7714539
1468596768.482|-0.0502625|-0.6154327|-0.7724457
1468596768.502|-0.0525208|-0.6124878|-0.7724457
1468596768.521|-0.0491943|-0.6101837|-0.766983
1468596768.542|-0.0391083|-0.6213837|-0.7831268
1468596768.562|-0.0396729|-0.6261749|-0.7883453
1468596768.582|-0.0553894|-0.6328278|-0.7801514
1468596768.601|-0.0571594|-0.63237|-0.7721405
1468596768.62|-0.0436401|-0.6398773|-0.7669373
1468596768.639|-0.0089417|-0.6481934|-0.8007202
1468596768.658|-0.0527954|-0.6438599|-0.7996063
1468596768.678|-0.1026154|-0.6494904|-0.7510834
1468596768.698|-0.113678|-0.6525116|-0.7218018
1468596768.717|-0.0881348|-0.6454163|-0.7148438
1468596768.737|-0.0521698|-0.6307526|-0.7271881
1468596768.756|-0.0883026|-0.6572418|-0.7546387
1468596768.776|-0.1066742|-0.6677704|-0.7341919
1468596768.796|-0.0812683|-0.651474|-0.737793
1468596768.815|-0.1000671|-0.6486664|-0.7340393
1468596768.834|-0.0832214|-0.6521759|-0.7323761
1468596768.854|-0.0801239|-0.6572418|-0.7437286
1468596768.874|-0.0891724|-0.6543884|-0.7444763
1468596768.893|-0.0986786|-0.6561584|-0.7350311
1468596768.913|-0.1039429|-0.6517487|-0.7260437
1468596768.932|-0.0929871|-0.6512451|-0.7321625
1468596768.952|-0.090332|-0.6483765|-0.7359009
1468596768.971|-0.0965118|-0.6579132|-0.7267761
1468596768.991|-0.0964661|-0.6657867|-0.7391205
1468596769.01|-0.1069031|-0.6571655|-0.7367096
1468596769.03|-0.1056976|-0.6557312|-0.7385864
1468596769.088|-0.1028442|-0.657547|-0.7251282
1468596769.108|-0.1013947|-0.6561279|-0.7289124
1468596769.128|-0.1046448|-0.6534119|-0.7255707
1468596769.148|-0.0897675|-0.6603851|-0.7430878
1468596769.168|-0.0933533|-0.6592865|-0.7537079
1468596769.186|-0.1104889|-0.6434326|-0.7231598
1468596769.206|-0.1066589|-0.6563568|-0.7050323
1468596769.225|-0.1084442|-0.6593781|-0.7178192
1468596769.245|-0.1159821|-0.6543274|-0.7357788
1468596769.264|-0.1083374|-0.6539307|-0.749939
1468596769.284|-0.1118927|-0.6534729|-0.7317352
1468596769.303|-0.1094971|-0.6454163|-0.7196198
1468596769.323|-0.0879669|-0.6529541|-0.7463226
1468596769.342|-0.0869751|-0.6480713|-0.7659149
1468596769.362|-0.083786|-0.6534882|-0.7529602
1468596769.381|-0.0794678|-0.6585388|-0.7283936
1468596769.401|-0.079071|-0.6561432|-0.7241211
1468596769.42|-0.0715027|-0.6511688|-0.7432098
1468596769.44|-0.0833435|-0.6616974|-0.7537079
1468596769.46|-0.0879517|-0.6568604|-0.7347717
1468596769.479|-0.0982819|-0.6609497|-0.7383881
1468596769.499|-0.1092682|-0.6639862|-0.7563934
1468596769.518|-0.0997162|-0.6616364|-0.740509
1468596769.538|-0.1095123|-0.6528015|-0.726532
1468596769.557|-0.1006622|-0.6507568|-0.7456207
1468596769.577|-0.103363|-0.6446075|-0.7638092
1468596769.596|-0.0957489|-0.6402283|-0.7547913
1468596769.616|-0.0908813|-0.6415558|-0.7509918
1468596769.635|-0.0950317|-0.6405029|-0.7528839
1468596769.655|-0.093689|-0.6391602|-0.739624
1468596769.675|-0.0855408|-0.641449|-0.7505035
1468596769.695|-0.078598|-0.6454163|-0.7559509
1468596769.714|-0.0849457|-0.646759|-0.7510223
1468596769.733|-0.0824432|-0.6477661|-0.7543335
1468596769.753|-0.0852966|-0.6464081|-0.7670898
1468596769.772|-0.0796356|-0.6509094|-0.7604828
1468596769.792|-0.0762939|-0.6497955|-0.7569275
1468596769.811|-0.0739441|-0.6496735|-0.7467499
1468596769.831|-0.0771179|-0.6577454|-0.7524872
1468596769.85|-0.0748749|-0.65448|-0.7368469
1468596769.87|-0.0743103|-0.6556854|-0.7429962
1468596769.89|-0.0667419|-0.6528778|-0.7590485
1468596769.91|-0.0528412|-0.6590424|-0.743454
1468596769.93|-0.0695648|-0.6399231|-0.7447815
1468596769.949|-0.0870667|-0.6416931|-0.7393951
1468596769.969|-0.0752716|-0.6514282|-0.7254639
1468596769.991|-0.0815125|-0.6246033|-0.7220154
1468596770.009|-0.0850983|-0.6591797|-0.7187042
1468596770.027|-0.0721893|-0.6651154|-0.7402496
1468596770.046|-0.0767212|-0.6654663|-0.7475739
1468596770.065|-0.0415039|-0.6628723|-0.7521973
1468596770.085|-0.0498199|-0.6732941|-0.7452087
1468596770.104|-0.0887604|-0.6925659|-0.7104492
1468596770.124|-0.1077118|-0.7155151|-0.7019043
1468596770.143|-0.0595703|-0.6752167|-0.7026825
1468596770.163|-0.0801697|-0.6830902|-0.7179108
1468596770.182|-0.0677032|-0.6860352|-0.7167206
1468596770.202|-0.0662231|-0.6927185|-0.734024
1468596770.222|-0.0756378|-0.6709595|-0.712616
1468596770.241|-0.0715179|-0.6779938|-0.7197418
1468596770.26|-0.0691986|-0.6734772|-0.7199554
1468596770.28|-0.0674438|-0.6756744|-0.7227936
1468596770.3|-0.0624237|-0.6795807|-0.7301483
1468596770.319|-0.0661774|-0.6768799|-0.7249298
1468596770.339|-0.053833|-0.6774445|-0.71521
1468596770.358|-0.0606995|-0.6714783|-0.7253571
1468596770.378|-0.0604095|-0.6719208|-0.73172
1468596770.397|-0.0667419|-0.671051|-0.7333984
1468596770.418|-0.0673523|-0.6640472|-0.7380829
1468596770.437|-0.0599976|-0.6774292|-0.7365112
1468596770.458|-0.0665436|-0.6760559|-0.7433624
1468596770.476|-0.0606384|-0.6682587|-0.7430573
1468596770.497|-0.0441895|-0.6571045|-0.7365723
1468596770.517|-0.0132751|-0.6498718|-0.7317047
1468596770.535|-0.0039062|-0.6243439|-0.7322083
1468596770.554|-0.0743256|-0.669693|-0.7303467
1468596770.573|-0.103653|-0.7016449|-0.7077026
1468596770.593|-0.1235046|-0.709198|-0.692688
1468596770.612|-0.1071625|-0.6841278|-0.6813354
1468596770.632|-0.0597382|-0.6751709|-0.7111969
1468596770.651|-0.116272|-0.6949768|-0.7320251
1468596770.671|-0.0971069|-0.6539001|-0.756546
1468596770.69|-0.1067047|-0.6579895|-0.7622528
1468596770.71|-0.10672|-0.66185|-0.7119141
1468596770.73|-0.1077576|-0.6572418|-0.717804
1468596770.749|-0.1074982|-0.6537781|-0.7336121
1468596770.769|-0.0908203|-0.6707611|-0.7334595
1468596770.788|-0.0992584|-0.665329|-0.7239838
1468596770.808|-0.0972748|-0.6655731|-0.730835
1468596770.827|-0.0962219|-0.6670227|-0.7377167
1468596770.847|-0.1073608|-0.6723633|-0.7243042
1468596770.866|-0.0914764|-0.666214|-0.7249146
1468596770.886|-0.0907898|-0.6695251|-0.7400818
1468596770.905|-0.0973053|-0.6607208|-0.7433472
1468596770.925|-0.1058655|-0.6674805|-0.7462463
1468596770.944|-0.0937653|-0.6685181|-0.7341614
1468596770.964|-0.0688934|-0.6552887|-0.7533875
1468596770.984|-0.1116028|-0.667038|-0.7590179
1468596771.002|-0.1217041|-0.6826782|-0.7601013
1468596771.023|-0.1851959|-0.7184906|-0.77211
1468596771.044|-0.144104|-0.7324677|-0.7609558
1468596771.063|-0.0908356|-0.7237091|-0.7239075
1468596771.082|0.029068|-0.7065887|-0.6920319
1468596771.102|0.0023041|-0.7005615|-0.6700592
1468596771.122|-0.0744171|-0.7120514|-0.677887
1468596771.141|-0.0536194|-0.6507416|-0.7639618
1468596771.161|0.0310364|-0.6592712|-0.7812958
1468596771.18|0.0342712|-0.6517639|-0.712677
1468596771.2|0.0422058|-0.6348267|-0.7224731
1468596771.219|-0.0558319|-0.6781616|-0.7074127
1468596771.239|-0.0021973|-0.6582794|-0.6891937
1468596771.258|-0.0190582|-0.6640778|-0.6552277
1468596771.296|-0.0428467|-0.6424561|-0.5964966
1468596771.316|-0.2077179|-0.6803589|-0.6026154
1468596771.335|-0.1685028|-0.6813507|-0.6753387
1468596771.355|-0.0847778|-0.672821|-0.6875916
1468596771.375|-0.036911|-0.6581879|-0.6958771
1468596771.394|-0.0693512|-0.6694794|-0.7485352
1468596771.414|-0.0011139|-0.6434021|-0.6862335
1468596771.433|-0.0636597|-0.5848083|-0.6289978
1468596771.452|-0.151825|-0.6661224|-0.7160797
1468596771.472|-0.1372681|-0.7224426|-0.8670502
1468596771.492|-0.1575012|-0.6976776|-0.8725891
1468596771.511|-0.157196|-0.6589203|-0.7354431
1468596771.531|-0.1626587|-0.6268921|-0.722702
1468596771.55|-0.1974792|-0.6109009|-0.730484
1468596771.57|-0.1809845|-0.6459045|-0.7817383
1468596771.59|-0.0984955|-0.6668243|-0.8594666
1468596771.609|-0.0499573|-0.6460724|-0.8499908
1468596771.628|-0.1276245|-0.5571136|-0.7835999
1468596771.648|-0.1695251|-0.4933167|-0.7071533
1468596771.667|-0.11763|-0.5584717|-0.7504883
1468596771.687|-0.0348816|-0.6569214|-0.816452
1468596771.707|-0.004425|-0.6938324|-0.7369537
1468596771.726|0.0486755|-0.8001709|-0.6784363
1468596771.746|0.1203613|-0.8268738|-0.6555023
1468596771.765|-0.0292664|-0.7689972|-0.6512299
1468596771.784|-0.0977478|-0.6774292|-0.7618866
1468596771.804|0.0098877|-0.7407379|-0.7514038
1468596771.824|0.0882721|-0.7620239|-0.5917816
1468596771.843|0.0631866|-0.7078247|-0.5971527
1468596771.864|0.0619202|-0.710968|-0.6784973
1468596771.883|0.0155029|-0.6790466|-0.7490845
1468596771.902|0.0362396|-0.6851196|-0.7807465
1468596771.921|0.0652161|-0.7470551|-0.6480103
1468596771.941|0.112381|-0.7914734|-0.538269
1468596771.961|-0.1374512|-0.6805725|-0.7738342
1468596771.982|0.0179443|-0.8083954|-0.7705536
1468596772|0.2326965|-0.7081146|-0.569046
1468596772.019|-0.1490784|-0.6500092|-0.5388947
1468596772.039|-0.0686646|-0.7988129|-0.622467
1468596772.058|-0.0322876|-0.7447052|-0.6853638
1468596772.078|-0.0476227|-0.7254486|-0.7133942
1468596772.097|-0.0194244|-0.6862183|-0.704071
1468596772.117|-0.0248718|-0.7194519|-0.7166138
1468596772.137|0.0659637|-0.6719971|-0.7980957
1468596772.156|0.0395355|-0.6098938|-0.7378998
1468596772.176|0.067688|-0.6340179|-0.7524261
1468596772.195|-0.0579071|-0.6976776|-0.6907654
1468596772.227|0.0388336|-0.7628632|-0.6831665
1468596772.25|0.0514832|-0.7593842|-0.7644348
1468596772.269|-0.0464478|-0.6872406|-0.7637177
1468596772.29|0.0358734|-0.7396088|-0.7518158
1468596772.312|0.0386658|-0.7815552|-0.6988983
1468596772.332|0.1044464|-0.8083038|-0.5972595
1468596772.353|0.0865936|-0.6497345|-0.6279144
1468596772.374|0.0713043|-0.6138458|-0.7146912
1468596772.395|0.0696869|-0.6062469|-0.7836914
1468596772.416|0.0417633|-0.631958|-0.8066254
1468596772.437|0.0002594|-0.6533966|-0.8104248
1468596772.458|0.0652466|-0.5577393|-0.6970673
1468596772.479|0.1184998|-0.5667572|-0.7709961
1468596772.5|-0.0044708|-0.6131592|-0.7553101
1468596772.521|-0.0434113|-0.5757294|-0.8064575
1468596772.542|-0.0005493|-0.5129089|-0.9557953
1468596772.563|0.0389709|-0.5253601|-0.9028168
1468596772.584|-0.0063629|-0.5319519|-0.8273315
1468596772.604|-0.0034943|-0.5746918|-0.8512573
1468596772.626|-0.019989|-0.5471344|-0.9489899
1468596772.647|-0.106781|-0.5650177|-0.8866882
1468596772.668|-0.1174316|-0.5876465|-0.7840424
1468596772.689|-0.0290222|-0.5288239|-0.7273712
1468596772.71|-0.006424|-0.6195374|-0.7695465
1468596772.731|-0.078537|-0.7194519|-0.6226654
1468596772.752|-0.0325775|-0.6500854|-0.7494812
1468596772.773|-0.0175171|-0.6302948|-0.7795715
1468596772.794|-0.0706329|-0.5822601|-0.8195801
1468596772.815|-0.0292511|-0.6141815|-0.822998
1468596772.836|-0.0273438|-0.6340485|-0.7545624
1468596772.858|-0.029892|-0.6168213|-0.7263184
1468596772.878|-0.0330353|-0.6223907|-0.7098236
1468596772.899|-0.079422|-0.6175232|-0.8006897
1468596772.92|-0.1069641|-0.6012421|-0.8096313
1468596772.941|-0.0979614|-0.6238098|-0.8045654
1468596772.962|-0.0812073|-0.6158295|-0.794281
1468596772.983|-0.0758972|-0.5753326|-0.7871399
1468596773.004|-0.0623322|-0.5760651|-0.8431396
1468596773.025|-0.0675964|-0.6004791|-0.8466339
1468596773.046|-0.0903168|-0.6038361|-0.7507324
1468596773.067|-0.0969849|-0.5754852|-0.760498
1468596773.088|-0.0847168|-0.5947113|-0.8151855
1468596773.109|-0.1785431|-0.5151825|-0.7718506
1468596773.131|-0.2553711|-0.4356689|-0.7915955
1468596773.151|0.0312958|-0.6245728|-0.7947845
1468596773.173|-0.0138855|-0.6456909|-0.7950287
1468596773.193|-0.0697479|-0.5700531|-0.813324
1468596773.214|-0.0677185|-0.5704498|-0.7887421
1468596773.236|-0.0584412|-0.5735931|-0.7840271
1468596773.257|-0.0802765|-0.5766449|-0.7465057
1468596773.278|-0.0480804|-0.5754242|-0.7998352
1468596773.299|-0.0314331|-0.5436096|-0.8872833
1468596773.32|-0.0202789|-0.6314697|-0.7290039
1468596773.341|-0.0619965|-0.5516357|-0.7339935
1468596773.362|0.0251617|-0.608139|-0.8774261
1468596773.383|0.0126801|-0.5892944|-0.888916
1468596773.404|-0.0153961|-0.5579681|-0.8731537
1468596773.425|-0.0567474|-0.5621185|-0.8215179
1468596773.446|-0.0716095|-0.5036774|-0.8062744
1468596773.467|-0.0885925|-0.4811249|-0.8149109
1468596773.488|0.0260468|-0.4389038|-1.0107727
1468596773.509|-0.0955811|-0.4843597|-0.9520569
1468596773.53|-0.1161346|-0.4726257|-0.9000092
1468596773.551|-0.1115265|-0.4836578|-0.8308105
1468596773.572|-0.1211853|-0.4954376|-0.8354187
1468596773.594|-0.0778503|-0.4843903|-0.8803711
1468596773.614|-0.0466156|-0.4852753|-0.8942566
1468596773.635|-0.0467529|-0.5026093|-0.8858643
1468596773.657|-0.0364685|-0.5143738|-0.8911133
1468596773.678|-0.0197296|-0.5270081|-0.8438721
1468596773.699|-0.0637665|-0.5247192|-0.8125458
1468596773.72|-0.0813751|-0.5594177|-0.8191986
1468596773.741|-0.0794067|-0.5671082|-0.8322449
1468596773.762|-0.0893097|-0.5830231|-0.8238678
1468596773.783|-0.0848846|-0.5669403|-0.7469177
1468596773.807|-0.0480194|-0.5800323|-0.7937164
1468596773.826|-0.053772|-0.5793152|-0.9100494
1468596773.847|-0.0504913|-0.5871735|-0.9363403
1468596773.869|-0.0723114|-0.5286407|-0.7601166
1468596773.893|-0.072998|-0.5875092|-0.6746979
1468596773.909|-0.0879974|-0.5707092|-0.7415161
1468596773.93|-0.0708008|-0.5640869|-0.892746
1468596773.952|-0.0599365|-0.5717468|-0.8542175
1468596773.972|-0.0894165|-0.5524292|-0.7385559
1468596773.994|-0.041153|-0.6251678|-0.6892853
1468596774.015|-0.0510406|-0.6183472|-0.8568878
1468596774.035|-0.0583038|-0.5800629|-0.8854828
1468596774.056|-0.0570526|-0.5889435|-0.7923889
1468596774.078|-0.0510712|-0.5995941|-0.7111053
1468596774.099|-0.0643005|-0.6060486|-0.7071838
1468596774.123|-0.0569611|-0.6078796|-0.7074127
1468596774.14|-0.1034851|-0.5598297|-0.7859344
1468596774.162|-0.1039124|-0.5400848|-0.929306
1468596774.185|-0.0155029|-0.5369568|-0.7938232
1468596774.204|0.0039978|-0.5552979|-0.7709656
1468596774.225|-0.0691376|-0.5933838|-0.9593658
1468596774.246|-0.0678711|-0.613327|-0.9713135
1468596774.267|-0.0667419|-0.5662231|-0.872406
1468596774.288|-0.0405273|-0.5785828|-0.8234863
1468596774.314|-0.0673981|-0.6152039|-0.7888031
1468596774.332|-0.1334229|-0.6422729|-0.713501
1468596774.352|-0.1652069|-0.6024933|-0.6842346
1468596774.373|-0.1067963|-0.6226349|-0.7634277
1468596774.395|-0.0600586|-0.6304932|-0.746582
1468596774.416|0.0028534|-0.66922|-0.7830963
1468596774.435|0.001709|-0.6788025|-0.8304596
1468596774.456|-0.0188904|-0.6220398|-0.8889923
1468596774.477|-0.0561523|-0.5799866|-0.8133698
1468596774.498|-0.069397|-0.6413422|-0.6984406
1468596774.541|-0.0783386|-0.6280212|-0.6775818
1468596774.562|-0.0978394|-0.6462402|-0.7472534
1468596774.583|-0.0561829|-0.6199036|-0.813385
1468596774.604|-0.0236664|-0.6290588|-0.8103027
1468596774.625|-0.0301819|-0.6500549|-0.816391
1468596774.646|-0.0498352|-0.608139|-0.7901459
1468596774.667|-0.0564728|-0.6270294|-0.7841339
1468596774.688|-0.0456543|-0.6283417|-0.7597809
1468596774.709|-0.0773163|-0.625061|-0.6960144
1468596774.73|-0.085556|-0.6315002|-0.5747833
1468596774.75|-0.1112213|-0.6080322|-0.631897
1468596774.771|-0.1386719|-0.6171722|-0.8462219
1468596774.792|-0.0861969|-0.6330261|-0.8913574
1468596774.814|-0.0398407|-0.6002808|-0.8174744
1468596774.834|-0.0406647|-0.6248779|-0.8954315
1468596774.856|-0.0912323|-0.5975342|-0.8464355
1468596774.877|-0.0876923|-0.6127014|-0.7134247
1468596774.898|-0.0760651|-0.6231079|-0.7077942
1468596774.919|-0.0652313|-0.6470184|-0.7840729
1468596774.94|-0.0684357|-0.6368713|-0.8790283
1468596774.961|-0.0871429|-0.6169739|-0.6380463
1468596774.982|0.0258026|-0.5840302|-0.700882
1468596775.003|0.0302124|-0.6219177|-0.8914642
1468596775.024|-0.046524|-0.5930634|-1.0290527
1468596775.045|-0.0840607|-0.6165009|-0.836853
1468596775.067|-0.0987854|-0.5929108|-0.5863647
1468596775.089|-0.0501099|-0.6309509|-0.6035309
1468596775.108|-0.0950317|-0.6338043|-0.6015167
1468596775.129|-0.0804138|-0.6047974|-0.8403015
1468596775.15|-0.0911255|-0.6342163|-1.0147858
1468596775.171|-0.0641327|-0.6107635|-0.9225922
1468596775.215|-0.0087433|-0.6243286|-0.6672211
1468596775.236|-0.0277863|-0.5965271|-0.950531
1468596775.256|-0.048645|-0.6238556|-0.8710938
1468596775.278|-0.0375214|-0.5708923|-0.6933899
1468596775.32|-0.0900574|-0.6477661|-0.5709076
1468596775.34|-0.0970612|-0.5806427|-0.8338165
1468596775.361|-0.1056976|-0.5939941|-1.0126495
1468596775.383|-0.083374|-0.5969391|-0.8603668
1468596775.408|-0.0531769|-0.6296234|-0.5170135
1468596775.444|0.0542908|-0.6269073|-0.9108124
1468596775.466|-0.0228882|-0.5902405|-0.978363
1468596775.487|-0.0755005|-0.5702972|-0.7878113
1468596775.529|-0.0944214|-0.5696259|-0.6937714
1468596775.55|-0.0669556|-0.5906525|-1.0354614
1468596775.572|-0.0639801|-0.6114044|-1.0779114
1468596775.593|-0.0227203|-0.6417084|-0.8340454
1468596775.614|-0.0866241|-0.6031189|-0.6213989
1468596775.635|-0.0614319|-0.6439514|-0.6471558
1468596775.657|-0.0708466|-0.6089783|-0.7698822
1468596775.677|-0.0516968|-0.6289062|-0.7642822
1468596775.697|-0.0494995|-0.63237|-0.7555542
1468596775.718|-0.032608|-0.6211853|-0.8055573
1468596775.739|-0.059906|-0.6262207|-0.7827148
1468596775.76|-0.063385|-0.6242371|-0.7777557
1468596775.781|-0.0619202|-0.6343842|-0.7787628
1468596775.802|-0.0575562|-0.6290131|-0.7626495
1468596775.823|-0.0621338|-0.6266327|-0.7389984
1468596775.844|-0.0606384|-0.6256561|-0.7465515
1468596775.865|-0.0667725|-0.6271057|-0.769516
1468596775.886|-0.0617676|-0.622879|-0.7689972
1468596775.907|-0.0597992|-0.6285248|-0.7565002
1468596775.928|-0.0607147|-0.6321564|-0.7508545
1468596775.949|-0.0664368|-0.6326599|-0.7657623
1468596775.97|-0.0671692|-0.6306763|-0.7707062
1468596775.991|-0.0638275|-0.6305542|-0.7624359
1468596776.013|-0.0548706|-0.6384583|-0.7645874
1468596776.033|-0.0495453|-0.6351624|-0.7747192
1468596776.054|-0.0453949|-0.628891|-0.7959442
1468596776.076|-0.0609894|-0.6260376|-0.7678375
1468596776.097|-0.0578461|-0.6312561|-0.7451782
1468596776.118|-0.0435791|-0.6351318|-0.7591095
1468596776.139|-0.0557251|-0.6326447|-0.7671509
1468596776.16|-0.0625916|-0.6335144|-0.7565308
1468596776.181|-0.059433|-0.6338501|-0.7522736
1468596776.202|-0.0535278|-0.6366119|-0.7534637
1468596776.223|-0.0579834|-0.6311798|-0.7612457
1468596776.244|-0.0541534|-0.6278839|-0.7649994
1468596776.265|-0.0565643|-0.6307373|-0.7576752
1468596776.286|-0.058548|-0.6316986|-0.7522736
1468596776.306|-0.0645905|-0.6310577|-0.7570038
1468596776.328|-0.0604401|-0.627243|-0.7697296
1468596776.349|-0.0535278|-0.6299896|-0.7770691
1468596776.37|-0.0450134|-0.6311493|-0.7744446
1468596776.391|-0.051651|-0.634552|-0.7874908
1468596776.412|-0.0514832|-0.6216125|-0.7819672
1468596776.433|-0.056015|-0.6223297|-0.7609253
1468596776.454|-0.0491638|-0.6320496|-0.7702179
1468596776.475|-0.0543823|-0.6222534|-0.7852631
1468596776.497|-0.0557251|-0.6210785|-0.7713165
1468596776.517|-0.0574799|-0.6203613|-0.7661285
1468596776.538|-0.0523376|-0.6233521|-0.7637787
1468596776.559|-0.0519714|-0.6279297|-0.7659454
1468596776.58|-0.052475|-0.6242828|-0.7715759
1468596776.602|-0.0460663|-0.627533|-0.7737274
1468596776.623|-0.0506744|-0.6283875|-0.7732697
1468596776.644|-0.0512695|-0.6322174|-0.7784882
1468596776.665|-0.0508423|-0.6290741|-0.7817841
1468596776.686|-0.0489349|-0.619278|-0.7731934
1468596776.707|-0.0455017|-0.6220245|-0.7703705
1468596776.728|-0.0497589|-0.6257629|-0.773468
1468596776.748|-0.0523834|-0.6266785|-0.7760925
1468596776.769|-0.0509491|-0.6200409|-0.7625732
1468596776.79|-0.0492706|-0.6191101|-0.7613678
1468596776.811|-0.0487366|-0.621994|-0.76091
1468596776.834|-0.0601349|-0.6215057|-0.765213
1468596776.855|-0.0501099|-0.6199799|-0.7772064
1468596776.876|-0.0450897|-0.6169586|-0.77742
1468596776.897|-0.0530243|-0.6201477|-0.7772217
1468596776.919|-0.0525665|-0.6199493|-0.7748566
1468596776.939|-0.0473633|-0.6216888|-0.7824249
1468596776.959|-0.0402069|-0.6148682|-0.7866211
1468596776.98|-0.029541|-0.6112061|-0.7929535
1468596777.001|-0.0335236|-0.6133728|-0.7764282
1468596777.022|-0.0360413|-0.6121674|-0.7648468
1468596777.043|-0.0505066|-0.6154327|-0.7705536
1468596777.064|-0.0461578|-0.6140594|-0.772934
1468596777.085|-0.0535278|-0.6100464|-0.7762146
1468596777.105|-0.0577393|-0.6164246|-0.779129
1468596777.127|-0.0640106|-0.618927|-0.7765503
1468596777.147|-0.0592651|-0.61203|-0.7835693
1468596777.168|-0.0544739|-0.6171722|-0.789505
1468596777.189|-0.052887|-0.6192932|-0.8032379
1468596777.21|-0.0445251|-0.615448|-0.7918396
1468596777.232|-0.0327454|-0.6138458|-0.7806854
1468596777.253|-0.0300751|-0.6166077|-0.7710114
1468596777.274|-0.031601|-0.6098022|-0.7820892
1468596777.295|-0.0307312|-0.6143341|-0.7861176
1468596777.316|-0.0216217|-0.6109619|-0.7813416
1468596777.337|-0.0142975|-0.613327|-0.7759094
1468596777.358|-0.0172882|-0.6120605|-0.7723389
1468596777.379|-0.0213623|-0.6141357|-0.7707214
1468596777.4|-0.0220032|-0.6160278|-0.777832
1468596777.421|-0.0225525|-0.6210175|-0.7861328
1468596777.442|-0.0410919|-0.6157684|-0.7932281
1468596777.463|-0.0391083|-0.6117859|-0.7804565
1468596777.484|-0.0303497|-0.6095428|-0.7860718
1468596777.505|-0.0379639|-0.6057434|-0.7896271
1468596777.526|-0.0334625|-0.6130981|-0.7849426
1468596777.547|-0.0357819|-0.6094818|-0.7761536
1468596777.568|-0.04039|-0.6108246|-0.7745361
1468596777.589|-0.0380249|-0.6124573|-0.7946472
1468596777.61|-0.0380707|-0.6090698|-0.8005219
1468596777.631|-0.0351868|-0.6091614|-0.7924652
1468596777.652|-0.0263672|-0.6146851|-0.7868347
1468596777.673|-0.0275574|-0.608963|-0.7735443
1468596777.694|-0.0217133|-0.6083221|-0.7765961
1468596777.715|-0.0225677|-0.6133881|-0.7756805
1468596777.736|-0.0231934|-0.6159821|-0.783493
1468596777.758|-0.021698|-0.6169739|-0.7854004
1468596777.778|-0.0252533|-0.6084442|-0.7881927
1468596777.799|-0.0306244|-0.6088257|-0.7858429
1468596777.82|-0.0284424|-0.6086426|-0.7839508
1468596777.841|-0.0280151|-0.608429|-0.7782593
1468596777.863|-0.0274963|-0.6067047|-0.7893677
1468596777.884|-0.044342|-0.6094055|-0.8036194
1468596777.905|-0.0432281|-0.6238098|-0.8088989
1468596777.926|-0.026535|-0.6222839|-0.803421
1468596777.947|-0.0312195|-0.6017914|-0.7933502
1468596777.968|-0.0437469|-0.5978851|-0.7529297
1468596777.989|-0.04245|-0.6063843|-0.7359772
1468596778.01|-0.0490112|-0.5979309|-0.7671204
1468596778.031|-0.0477905|-0.5994263|-0.7628937
1468596778.052|-0.0408478|-0.5967865|-0.7902832
1468596778.073|-0.0441742|-0.6025238|-0.7825012
1468596778.093|-0.0222321|-0.5575256|-0.596817
1468596778.115|-0.0313263|-0.6103363|-0.8196716
1468596778.135|0.0207672|-0.6267242|-0.9484863
1468596778.157|-0.0219421|-0.5382996|-0.8368835
1468596778.176|-0.0323181|-0.6755524|-0.5676117
1468596778.198|-0.0166779|-0.5725098|-0.7481995
1468596778.219|-0.011261|-0.6151886|-0.9945831
1468596778.24|-0.0652008|-0.5880737|-1.1214905
1468596778.261|-0.0898438|-0.5995941|-0.8280182
1468596778.302|-0.0420837|-0.5322113|-0.5189056
1468596778.323|0.0648651|-0.734436|-0.8117523
1468596778.344|0.0545044|-0.6326294|-0.9226685
1468596778.366|-0.1181946|-0.5633545|-0.9259491
1468596778.387|-0.0308533|-0.6074371|-0.7231598
1468596778.407|-0.0532532|-0.6310425|-0.7108765
1468596778.429|-0.0622253|-0.6386871|-0.6858978
1468596778.45|-0.0738373|-0.6236572|-0.8472748
1468596778.471|-0.0172424|-0.6190491|-0.9594116
1468596778.491|0.0148163|-0.6370239|-0.8294067
1468596778.512|-0.0786133|-0.649826|-0.600647
1468596778.533|-0.0321503|-0.6734009|-0.5628815
1468596778.554|0.025528|-0.6644135|-0.741394
1468596778.575|-0.0202789|-0.6522827|-0.7974548
1468596778.62|0.0029907|-0.5968781|-0.6301117
1468596778.639|-0.0296936|-0.6609192|-0.7098236
1468596778.661|-0.0016785|-0.664444|-0.9497375
1468596778.68|-0.0333862|-0.5703125|-0.967865
1468596778.701|-0.0253754|-0.5515747|-0.85849
1468596778.722|-0.0410309|-0.6553802|-0.7091217
1468596778.743|-0.0676117|-0.6735535|-0.8090668
1468596778.765|-0.0637207|-0.6278839|-0.8201141
1468596778.791|-0.1026459|-0.6396332|-0.6058502
1468596778.807|-0.0410919|-0.5971375|-0.7221985
1468596778.827|0.0574799|-0.6651154|-0.7886047
1468596778.848|-0.0476227|-0.670166|-0.8962402
1468596778.869|-0.0712128|-0.5296021|-0.6723938
1468596778.891|-0.1132355|-0.5180054|-0.7832947
1468596778.912|-0.0884247|-0.611908|-0.9198151
1468596778.933|-0.0507812|-0.6165619|-1.070816
1468596778.954|-0.0827942|-0.6275482|-0.9437866
1468596778.996|-0.1147614|-0.6477509|-0.5153809
1468596779.017|-0.026474|-0.680069|-0.7948303
1468596779.038|-0.0473938|-0.6023102|-0.909729
1468596779.059|-0.0725098|-0.5543518|-0.8170166
1468596779.08|-0.0924988|-0.5978699|-0.6339264
1468596779.101|-0.0746155|-0.6061249|-0.6946716
1468596779.122|-0.0884552|-0.6271362|-0.7634125
1468596779.164|-0.1079559|-0.5991669|-0.8803253
1468596779.189|-0.0290375|-0.6356964|-0.61203
1468596779.206|0.0301971|-0.5784607|-0.8254395
1468596779.227|0.0433197|-0.6942902|-0.8557434
1468596779.248|-0.0380554|-0.6479797|-0.8095398
1468596779.269|-0.0136261|-0.5513153|-0.7697906
1468596779.291|-0.047287|-0.6548309|-0.6490936
1468596779.311|-0.0062561|-0.664917|-0.6422119
1468596779.333|-0.0763245|-0.6043854|-0.6984406
1468596779.354|-0.1030884|-0.5801544|-0.8080597
1468596779.374|-0.1024323|-0.5845947|-0.8882294
1468596779.395|-0.0788574|-0.6004639|-0.7996216
1468596779.416|-0.0409088|-0.6062775|-0.8165741
1468596779.438|0.0009003|-0.6345367|-0.9299316
1468596779.458|-0.0375214|-0.57164|-0.9290924
1468596779.48|-0.0780487|-0.5595398|-0.8092804
1468596779.501|-0.0527802|-0.5951691|-0.7226868
1468596779.522|-0.0422974|-0.6114197|-0.7440491
1468596779.543|-0.0395203|-0.613678|-0.7854156
1468596779.564|-0.0556183|-0.6101685|-0.7892151
1468596779.585|-0.0537872|-0.6105347|-0.7698364
1468596779.606|-0.040741|-0.6161041|-0.7750397
1468596779.627|-0.0619812|-0.6038971|-0.7671967
1468596779.648|-0.0599976|-0.6110077|-0.7502289
1468596779.669|-0.0548706|-0.6091461|-0.7575226
1468596779.69|-0.0565948|-0.6091156|-0.7542114
1468596779.711|-0.0463715|-0.6096497|-0.7911072
1468596779.732|-0.0462341|-0.6072693|-0.7854004
1468596779.753|-0.0510254|-0.6014252|-0.7799377
1468596779.774|-0.037796|-0.5979919|-0.8042145
1468596779.796|-0.0340576|-0.5962219|-0.7881317
1468596779.816|-0.0377808|-0.5959473|-0.7786713
1468596779.837|-0.0397339|-0.5922394|-0.7914276
1468596779.859|-0.0405426|-0.598465|-0.7938385
1468596779.879|-0.0547791|-0.5973511|-0.8099365
1468596779.901|-0.0559998|-0.5941162|-0.8212585
1468596779.921|-0.0595093|-0.5971375|-0.8302765
1468596779.943|-0.0476074|-0.5961914|-0.8321381
1468596779.964|-0.0419464|-0.5952148|-0.8124847
1468596779.985|-0.0455017|-0.5937653|-0.7961884
1468596780.017|-0.0388947|-0.5960846|-0.7924042
1468596780.047|-0.0449066|-0.5897217|-0.7895355
1468596780.069|-0.0453339|-0.5904083|-0.7952118
1468596780.089|-0.0467682|-0.5898743|-0.8006592
1468596780.111|-0.0540314|-0.5914001|-0.7980804
1468596780.132|-0.0478668|-0.595871|-0.7971497
1468596780.153|-0.0522919|-0.5938416|-0.7980957
1468596780.174|-0.0494385|-0.5915375|-0.7928772
1468596780.195|-0.0469818|-0.5964508|-0.7822571
1468596780.216|-0.0501251|-0.5985565|-0.7806244
1468596780.237|-0.0457764|-0.6004639|-0.8014374
1468596780.258|-0.0491943|-0.5932312|-0.7904968
1468596780.279|-0.0414124|-0.6020203|-0.7964478
1468596780.3|-0.0466156|-0.5985718|-0.7938538
1468596780.321|-0.039856|-0.5955658|-0.7975922
1468596780.342|-0.0410919|-0.5982361|-0.7877045
1468596780.363|-0.0477905|-0.6038818|-0.7834778
1468596780.384|-0.0475311|-0.6036377|-0.785614
1468596780.405|-0.0443878|-0.6010284|-0.7907867
1468596780.426|-0.0379639|-0.6030731|-0.7967072
1468596780.447|-0.0315247|-0.6024017|-0.8167725
1468596780.468|-0.0366516|-0.6020355|-0.8153534
1468596780.49|-0.0404358|-0.6017914|-0.7983398
1468596780.51|-0.0455475|-0.6078033|-0.7754822
1468596780.532|-0.0412903|-0.6009064|-0.7813263
1468596780.552|-0.0547485|-0.5962677|-0.7846375
1468596780.574|-0.0502777|-0.5989838|-0.7891235
1468596780.595|-0.0498199|-0.5985107|-0.7898407
1468596780.616|-0.0492401|-0.5942383|-0.7803497
1468596780.637|-0.0449524|-0.5974121|-0.7910156
1468596780.658|-0.0471191|-0.5973358|-0.7947845
1468596780.679|-0.0449219|-0.5986176|-0.7903137
1468596780.701|-0.0458221|-0.6024475|-0.789856
1468596780.721|-0.042572|-0.6039276|-0.7985992
1468596780.742|-0.0319824|-0.6146698|-0.8144989
1468596780.763|-0.0360107|-0.6223907|-0.8367615
1468596780.784|-0.0488892|-0.6085052|-0.8147278
1468596780.805|-0.0582275|-0.6081238|-0.8043518
1468596780.826|-0.0521545|-0.5991364|-0.7995453
1468596780.847|-0.0495911|-0.6014862|-0.7733002
1468596780.868|-0.0525513|-0.5945129|-0.7579193
1468596780.889|-0.0574951|-0.6035919|-0.749939
1468596780.91|-0.0473022|-0.6020966|-0.7546234
1468596780.931|-0.0364227|-0.5987396|-0.7552948
1468596780.952|-0.0312805|-0.6072083|-0.7678528
1468596780.973|-0.0266418|-0.6115265|-0.7920074
1468596780.994|-0.0255737|-0.6154022|-0.7913055
1468596781.016|-0.0238953|-0.6174164|-0.7794952
1468596781.037|-0.0229034|-0.6171722|-0.7846985
1468596781.058|-0.044281|-0.6169281|-0.7882996
1468596781.079|-0.0521088|-0.6113892|-0.8001099
1468596781.1|-0.062088|-0.6111908|-0.7970581
1468596781.121|-0.0655975|-0.6121674|-0.7791138
1468596781.142|-0.0653076|-0.6044922|-0.7785797
1468596781.163|-0.0635223|-0.6091309|-0.7714996
1468596781.184|-0.0581055|-0.6029968|-0.7709961
1468596781.205|-0.0570068|-0.6078186|-0.7707672
1468596781.226|-0.0530701|-0.6037292|-0.7915344
1468596781.247|-0.0466461|-0.6072235|-0.7936859
1468596781.268|-0.0415802|-0.6100464|-0.7797394
1468596781.289|-0.04216|-0.6074066|-0.7740479
1468596781.31|-0.0417938|-0.6100311|-0.7837524
1468596781.332|-0.0319519|-0.6207581|-0.7996368
1468596781.352|-0.0414124|-0.6130981|-0.796524
1468596781.374|-0.038208|-0.6131592|-0.8000793
1468596781.395|-0.0361023|-0.6171722|-0.7759857
1468596781.437|-0.0327301|-0.6163635|-0.8071899
1468596781.458|-0.038681|-0.6040192|-0.7978973
1468596781.479|-0.0471802|-0.6111603|-0.7750244
1468596781.521|-0.0454254|-0.6180725|-0.7939758
1468596781.543|-0.0444489|-0.6136169|-0.7757416
1468596781.584|-0.0483398|-0.6086426|-0.7896576
1468596781.626|-0.0554962|-0.6073303|-0.7814026
1468596781.668|-0.0463257|-0.6122894|-0.7892151
1468596781.71|-0.0543213|-0.608139|-0.7729034
1468596781.752|-0.0524597|-0.6126862|-0.7802429
1468596781.774|-0.0523834|-0.6121368|-0.7930298
1468596781.795|-0.0495605|-0.6112976|-0.7816467
1468596781.837|-0.0514374|-0.6180725|-0.768692
1468596781.879|-0.0487823|-0.6179657|-0.7998962
1468596781.92|-0.0567322|-0.6191101|-0.7734375
1468596781.962|-0.0524445|-0.6185455|-0.7630463
1468596782.004|-0.0479279|-0.6185608|-0.7807617
1468596782.046|-0.0513611|-0.6180115|-0.7802734
1468596782.088|-0.0548401|-0.6140747|-0.7833405
1468596782.13|-0.0492249|-0.6115417|-0.8294067
1468596782.172|-0.0418549|-0.6221924|-0.8039246
1468596782.214|-0.0529633|-0.6334991|-0.7063904
1468596782.256|-0.0582123|-0.6309052|-0.765274
1468596782.298|-0.0685577|-0.6177368|-0.75737
1468596782.339|-0.0578766|-0.6239471|-0.7663879
1468596782.381|-0.0593262|-0.6266022|-0.7581482
1468596782.402|-0.0566864|-0.6239777|-0.7661438
1468596782.423|-0.0503693|-0.6256561|-0.7935791
1468596782.464|-0.0608978|-0.6203003|-0.7625885
1468596782.486|-0.0599823|-0.6228638|-0.7822418
1468596782.527|-0.0609741|-0.6228333|-0.7801056
1468596782.569|-0.0528259|-0.6317444|-0.7692871
1468596782.591|-0.0562744|-0.6203918|-0.763504
1468596782.633|-0.0565796|-0.6177216|-0.766098
1468596782.674|-0.0635681|-0.6184998|-0.7713318
1468596782.716|-0.0535278|-0.6265869|-0.787674
1468596782.759|-0.0546722|-0.6217804|-0.7796021
1468596782.822|-0.0525208|-0.6199188|-0.7810059
1468596782.864|-0.0578461|-0.6234436|-0.7727814
1468596782.885|-0.0581512|-0.6203156|-0.772995
1468596782.906|-0.0488281|-0.6204529|-0.7852325
1468596782.927|-0.0592041|-0.6186066|-0.7689667
1468596782.948|-0.0552368|-0.6228027|-0.765213
1468596782.969|-0.0526886|-0.6242371|-0.7765503
1468596782.99|-0.0566101|-0.624176|-0.7746582
1468596783.011|-0.0578156|-0.6226807|-0.7777405
1468596783.032|-0.0573425|-0.6219635|-0.7815094
1468596783.053|-0.0550842|-0.6239166|-0.7848206
1468596783.075|-0.0544128|-0.6247101|-0.7727661
1468596783.095|-0.0490417|-0.6176453|-0.7644196
1468596783.117|-0.0570068|-0.6181793|-0.7684784
1468596783.138|-0.0550232|-0.6255798|-0.7872009
1468596783.159|-0.057785|-0.6251068|-0.7756348
1468596783.18|-0.062149|-0.6212616|-0.7552643
1468596783.222|-0.0599518|-0.6233368|-0.7852936
1468596783.264|-0.0571747|-0.6232452|-0.7659302
1468596783.306|-0.0612335|-0.6250458|-0.7718506
1468596783.348|-0.0618439|-0.6199951|-0.7675476
1468596783.39|-0.0565491|-0.6150208|-0.7776642
1468596783.432|-0.0565033|-0.6181641|-0.7734375
1468596783.496|-0.04953|-0.6344147|-0.7792206
1468596783.558|-0.0568085|-0.6216278|-0.7550201
1468596783.622|-0.056839|-0.6359253|-0.6321869
1468596783.684|-0.0376282|-0.6439056|-0.952301
1468596783.748|-0.0508575|-0.6341553|-0.7269592
1468596783.811|-0.0467377|-0.5942841|-0.685318
1468596783.874|0.0216827|-0.6662903|-0.8764191
1468596783.916|-0.0707397|-0.6025085|-0.668869
1468596783.958|-0.0427551|-0.6586609|-0.8658905
1468596784.041|-0.0181427|-0.7133331|-0.6210327
1468596784.085|-0.0771332|-0.5900879|-0.769516
1468596784.126|-0.0958252|-0.624054|-0.6243896
1468596784.168|-0.1206818|-0.6334534|-0.8935852
1468596784.19|-0.1019592|-0.627594|-0.9481049
1468596784.211|-0.0384674|-0.6227875|-0.6999054
1468596784.231|-0.0007782|-0.6264191|-0.718277
1468596784.252|0.0107727|-0.6715851|-0.828476
1468596784.273|-0.0462494|-0.6702423|-0.8454132
1468596784.294|-0.0694275|-0.6094513|-0.7277832
1468596784.315|-0.0475006|-0.6294861|-0.6692352
1468596784.336|-0.0659027|-0.6654205|-0.6622009
1468596784.357|-0.0288391|-0.6735382|-0.7905426
1468596784.378|-0.0415649|-0.6593628|-0.8252258
1468596784.399|-0.0205994|-0.6605682|-0.7258911
1468596784.42|-0.0546875|-0.6556396|-0.5966187
1468596784.441|-0.0341339|-0.7084808|-0.7501221
1468596784.462|0.0210571|-0.6969757|-0.8924713
1468596784.486|-0.0300293|-0.6157532|-0.8452148
1468596784.504|-0.0390472|-0.6377106|-0.5983582
1468596784.525|-0.0553894|-0.6687164|-0.6284027
1468596784.547|-0.0541992|-0.6796265|-0.7589569
1468596784.567|-0.0939941|-0.6395416|-0.9006348
1468596784.588|-0.0533752|-0.6184998|-0.7684784
1468596784.609|-0.0269775|-0.629776|-0.6512146
1468596784.63|0.0148773|-0.6819611|-0.7916565
1468596784.651|-0.0380554|-0.6441498|-0.85466
1468596784.672|-0.0642242|-0.596405|-0.7156219
1468596784.693|-0.0211182|-0.6346893|-0.7058563
1468596784.714|-0.0621796|-0.6782074|-0.6679382
1468596784.734|-0.0444336|-0.6582489|-0.7006378
1468596784.755|-0.0546875|-0.6551819|-0.7372894
1468596784.776|-0.0849762|-0.6486359|-0.8049164
1468596784.798|-0.0334625|-0.6498413|-0.695816
1468596784.822|-0.0933838|-0.6490173|-0.6474915
1468596784.839|-0.0436401|-0.6749878|-0.7203827
1468596784.86|-0.0079956|-0.6746826|-0.846283
1468596784.881|-0.0446625|-0.6307373|-0.8588409
1468596784.902|-0.0807495|-0.6211853|-0.7366333
1468596784.923|-0.0307922|-0.6655121|-0.748642
1468596784.944|-0.0446625|-0.649826|-0.7956238
1468596784.965|-0.0457764|-0.6437225|-0.7631989
1468596784.986|-0.060379|-0.6429901|-0.6955872
1468596785.008|-0.0566864|-0.6467285|-0.6892395
1468596785.029|-0.0369568|-0.6450958|-0.7671814
1468596785.05|-0.0477753|-0.6341858|-0.7846375
1468596785.071|-0.0587006|-0.6340942|-0.755127
1468596785.091|-0.0505676|-0.6452637|-0.7684174
1468596785.112|-0.0622864|-0.6440735|-0.7620392
1468596785.133|-0.0510559|-0.6425629|-0.7735901
1468596785.154|-0.0525665|-0.6447754|-0.7622681
1468596785.175|-0.04599|-0.6456604|-0.760376
1468596785.196|-0.0440674|-0.6413116|-0.7690887
1468596785.217|-0.0495605|-0.637619|-0.7631531
1468596785.238|-0.0515137|-0.6388092|-0.7586823
1468596785.259|-0.0531769|-0.6428833|-0.7501984
1468596785.28|-0.0489349|-0.6362305|-0.7515411
1468596785.301|-0.054245|-0.6395111|-0.7485199
1468596785.322|-0.0516815|-0.6409302|-0.7627258
1468596785.343|-0.0515594|-0.6391449|-0.7849274
1468596785.364|-0.0561523|-0.6401672|-0.7520752
1468596785.385|-0.0552368|-0.640976|-0.7402649
1468596785.406|-0.0532532|-0.6414795|-0.7423859
1468596785.427|-0.0585785|-0.6398773|-0.7530365
1468596785.448|-0.0484009|-0.6448517|-0.766037
1468596785.47|-0.0545654|-0.641098|-0.7648468
1468596785.49|-0.0527344|-0.6395111|-0.7572784
1468596785.512|-0.0509186|-0.6443787|-0.7532806
1468596785.533|-0.0557404|-0.6466827|-0.7511749
1468596785.554|-0.0555573|-0.6418304|-0.7598877
1468596785.575|-0.0537567|-0.6452179|-0.7634583
1468596785.596|-0.0559387|-0.6483459|-0.75354
1468596785.617|-0.0516052|-0.6440582|-0.763916
1468596785.638|-0.0587769|-0.6427612|-0.7509155
1468596785.659|-0.0565186|-0.6461945|-0.7457275
1468596785.68|-0.0561371|-0.641861|-0.7483063
1468596785.701|-0.05336|-0.6448059|-0.7528076
1468596785.722|-0.0526581|-0.6418915|-0.7591858
1468596785.743|-0.0506897|-0.6426544|-0.7593994
1468596785.765|-0.0551453|-0.6404419|-0.753479
1468596785.786|-0.0526581|-0.6411743|-0.7603607
1468596785.807|-0.0559082|-0.6382294|-0.756073
1468596785.828|-0.056366|-0.6423492|-0.7471161
1468596785.85|-0.0571136|-0.6389313|-0.7565765
1468596785.869|-0.057785|-0.6415405|-0.7575226
1468596785.89|-0.0532074|-0.6486053|-0.7599335
1468596785.911|-0.0496826|-0.6433716|-0.7605896
1468596785.932|-0.0529175|-0.6433563|-0.7523346
1468596785.954|-0.0511475|-0.6419067|-0.7631989
1468596785.975|-0.0486908|-0.6421814|-0.7669678
1468596785.996|-0.0531616|-0.6411743|-0.7556305
1468596786.017|-0.0534363|-0.6404724|-0.7537231
1468596786.038|-0.0539856|-0.6412201|-0.7438049
1468596786.059|-0.0544281|-0.6421661|-0.7468872
1468596786.08|-0.0510864|-0.6465149|-0.756134
1468596786.101|-0.0511932|-0.63974|-0.7634125
1468596786.122|-0.0526733|-0.642395|-0.7542114
1468596786.143|-0.0540924|-0.6428223|-0.7589417
1468596786.165|-0.0484924|-0.6417236|-0.7629395
1468596786.185|-0.0499115|-0.6426392|-0.7641296
1468596786.206|-0.048233|-0.6436768|-0.7601166
1468596786.227|-0.0532227|-0.6394958|-0.7546692
1468596786.248|-0.0490112|-0.6405182|-0.7619781
1468596786.268|-0.0473633|-0.6410828|-0.7539673
1468596786.289|-0.0425415|-0.6382904|-0.7555695
1468596786.31|-0.0558624|-0.6394196|-0.7577362
1468596786.331|-0.0516052|-0.6428223|-0.768158
1468596786.352|-0.0526123|-0.6423492|-0.7620087
1468596786.374|-0.0542145|-0.6365662|-0.7603302
1468596786.394|-0.0497742|-0.6412659|-0.7532501
1468596786.416|-0.0505829|-0.6386108|-0.751358
1468596786.437|-0.0518951|-0.6426086|-0.7613068
1468596786.458|-0.052887|-0.6421356|-0.7598877
1468596786.479|-0.0537567|-0.6392822|-0.750412
1468596786.5|-0.0513|-0.6395721|-0.7496948
1468596786.521|-0.0526733|-0.6406708|-0.7612915
1468596786.542|-0.0480042|-0.6392975|-0.7709656
1468596786.563|-0.0468445|-0.6408234|-0.7593689
1468596786.584|-0.0517578|-0.6373138|-0.7619781
1468596786.605|-0.0521698|-0.6372681|-0.7707214
1468596786.626|-0.0524902|-0.635849|-0.7657471
1468596786.647|-0.0521851|-0.6349945|-0.7451935
1468596786.668|-0.0528412|-0.6371155|-0.7503967
1468596786.689|-0.0517426|-0.6380463|-0.7629242
1468596786.71|-0.0527344|-0.6444855|-0.7731476
1468596786.731|-0.0502014|-0.6421814|-0.7620087
1468596786.752|-0.0543671|-0.6384735|-0.7664795
1468596786.773|-0.0483551|-0.635437|-0.769043
1468596786.795|-0.0516205|-0.6330109|-0.7624207
1468596786.815|-0.050354|-0.6359406|-0.7598419
1468596786.836|-0.0493317|-0.638855|-0.7589111
1468596786.857|-0.0536194|-0.6352081|-0.7472992
1468596786.879|-0.0525513|-0.6361237|-0.7563019
1468596786.9|-0.0486298|-0.6416473|-0.7787781
1468596786.921|-0.042099|-0.6415863|-0.7731018
1468596786.942|-0.0499115|-0.6381683|-0.7463531
1468596786.963|-0.0335236|-0.6385498|-0.7936096
1468596786.984|-0.0509186|-0.6364441|-0.7482758
1468596787.005|-0.058548|-0.6280365|-0.7631226
1468596787.026|-0.0757904|-0.6363678|-0.7026825
1468596787.046|-0.0419464|-0.6408539|-0.7281647
1468596787.067|-0.0197754|-0.6646881|-0.7242737
1468596787.088|-0.0280914|-0.6336975|-0.821228
1468596787.109|-0.0528412|-0.6312256|-0.8709259
1468596787.13|-0.119751|-0.6290436|-0.6285095
1468596787.151|-0.0489349|-0.6391144|-0.7090302
1468596787.172|-0.0322571|-0.6453857|-0.7761688
1468596787.193|-0.0314941|-0.6400604|-0.8345184
1468596787.214|-0.0387115|-0.6486359|-0.8182983
1468596787.234|-0.0332184|-0.6624756|-0.7226257
1468596787.276|-0.0737305|-0.6376343|-0.7485504
1468596787.298|-0.006897|-0.7143555|-0.8028107
1468596787.319|-0.0669861|-0.6177063|-0.7711029
1468596787.339|-0.0316925|-0.6283417|-0.776062
1468596787.361|-0.0592194|-0.6421661|-0.7244263
1468596787.382|-0.0348511|-0.677124|-0.7184601
1468596787.405|-0.0792694|-0.6502533|-0.7481842
1468596787.425|-0.076355|-0.6216736|-0.7044678
1468596787.444|-0.0726166|-0.6443329|-0.7126617
1468596787.468|-0.0045013|-0.6807404|-0.8044891
1468596787.486|-0.0532379|-0.6529999|-0.8431702
1468596787.507|-0.0816345|-0.609848|-0.7871552
1468596787.528|-0.052597|-0.6309662|-0.7314301
1468596787.548|-0.0340881|-0.6613312|-0.7058258
1468596787.57|-0.0637817|-0.6626892|-0.7335663
1468596787.59|-0.0460358|-0.6507416|-0.7020111
1468596787.612|-0.0612183|-0.6651459|-0.6413879
1468596787.632|-0.0319824|-0.6414795|-0.6917419
1468596787.653|-0.0288696|-0.6622314|-0.789978
1468596787.674|0.0077667|-0.6463928|-0.8997192
1468596787.695|-0.0652313|-0.654007|-0.8309174
1468596787.715|-0.0449982|-0.6244049|-0.731369
1468596787.737|-0.0385895|-0.6755371|-0.77948
1468596787.758|-0.0254669|-0.6526947|-0.7880402
1468596787.779|-0.0509949|-0.6485748|-0.7299042
1468596787.8|-0.0487061|-0.657196|-0.6491089
1468596787.822|-0.0601959|-0.6396637|-0.5951233
1468596787.842|-0.0683594|-0.6568909|-0.7212524
1468596787.864|-0.0547485|-0.6814728|-0.9138336
1468596787.885|-0.0437927|-0.633255|-0.9380493
1468596787.906|-0.0688019|-0.6060944|-0.8256226
1468596787.927|-0.0712128|-0.6468658|-0.6935272
1468596787.948|-0.0265656|-0.654068|-0.7970123
1468596787.969|-0.0375519|-0.6604462|-0.7694397
1468596787.99|-0.0336761|-0.6492767|-0.6662598
1468596788.011|-0.0758362|-0.6616058|-0.6120758
1468596788.032|-0.0601959|-0.6469727|-0.6738739
1468596788.053|-0.0734253|-0.6418152|-0.7767181
1468596788.095|-0.0148926|-0.6659546|-0.8287506
1468596788.116|-0.0773773|-0.6484528|-0.7796021
1468596788.137|-0.0618134|-0.6366882|-0.7511292
1468596788.158|-0.043396|-0.6475372|-0.7776184
1468596788.18|-0.0549164|-0.6576843|-0.7649536
1468596788.201|-0.0465546|-0.6570129|-0.7462616
1468596788.222|-0.0493927|-0.6615448|-0.740387
1468596788.243|-0.04216|-0.6575928|-0.7457733
1468596788.264|-0.0493011|-0.6456757|-0.7414551
1468596788.285|-0.0570221|-0.6456451|-0.7128906
1468596788.306|-0.0672455|-0.6439514|-0.7180939
1468596788.327|-0.0628662|-0.6411133|-0.7268066
1468596788.348|-0.0508728|-0.6504517|-0.7405548
1468596788.368|-0.0589294|-0.671814|-0.8047943
1468596788.389|-0.0672607|-0.6257019|-0.8085022
1468596788.41|-0.0760803|-0.6419067|-0.7462311
1468596788.431|-0.0542145|-0.6552124|-0.7351532
1468596788.452|-0.055954|-0.6604004|-0.7479553
1468596788.473|-0.0565643|-0.654129|-0.7467499
1468596788.494|-0.0469208|-0.6578217|-0.7259369
1468596788.515|-0.0548706|-0.6511688|-0.7240143
1468596788.536|-0.0444031|-0.6347504|-0.7808685
1468596788.557|-0.0639648|-0.6410217|-0.7414703
1468596788.578|-0.0552673|-0.6464386|-0.7525787
1468596788.599|-0.0598297|-0.6448212|-0.7658234
1468596788.621|-0.0596924|-0.645401|-0.7502441
1468596788.642|-0.0509644|-0.6522827|-0.7545166
1468596788.663|-0.0638275|-0.6480103|-0.7379761
1468596788.684|-0.0601044|-0.6495056|-0.7443542
1468596788.705|-0.0588684|-0.6468201|-0.7570953
1468596788.726|-0.05867|-0.648056|-0.7483673
1468596788.747|-0.0621338|-0.6455994|-0.7459869
1468596788.768|-0.0596008|-0.6472931|-0.7561646
1468596788.789|-0.063736|-0.647934|-0.7519226
1468596788.81|-0.0544128|-0.6502838|-0.7571106
1468596788.831|-0.0623779|-0.6468201|-0.7403107
1468596788.853|-0.0589142|-0.6466064|-0.7528381
1468596788.873|-0.057373|-0.651001|-0.7479095
1468596788.894|-0.0587158|-0.6456757|-0.7473907
1468596788.915|-0.0588531|-0.6460724|-0.7611084
1468596788.936|-0.0599976|-0.6434631|-0.7487946
1468596788.957|-0.0579071|-0.6475677|-0.7519073
1468596788.978|-0.0601196|-0.6480255|-0.7481232
1468596788.999|-0.0581665|-0.6483154|-0.7507172
1468596789.02|-0.0559692|-0.6468964|-0.7537689
1468596789.041|-0.0539093|-0.6493073|-0.7622986
1468596789.063|-0.0518494|-0.6474915|-0.7511902
1468596789.083|-0.0551453|-0.6431122|-0.7454681
1468596789.105|-0.0538025|-0.6437988|-0.760376
1468596789.126|-0.0594635|-0.6441956|-0.7499847
1468596789.147|-0.0617676|-0.6482086|-0.7545013
1468596789.168|-0.0589752|-0.6442108|-0.7509308
1468596789.189|-0.0596008|-0.6497345|-0.7488403
1468596789.21|-0.0561829|-0.6475983|-0.7566223
1468596789.231|-0.0556488|-0.6480713|-0.7601624
1468596789.252|-0.0527496|-0.6481323|-0.7615814
1468596789.273|-0.0540924|-0.6420898|-0.7615356
1468596789.294|-0.0515594|-0.6390686|-0.751358
1468596789.315|-0.0568695|-0.6423492|-0.743576
1468596789.336|-0.0573883|-0.6468353|-0.7592316
1468596789.357|-0.0582581|-0.6432343|-0.7540131
1468596789.378|-0.0575409|-0.6442566|-0.7464294
1468596789.399|-0.0527802|-0.6496429|-0.749054
1468596789.42|-0.0542908|-0.6467133|-0.7514038
1468596789.441|-0.053772|-0.6474152|-0.7544861
1468596789.462|-0.0495911|-0.646759|-0.7620239
1468596789.483|-0.0518494|-0.6460114|-0.7573242
1468596789.504|-0.0561371|-0.6492767|-0.7587433
1468596789.525|-0.0551605|-0.6519928|-0.7497864
1468596789.546|-0.0501709|-0.6460724|-0.7542419
1468596789.588|-0.0531158|-0.6423492|-0.7579956
1468596789.609|-0.0509338|-0.6441498|-0.7535095
1468596789.631|-0.0509338|-0.6443939|-0.7511597
1468596789.652|-0.0513916|-0.6460419|-0.7525787
1468596789.673|-0.0588989|-0.6466064|-0.75354
1468596789.694|-0.0572662|-0.6452026|-0.749054
1468596789.715|-0.0572052|-0.6458893|-0.7554321
1468596789.736|-0.0535889|-0.6443024|-0.7554016
1468596789.756|-0.0523987|-0.6453247|-0.7469177
1468596789.777|-0.0531158|-0.6443329|-0.7511597
1468596789.798|-0.0498505|-0.6477356|-0.7558899
1468596789.819|-0.0564423|-0.6437073|-0.7658081
1468596789.84|-0.0574646|-0.6442108|-0.7570801
1468596789.861|-0.0574341|-0.6473541|-0.7521515
1468596789.882|-0.0546112|-0.6448059|-0.7469025
1468596789.903|-0.0519257|-0.642395|-0.7558594
1468596789.924|-0.0523834|-0.6428528|-0.7591858
1468596789.945|-0.0528717|-0.6460266|-0.7506866
1468596789.966|-0.0476074|-0.6403503|-0.7546539
1468596789.987|-0.0561371|-0.6425934|-0.7452393
1468596790.008|-0.0562134|-0.6466522|-0.7573242
1468596790.029|-0.0606232|-0.647522|-0.7488251
1468596790.05|-0.0542755|-0.646225|-0.7542419
1468596790.071|-0.0551147|-0.6416168|-0.7568054
1468596790.093|-0.0516205|-0.64505|-0.7558746
1468596790.115|-0.0552216|-0.6382751|-0.7515717
1468596790.135|-0.0576172|-0.6399078|-0.7509003
1468596790.156|-0.0541077|-0.6438293|-0.7528076
1468596790.177|-0.059082|-0.647049|-0.7587433
1468596790.198|-0.0561981|-0.6461487|-0.757782
1468596790.219|-0.0579529|-0.6451569|-0.7544861
1468596790.239|-0.0545197|-0.6474152|-0.7514191
1468596790.26|-0.0496216|-0.6482239|-0.7549438
1468596790.28|-0.0569611|-0.6478577|-0.7481232
1468596790.301|-0.056839|-0.6418457|-0.7494965
1468596790.322|-0.0605011|-0.6496582|-0.7594757
1468596790.343|-0.0600586|-0.6534576|-0.7722778
1468596790.365|-0.0602264|-0.6496582|-0.76091
1468596790.386|-0.0646515|-0.6454315|-0.7672729
1468596790.407|-0.0610199|-0.6450348|-0.7677307
1468596790.428|-0.0612488|-0.6452637|-0.7691498
1468596790.449|-0.0640869|-0.6433563|-0.7537842
1468596790.47|-0.0612335|-0.6437378|-0.7414703
1468596790.491|-0.0573578|-0.6438141|-0.7409973
1468596790.513|-0.056366|-0.6411285|-0.7516022
1468596790.533|-0.0557251|-0.6451874|-0.7582703
1468596790.554|-0.062561|-0.6423645|-0.7648621
1468596790.575|-0.0694733|-0.648468|-0.7623444
1468596790.596|-0.0759735|-0.6474609|-0.7441559
1468596790.617|-0.0701752|-0.6481323|-0.734436
1468596790.638|-0.0762634|-0.6505127|-0.7593079
1468596790.659|-0.0817108|-0.6450958|-0.7635193
1468596790.68|-0.0884552|-0.6452789|-0.7391968
1468596790.702|-0.096817|-0.6550446|-0.7250977
1468596790.723|-0.0984497|-0.6561737|-0.7324371
1468596790.744|-0.0948486|-0.6508942|-0.7434845
1468596790.765|-0.0803375|-0.6591644|-0.7411499
1468596790.786|-0.0766754|-0.6568146|-0.7510681
1468596790.807|-0.0642242|-0.6486511|-0.7493286
1468596790.828|-0.0630188|-0.6565857|-0.7562408
1468596790.849|-0.0591736|-0.6562195|-0.7521973
1468596790.87|-0.0629425|-0.6429596|-0.7407684
1468596790.891|-0.0561829|-0.650528|-0.7481232
1468596790.912|-0.0596924|-0.6490631|-0.7370148
1468596790.933|-0.0543365|-0.6415405|-0.7277374
1468596790.954|-0.0511322|-0.6406097|-0.7371826
1468596790.975|-0.0435791|-0.6402588|-0.7421112
1468596790.996|-0.0565491|-0.639801|-0.7291412
1468596791.017|-0.0721283|-0.6401978|-0.7230377
1468596791.038|-0.0789642|-0.6501465|-0.7238312
1468596791.059|-0.0890656|-0.6517944|-0.7328644
1468596791.08|-0.0837402|-0.6472778|-0.7458191
1468596791.101|-0.079422|-0.6466827|-0.7396393
1468596791.122|-0.0744324|-0.6496582|-0.7467499
1468596791.144|-0.0788269|-0.6512756|-0.7396698
1468596791.165|-0.0775146|-0.6553955|-0.7392426
1468596791.185|-0.0671539|-0.6473694|-0.7523956
1468596791.206|-0.0565186|-0.6508484|-0.7306213
1468596791.227|-0.0522919|-0.6478729|-0.7192688
1468596791.248|-0.0573578|-0.6516266|-0.7143402
1468596791.27|-0.0848236|-0.652298|-0.7484589
1468596791.29|-0.0914307|-0.647049|-0.7569427
1468596791.312|-0.0803223|-0.6486359|-0.7793884
1468596791.333|-0.0749512|-0.6490021|-0.7784271
1468596791.354|-0.0688782|-0.6513367|-0.7703857
1468596791.375|-0.0640106|-0.65242|-0.7673187
1468596791.396|-0.0497437|-0.6582489|-0.773468
1468596791.417|-0.0431213|-0.6556244|-0.7533264
1468596791.438|-0.0254669|-0.6442719|-0.7444611
1468596791.459|-0.020401|-0.6402283|-0.7548218
1468596791.48|-0.0187378|-0.6346893|-0.7642365
1468596791.501|-0.0012817|-0.6331635|-0.7620697
1468596791.522|0.0210876|-0.6000977|-0.7386169
1468596791.543|0.0360413|-0.6150818|-0.7431488
1468596791.564|0.0109406|-0.6093445|-0.7167206
1468596791.585|-0.0082703|-0.6236877|-0.7017212
1468596791.606|-0.0413971|-0.6264801|-0.7169647
1468596791.627|-0.0631256|-0.6311035|-0.7532043
1468596791.648|-0.0703583|-0.6385345|-0.7757568
1468596791.669|-0.0812073|-0.6495361|-0.7869568
1468596791.69|-0.0742798|-0.6621399|-0.7967072
1468596791.711|-0.0662994|-0.6567535|-0.8070679
1468596791.733|-0.045578|-0.6652985|-0.8215027
1468596791.754|-0.0438843|-0.6555176|-0.8190613
1468596791.775|-0.0337219|-0.6478577|-0.8014832
1468596791.796|-0.0316467|-0.6378937|-0.7874603
1468596791.817|-0.0362701|-0.622757|-0.7641907
1468596791.837|-0.0442352|-0.6173096|-0.7587433
1468596791.858|-0.0456085|-0.6204071|-0.7580719
1468596791.879|-0.0418091|-0.6279449|-0.7573853
1468596791.901|-0.0371857|-0.6206512|-0.7464447
1468596791.922|-0.0276794|-0.6183929|-0.7580109
1468596791.943|-0.0263214|-0.6163635|-0.7865906
1468596791.964|-0.0241394|-0.6109772|-0.7676392
1468596791.984|-0.0326538|-0.6043701|-0.7569885
1468596792.006|-0.0320892|-0.6020966|-0.7739868
1468596792.027|-0.0330505|-0.6080017|-0.7901154
1468596792.048|-0.0353088|-0.6200714|-0.7736359
1468596792.069|-0.0394897|-0.6253967|-0.7488708
1468596792.09|-0.0454102|-0.6066589|-0.7678986
1468596792.111|-0.0363007|-0.5869751|-0.8488312
1468596792.132|-0.0366058|-0.5888062|-0.8644257
1468596792.153|-0.0320587|-0.5876617|-0.8254242
1468596792.174|-0.0247498|-0.5919037|-0.7802734
1468596792.195|-0.0231018|-0.5726013|-0.79953
1468596792.216|-0.0262146|-0.5599518|-0.8141022
1468596792.237|-0.031723|-0.5727234|-0.7846527
1468596792.259|-0.0206604|-0.5618286|-0.8029938
1468596792.279|-0.0156403|-0.5600891|-0.8332214
1468596792.301|-0.0108185|-0.5580292|-0.8327179
1468596792.321|-0.0020142|-0.5613708|-0.8310699
1468596792.342|0.0002747|-0.5595551|-0.8166351
1468596792.363|-0.0019226|-0.5455933|-0.8583984
1468596792.384|0.0077362|-0.5510559|-0.8683319
1468596792.406|0.0231781|-0.5583801|-0.8633728
1468596792.426|-0.0044708|-0.5294037|-0.8630219
1468596792.447|0.0183563|-0.5525818|-0.852005
1468596792.469|0.0081787|-0.5449219|-0.8470001
1468596792.49|0.0022736|-0.5399475|-0.8550262
1468596792.511|-0.0126495|-0.5404053|-0.8394775
1468596792.537|0.0094299|-0.5548706|-0.7841949
1468596792.574|-0.0126038|-0.5325623|-0.8715668
1468596792.595|-0.006012|-0.5359192|-0.8978119
1468596792.637|0.0245819|-0.5684357|-0.7899323
1468596792.66|0.0290527|-0.5954285|-0.7463531
1468596792.68|0.0245514|-0.5836639|-0.7677917
1468596792.701|0.0341034|-0.5825348|-0.8498077
1468596792.722|0.0401459|-0.5754547|-0.7998505
1468596792.743|0.044754|-0.5696564|-0.6790009
1468596792.763|0.0690002|-0.6356201|-0.7283325
1468596792.785|0.0975037|-0.6240997|-0.9459229
1468596792.805|0.0413513|-0.5792389|-0.9575653
1468596792.826|-0.0136414|-0.5541229|-0.7875671
1468596792.851|0.0205078|-0.6060486|-0.605545
1468596792.869|0.0188751|-0.5263824|-0.7047729
1468596792.89|0.0248413|-0.5719757|-0.8466797
1468596792.911|0.0645142|-0.5637207|-0.848175
1468596792.932|0.044342|-0.5890808|-0.8332825
1468596792.953|0.0486908|-0.5992279|-0.7945557
1468596792.979|0.0137482|-0.579422|-0.6585693
1468596792.996|0.0041656|-0.5672302|-0.7899628
1468596793.017|0.073822|-0.618515|-0.8482971
1468596793.037|0.0234985|-0.6160431|-1.0242767
1468596793.058|-0.0145874|-0.5691681|-0.848175
1468596793.101|-0.008606|-0.5797882|-0.6297913
1468596793.122|0.0206604|-0.5734863|-0.7670288
1468596793.143|0.0070343|-0.5756378|-0.855484
1468596793.164|0.0122375|-0.5818481|-0.8874512
1468596793.185|0.0353088|-0.5678406|-0.7608032
1468596793.206|0.0032349|-0.5843506|-0.6371307
1468596793.228|0.0672455|-0.5603638|-0.763504
1468596793.248|0.0566559|-0.5954285|-0.8689728
1468596793.269|0.073822|-0.5915222|-1.0060272
1468596793.29|0.0619049|-0.6152039|-0.9274902
1468596793.311|0.0157623|-0.5478668|-0.7746582
1468596793.332|0.0300598|-0.6085358|-0.778595
1468596793.353|0.0481873|-0.6086578|-0.8293762
1468596793.395|-0.0016937|-0.5791779|-0.7796631
1468596793.416|-0.001358|-0.5881805|-0.7641144
1468596793.437|-0.0115509|-0.5943146|-0.8847504
1468596793.458|0.0323639|-0.5826263|-0.9143524
1468596793.479|-0.0135803|-0.5652008|-0.832077
1468596793.5|-0.0207825|-0.576889|-0.7721252
1468596793.521|-0.0068665|-0.5804443|-0.6990509
1468596793.542|-0.017334|-0.5926056|-0.724472
1468596793.564|-0.0268555|-0.5901947|-0.7275543
1468596793.586|-0.0018768|-0.6282806|-0.8679504
1468596793.607|-0.024231|-0.5979919|-0.8668365
1468596793.629|-0.0358887|-0.5615845|-0.7824554
1468596793.649|-0.0346375|-0.5770416|-0.7700348
1468596793.67|-0.0132904|-0.5810547|-0.7865753
1468596793.69|-0.0079803|-0.5785828|-0.8233948
1468596793.713|-0.0112305|-0.5609283|-0.7289429
1468596793.732|-0.0396576|-0.5680084|-0.7775574
1468596793.752|-0.0322876|-0.5641785|-0.9025726
1468596793.773|-0.0384369|-0.5765381|-0.8549194
1468596793.795|-0.0085297|-0.5815735|-0.8031006
1468596793.817|-0.0109406|-0.6021729|-0.8074951
1468596793.837|-0.0018311|-0.595871|-0.8079071
1468596793.858|0.0032501|-0.5868988|-0.8000183
1468596793.878|-0.0043335|-0.5916443|-0.7804565
1468596793.901|0.003479|-0.5991974|-0.7925568
1468596793.919|0.0050659|-0.5895233|-0.809494
1468596793.94|0.0139465|-0.5839539|-0.8110809
1468596793.961|0.0115967|-0.5803375|-0.8011475
1468596793.982|0.0062408|-0.5829163|-0.7938385
1468596794.003|-0.010437|-0.5804443|-0.7775574
1468596794.024|-0.0173645|-0.585083|-0.779953
1468596794.045|-0.0125732|-0.5907745|-0.8185425
1468596794.066|-0.0057068|-0.5876923|-0.8395386
1468596794.087|0.0045319|-0.5783081|-0.838501
1468596794.108|-0.0023193|-0.5700531|-0.82547
1468596794.128|-0.0045319|-0.5700073|-0.8231049
1468596794.15|-0.0187073|-0.5783691|-0.8196411
1468596794.171|-0.023056|-0.5797272|-0.8175354
1468596794.192|-0.0427399|-0.5827026|-0.8086243
1468596794.213|-0.0304871|-0.5939789|-0.8195496
1468596794.234|-0.0268402|-0.5960236|-0.8129425
1468596794.255|-0.0187531|-0.5938873|-0.7975159
1468596794.276|-0.0089569|-0.5910187|-0.7821198
1468596794.297|-0.015976|-0.584671|-0.7714539
1468596794.318|-0.0164032|-0.5839081|-0.7813873
1468596794.339|-0.0173645|-0.5836182|-0.7849121
1468596794.36|-0.0136719|-0.581955|-0.7981415
1468596794.381|-0.0205841|-0.5880432|-0.7986908
1468596794.402|-0.026123|-0.5869293|-0.8069611
1468596794.423|-0.0312042|-0.5973663|-0.8110504
1468596794.444|-0.0337982|-0.5910645|-0.810791
1468596794.465|-0.0373535|-0.5871887|-0.8020172
1468596794.486|-0.0367584|-0.5920258|-0.7987518
1468596794.507|-0.0396881|-0.590744|-0.8013458
1468596794.528|-0.0370178|-0.5913086|-0.7966003
1468596794.549|-0.0360413|-0.590332|-0.8032227
1468596794.57|-0.0367432|-0.5898285|-0.8058319
1468596794.591|-0.0443268|-0.5921326|-0.7945099
1468596794.612|-0.0490875|-0.5872192|-0.7921143
1468596794.633|-0.0562439|-0.5834808|-0.7880859
1468596794.654|-0.0542297|-0.5851898|-0.7904663
1468596794.676|-0.0558929|-0.5865784|-0.7926025
1468596794.697|-0.0490723|-0.5914459|-0.8131866
1468596794.718|-0.0540314|-0.5872192|-0.8138885
1468596794.739|-0.0544739|-0.5891418|-0.8141327
1468596794.76|-0.0538025|-0.5889435|-0.8075256
1468596794.781|-0.0569611|-0.5918274|-0.7973633
1468596794.802|-0.0625305|-0.5897217|-0.8058929
1468596794.823|-0.0724182|-0.5852356|-0.7969055
1468596794.844|-0.068222|-0.5805511|-0.7888184
1468596794.865|-0.0762482|-0.5791473|-0.7926025
1468596794.886|-0.0759277|-0.5921173|-0.796463
1468596794.907|-0.0683441|-0.5873108|-0.7824707
1468596794.928|-0.0635834|-0.594162|-0.7801361
1468596794.949|-0.0553284|-0.5936279|-0.781311
1468596794.97|-0.0381165|-0.5982666|-0.7933655
1468596794.991|-0.0387878|-0.609787|-0.7974548
1468596795.012|-0.0262909|-0.6006317|-0.8072815
1468596795.033|-0.0238037|-0.6045685|-0.8025665
1468596795.054|-0.0338745|-0.606842|-0.7794495
1468596795.075|-0.0418396|-0.6110382|-0.7759552
1468596795.096|-0.0504913|-0.6184082|-0.7992249
1468596795.117|-0.0657043|-0.6108246|-0.8053131
1468596795.137|-0.0761108|-0.6122742|-0.806778
1468596795.158|-0.0882874|-0.6221161|-0.8016815
1468596795.179|-0.0780945|-0.6176605|-0.7810669
1468596795.2|-0.0805969|-0.6031342|-0.7856903
1468596795.221|-0.0783844|-0.5977325|-0.7726593
1468596795.242|-0.0898285|-0.5910492|-0.7591553
1468596795.263|-0.0996857|-0.5857849|-0.757019
1468596795.284|-0.0978394|-0.5898743|-0.7653046
1468596795.305|-0.0835419|-0.5895996|-0.7910614
1468596795.326|-0.0806427|-0.5965729|-0.7993469
1468596795.347|-0.0786896|-0.6094055|-0.7942352
1468596795.368|-0.0692902|-0.6160736|-0.7963867
1468596795.389|-0.0663452|-0.6146851|-0.8025208
1468596795.41|-0.0582886|-0.6096344|-0.7890015
1468596795.431|-0.0487976|-0.6026764|-0.7792206
1468596795.452|-0.0299683|-0.5872345|-0.7781067
1468596795.473|-0.016861|-0.5811768|-0.7964935
1468596795.494|-0.0031433|-0.5823975|-0.8068695
1468596795.515|-0.0055695|-0.5892487|-0.8168488
1468596795.536|-0.0146637|-0.586441|-0.8123627
1468596795.557|-0.0260468|-0.5850677|-0.7918243
1468596795.578|-0.0318909|-0.5878906|-0.7805023
1468596795.599|-0.0284271|-0.5797882|-0.779953
1468596795.62|-0.0241547|-0.5797882|-0.8007507
1468596795.641|-0.019928|-0.5913696|-0.8107605
1468596795.662|-0.0163116|-0.5892944|-0.8102417
1468596795.683|-0.021759|-0.5779114|-0.8023834
1468596795.704|-0.01828|-0.5973206|-0.7833557
1468596795.725|-0.0345917|-0.5881805|-0.8095856
1468596795.746|-0.0285034|-0.5904846|-0.8041534
1468596795.767|0.0522461|-0.6501617|-0.8206787
1468596795.788|0.0329437|-0.6225433|-0.8276367
1468596795.809|-0.0640259|-0.5328827|-0.8173218
1468596795.83|0.0143127|-0.599762|-0.7762146
1468596795.851|0.0418091|-0.5700531|-0.7792511
1468596795.872|0.0140228|-0.5572815|-0.8083038
1468596795.893|0.0279083|-0.5065765|-0.8124084
1468596795.914|-0.0220337|-0.5361938|-0.8680725
1468596795.935|0.0310974|-0.5141754|-0.8904877
1468596795.956|0.0398254|-0.4974518|-0.908783
1468596795.977|0.0765381|-0.4780121|-0.8709717
1468596795.999|0.0510406|-0.5263367|-0.8548126
1468596796.019|-0.0504608|-0.5811615|-0.8908997
1468596796.041|0.0099335|-0.5276642|-0.8433533
1468596796.061|0.0992432|-0.5345917|-0.7670441
1468596796.083|0.0308533|-0.505127|-0.6816559
1468596796.104|0.0396271|-0.5254669|-0.7874451
1468596796.124|0.0782776|-0.5354309|-0.890976
1468596796.145|0.0937195|-0.5358429|-0.8765259
1468596796.166|0.1014252|-0.5355988|-0.8661041
1468596796.187|0.1083832|-0.5439453|-0.8600006
1468596796.209|0.1034241|-0.5479126|-0.8649902
1468596796.229|0.0898895|-0.4789886|-0.8314514
1468596796.251|0.0683746|-0.4758911|-0.8258209
1468596796.271|0.0812683|-0.5037689|-0.8377991
1468596796.292|0.095459|-0.5200653|-0.864563
1468596796.314|0.1333313|-0.4767761|-1.0325165
1468596796.334|0.1324615|-0.4556427|-0.8803558
1468596796.355|0.1209717|-0.4510498|-0.783432
1468596796.376|0.2055511|-0.466629|-0.9332123
1468596796.398|0.1265106|-0.3950806|-0.8917694
1468596796.419|0.001358|-0.3625641|-0.8304138
1468596796.44|0.0224152|-0.3699951|-0.8306274
1468596796.461|0.0911102|-0.4363861|-0.9391937
1468596796.482|0.1200867|-0.3975372|-1.0412292
1468596796.503|0.1133423|-0.4474487|-0.8484344
1468596796.523|0.208847|-0.487854|-0.8820496
1468596796.544|0.1190796|-0.420105|-0.8574677
1468596796.565|0.0409088|-0.3362579|-0.8752747
1468596796.586|-0.0530243|-0.3059998|-0.9256744
1468596796.607|-0.0953674|-0.3102264|-0.9059601
1468596796.628|-0.0368805|-0.3347626|-0.8766327
1468596796.649|0.0198212|-0.2952423|-0.9509583
1468596796.67|0.0028839|-0.2254944|-1.0214386
1468596796.692|-0.0894775|-0.2115631|-0.9960327
1468596796.713|-0.1057739|-0.2269592|-1.0148621
1468596796.734|-0.0666046|-0.2314911|-1.0039215
1468596796.755|-0.0372162|-0.27388|-0.9289551
1468596796.776|0.0272217|-0.2822113|-1.0425568
1468596796.797|0.1591492|-0.343689|-0.8301086
1468596796.818|0.0963593|-0.3306427|-0.8966217
1468596796.839|0.0635376|-0.3036041|-0.9161377
1468596796.86|0.0513153|-0.2793427|-0.9552612
1468596796.881|0.1088715|-0.2868042|-1.0608368
1468596796.902|-0.0024567|-0.3008423|-1.0786896
1468596796.923|-0.0192871|-0.3400269|-0.9092712
1468596796.944|0.0453949|-0.4197693|-0.7871857
1468596796.965|0.0860443|-0.4336853|-0.7824707
1468596796.986|-0.0079956|-0.429306|-0.9041748
1468596797.007|0.0402679|-0.4598541|-0.9250641
1468596797.028|0.0906525|-0.4382324|-0.9006805
1468596797.049|-0.0204468|-0.2172241|-0.8412781
1468596797.07|-0.0413513|-0.2641144|-0.8915558
1468596797.092|0.0263214|-0.2748108|-0.8358917
1468596797.113|0.174881|-0.2384338|-0.9274597
1468596797.134|0.2565308|-0.1559601|-1.0940704
1468596797.155|0.1787567|-0.1738129|-1.0721588
1468596797.176|0.1255493|-0.1994476|-0.9568787
1468596797.197|0.0930023|0.098587|-0.9154358
1468596797.218|0.0281372|0.1894684|-0.913559
1468596797.24|0.0927734|-0.0046997|-0.9870605
1468596797.26|0.196228|-0.1906891|-1.0462341
1468596797.281|0.1924896|-0.1303711|-1.164505
1468596797.302|0.0565643|7.63e-05|-1.1086426
1468596797.323|0.0364227|0.1686401|-1.0167542
1468596797.344|0.1142273|-0.0442047|-0.9700317
1468596797.365|0.0657501|-0.039444|-1.0382233
1468596797.386|0.1067657|-0.0067596|-1.0723877
1468596797.407|0.1306763|0.1365967|-1.0391998
1468596797.428|0.0528259|0.0693359|-0.9469299
1468596797.449|0.0358124|-0.0094757|-1.0302734
1468596797.47|0.0454254|0.2196655|-1.017334
1468596797.492|0.0265045|0.2520447|-0.9589996
1468596797.513|-0.0456543|0.1980133|-0.8517456
1468596797.534|-0.0239105|0.1579285|-0.7703857
1468596797.555|0.0012207|0.0896912|-1.2762451
1468596797.576|-0.080658|0.1953888|-1.0840302
1468596797.597|-0.0228271|0.0456238|-1.0666962
1468596797.618|-0.0208282|0.0493622|-1.0515289
1468596797.638|-0.0158691|0.01474|-0.9846039
1468596797.66|-0.0149384|0.0115204|-0.9661865
1468596797.681|0.012558|0.0419312|-1.1101227
1468596797.702|-0.0203094|0.0324249|-1.0341492
1468596797.723|-0.0314941|-0.0312042|-0.8598938
1468596797.744|-0.0225372|-0.0234375|-0.9111176
1468596797.764|-0.0212708|0.009079|-1.0279236
1468596797.785|-0.0195312|0.0190887|-1.0661469
1468596797.806|-0.0208282|0.0087891|-1.0180054
1468596797.827|-0.0220184|-0.0097351|-0.961853
1468596797.848|-0.0261536|-0.008667|-0.9642181
1468596797.869|-0.0237427|0.0078888|-1.0177612
1468596797.89|-0.0251465|0.001358|-1.0019836
1468596797.911|-0.0237885|-0.0080414|-0.9582825
1468596797.932|-0.0227661|0.0044403|-1.0054932
1468596797.953|-0.0191193|0.0090027|-1.0203552
1468596797.974|-0.0213776|0.0065765|-1.0045319
1468596797.995|-0.0252075|0.0010681|-0.9934692
1468596798.016|-0.0228119|0.0044098|-0.9988861
1468596798.037|-0.0211029|0.0046082|-1.0005341
1468596798.058|-0.0227966|0.004425|-1.0014801
1468596798.079|-0.024765|0.0042114|-0.9972229
1468596798.1|-0.021347|0.0019531|-0.9927521
1468596798.121|-0.0223846|0.0051117|-0.9955597
1468596798.142|-0.0146332|0.0043335|-1.0203705
1468596798.163|-0.0271454|0.0048523|-0.9724121
1468596798.185|-0.0221252|0.0065613|-1.0005188
1468596798.205|-0.0184479|0.0126038|-1.0224457
1468596798.227|-0.0206146|0.0112|-1.0200958
1468596798.248|-0.0221558|0.0031433|-0.9861145
1468596798.269|-0.0226288|0.000473|-0.9781036
1468596798.29|-0.0253754|0.0033417|-1.0133209
1468596798.311|-0.0247955|0.0034485|-0.9903564
1468596798.332|-0.0215302|-0.0021667|-0.9854431
1468596798.353|-0.0198822|0.0060577|-1.004776
1468596798.374|-0.0245361|0.0059052|-1.0024109
1468596798.395|-0.0208435|0.0041351|-1.0007629
1468596798.416|-0.0233002|0.0017395|-0.9896698
1468596798.437|-0.0191803|0.0075073|-1.00737
1468596798.458|-0.0203705|0.009964|-1.0189514
1468596798.479|-0.021637|0.0058136|-0.9967346
1468596798.5|-0.0213776|-0.0002441|-0.9823608
1468596798.521|-0.0211639|0.0082397|-1.0061646
1468596798.542|-0.0247803|0.0056763|-1.0012207
1468596798.564|-0.0230103|0.0015259|-0.9958191
1468596798.585|-0.0227814|0.0046692|-1.0033569
1468596798.606|-0.0218658|0.0080109|-1.0059509
1468596798.627|-0.0223389|0.0053711|-1.001236
1468596798.647|-0.0211792|0.0043182|-0.9908447
1468596798.668|-0.0204315|0.0052948|-0.9953308
1468596798.689|-0.0198059|0.0130463|-1.0089874
1468596798.71|-0.0214081|0.0075378|-1.0040741
1468596798.731|-0.0231628|0.0087433|-0.9979095
1468596798.752|-0.0216064|0.004364|-0.9972229
1468596798.773|-0.0202026|0.0077362|-1.0016785
1468596798.794|-0.0231476|0.0089874|-1.0012054
1468596798.815|-0.0218506|0.0036316|-0.9939117
1468596798.836|-0.0236359|0.0085144|-0.9983673
1468596798.857|-0.0199432|0.0067749|-1.0016937
1468596798.878|-0.02211|0.0053558|-0.9983978
1468596798.899|-0.022522|0.010376|-0.9929199
1468596798.92|-0.0225983|0.0065918|-1.0024109
1468596798.941|-0.021698|0.0106506|-1.0042572
1468596798.963|-0.0189972|0.0069427|-0.9974365
1468596798.983|-0.0231476|0.0058136|-0.9910736
1468596799.004|-0.0224152|0.0089874|-1.0042725
1468596799.025|-0.0216827|0.0099182|-1.0028687
1468596799.052|-0.0222168|0.0089569|-0.9979095
1468596799.067|-0.0219727|0.0079346|-0.9903259
1468596799.089|-0.0207214|0.0069733|-0.9931793
1468596799.11|-0.0169983|0.0173035|-1.0056305
1468596799.131|-0.016037|0.0191498|-1.0422516
1468596799.152|-0.0183258|0.0205841|-1.0349274
1468596799.173|-0.0226593|-0.0083771|-0.9441376
1468596799.194|-0.0240784|-0.0053711|-0.9597015
1468596799.215|-0.0228424|0.0109711|-1.0158539
1468596799.236|-0.018692|0.0072479|-1.0073547
1468596799.257|-0.0206299|-0.0019989|-0.9757538
1468596799.278|-0.0203247|0.0005035|-0.9951324
1468596799.299|-0.0209045|0.0084991|-1.0085449
1468596799.32|-0.024704|0.0015717|-0.9970093
1468596799.341|-0.0237885|0.0036926|-0.9974518
1468596799.362|-0.0200958|0.0034027|-1.001236
1468596799.383|-0.0218201|0.0031738|-0.9972382
1468596799.403|-0.02211|0.0060883|-1.0009918
1468596799.424|-0.0230713|0.0053711|-0.9983978
1468596799.445|-0.0216675|0.0084839|-1.0012054
1468596799.487|0.0566254|-0.018692|-1.0572357
1468596799.508|0.0055389|-0.0307465|-0.9735107
1468596799.529|-0.0232086|0.0024719|-1.0400238
1468596799.55|-0.0278473|-0.0041504|-0.9467163
1468596799.571|-0.0188293|0.0119629|-1.0368958
1468596799.593|-0.0059967|0.0187683|-1.1547852
1468596799.612|-0.0422974|-0.0121155|-0.8727875
1468596799.633|-0.0237427|-0.0006714|-0.9889832
1468596799.654|-0.0197144|0.0108185|-1.0449371
1468596799.675|-0.0137634|-0.0104065|-0.9582825
1468596799.696|-0.0331421|0.0023804|-0.9776459
1468596799.717|-0.0227814|0.0142212|-1.0364075
1468596799.741|-0.0085144|0.0029449|-1.056076
1468596799.76|-0.0165863|-0.0100555|-0.972229
1468596799.782|-0.0269623|0.0018158|-0.9894409
1468596799.803|-0.0221405|0.0029144|-0.9894257
1468596799.824|-0.0205078|0.0044403|-1.0156555
1468596799.845|-0.0205383|0.0034332|-1.0066833
1468596799.885|-0.0848846|-0.0193024|-0.8386841
1468596799.906|0.0111694|-0.0428314|-0.9395447
1468596799.926|-0.0120087|-0.0261383|-0.9489441
1468596799.947|-0.022644|0.0035553|-1.019928
1468596799.969|-0.067688|0.0125427|-0.9377136
1468596799.99|-0.0269775|-0.0106659|-0.9450989
1468596800.011|-0.0187836|0.0044098|-1.0191956
1468596800.034|-0.0151672|0.0050659|-1.0177765
1468596800.053|-0.0241089|0.0060272|-1.0281677
1468596800.074|-0.0269623|-0.0030823|-0.9698639
1468596800.095|-0.0219879|0.0049591|-1.0158997
1468596800.117|-0.0433044|0.0086212|-0.9338837
1468596800.137|-0.0175934|-0.024292|-0.9541473
1468596800.158|-0.0088501|-0.0127869|-0.9906769
1468596800.179|-0.014328|0.0043793|-1.0291138
1468596800.201|-0.023056|0.0056305|-1.0033417
1468596800.227|-0.0242767|0.0022583|-0.993454
1468596800.244|-0.1017303|0.011322|-0.8288116
1468596800.264|-0.0301666|0.006012|-0.9967499
1468596800.286|-0.0138397|-0.0041809|-1.0034027
1468596800.306|-0.0243225|0.0039215|-0.9896545
1468596800.327|-0.0220795|0.0070953|-1.0111542
1468596800.368|0.0367279|-0.0129242|-1.1125488
1468596800.389|-0.0249176|-0.0091705|-0.9661102
1468596800.41|-0.01651|-0.0007019|-1.0137939
1468596800.431|-0.0217438|-0.0107117|-0.9616241
1468596800.453|-0.0371246|0.0149536|-1.0742493
1468596800.473|-0.0324249|0.0063019|-0.9530334
1468596800.495|-0.0263519|0.0056152|-0.9835052
1468596800.516|-0.0201721|0.0050659|-0.9974518
1468596800.537|-0.0207672|-0.0001831|-0.9998627
1468596800.558|-0.0215912|0.0041351|-0.9967499
1468596800.579|-0.0223083|0.0029602|-1.0003052
1468596800.6|-0.0191345|0.0028992|-0.9984131
1468596800.621|-0.0210266|0.0014954|-1.0007782
1468596800.642|-0.0218506|0.0051117|-0.9993439
1468596800.663|-0.0225067|0.0025177|-1.0012512
1468596800.684|-0.0222931|0.002243|-0.9998474
1468596800.705|-0.0212402|6.1e-05|-1.0005646
1468596800.726|-0.0222321|7.63e-05|-0.9984283
1468596800.747|-0.0201111|0.0046082|-1.002655
1468596800.768|-0.0227966|0.0032043|-0.9967651
1468596800.789|-0.0227966|0.0034485|-0.9979401
1468596800.81|-0.020813|0.001236|-0.9967651
1468596800.831|-0.0205536|0.0017242|-0.9993591
1468596800.852|-0.0220337|0.0017548|-0.9989014
1468596800.874|-0.0227966|0.0036926|-0.999588
1468596800.894|-0.0207672|-0.0006866|-0.9977264
1468596800.915|-0.0195618|0.0002594|-1.0007935
1468596800.936|-0.0203857|0.0048523|-1.0019531
1468596800.957|-0.0215149|0.0010223|-0.9993591
1468596800.979|-0.02034|0.0026703|-0.999115
1468596801|-0.0205688|0.0024567|-1.0000763
1468596801.021|-0.0232544|0.001297|-0.9958191
1468596801.042|-0.0234833|0.0013123|-0.9977112
1468596801.063|-0.0205536|0.0010071|-0.9981689
1468596801.084|-0.0237579|0.0025024|-0.997467
1468596801.105|-0.0206299|0.0045929|-0.996048
1468596801.126|-0.0207977|0.0017395|-1.0014954
1468596801.147|-0.0210114|0.0002899|-1.0007935
1468596801.168|-0.0194244|0.0048218|-0.9983978
1468596801.189|-0.0196381|0.0021667|-0.997467
1468596801.21|-0.019104|0.0014648|-0.9977112
1468596801.231|-0.0198517|0.0029144|-1.0007782
1468596801.252|-0.0230408|0.0032043|-0.9960632
1468596801.273|-0.0205536|0.0014954|-0.9979553
1468596801.295|-0.0234375|0.0003662|-1.0019836
1468596801.315|-0.0217133|-0.0001678|-1.0005646
1468596801.336|-0.0198822|0.0033875|-0.9976959
1468596801.357|-0.0218048|0.0041504|-1.0005341
1468596801.378|-0.022049|0.0032043|-1.0005493
1468596801.4|-0.0196228|0.002655|-0.9993591
1468596801.421|-0.0198364|0.0029297|-1.0026703
1468596801.442|-0.021286|0.0007629|-0.9972534
1468596801.463|-0.018631|0.0009613|-0.9976959
1468596801.484|-0.0210419|0.0007629|-0.9981842
1468596801.505|-0.020752|-0.0001678|-1.0010376
1468596801.526|-0.0208588|0.0026703|-0.9951172
1468596801.547|-0.020813|0.001236|-0.9970093
1468596801.568|-0.0183411|0.0012054|-1.0007629
1468596801.589|-0.0206299|0.0045929|-0.9974518
1468596801.61|-0.0215302|0.0015106|-0.9977112
1468596801.631|-0.0205688|0.0026855|-0.9984131
1468596801.652|-0.0226898|-0.0006409|-0.9996185
1468596801.674|-0.0237427|0.0027466|-0.999115
1468596801.694|-0.021347|0.0039062|-0.9983978
1468596801.715|-0.0195923|0.0012207|-1.0003052
1468596801.736|-0.022995|0.0025177|-1.0014954
1468596801.757|-0.0192566|-0.0011902|-1.0005646
1468596801.778|-0.0168915|0.0016632|-1.004303
1468596801.799|-0.0218048|0.0024567|-0.9967651
1468596801.82|-0.0218353|0.0046234|-0.9998322
1468596801.841|-0.0205383|0.0017242|-1.0007782
1468596801.863|-0.0217285|-0.0004272|-0.9974823
1468596801.884|-0.0218506|0.0046082|-0.9974518
1468596801.905|-0.0220947|0.0046387|-0.9983978
1468596801.926|-0.021759|0.0012665|-1.0000763
1468596801.947|-0.0212708|0.0012817|-1.0010223
1468596801.968|-0.0188599|0.0024109|-1.0007782
1468596801.989|-0.0213165|0.0024719|-0.9984131
1468596802.01|-0.0213318|0.0031891|-0.9986572
1468596802.031|-0.0203247|0.0022125|-1.0010223
1468596802.052|-0.0193329|0.0019379|-1.0005493
1468596802.073|-0.020813|0.0027008|-1.0019684
1468596802.094|-0.021347|0.0036621|-0.998642
1468596802.115|-0.0210876|0.0024567|-0.9977112
1468596802.136|-0.0184784|0.0062408|-0.9986115
1468596802.157|-0.0220337|0.0012665|-0.9967651
1468596802.178|-0.0205841|0.0029297|-0.9998474
1468596802.199|-0.022522|0.0027313|-0.999115
1468596802.22|-0.0186462|0.0031281|-1.0007629
1468596802.241|-0.0193787|0.0036316|-1.0019531
1468596802.263|-0.0214844|0.0015259|-1.0026703
1468596802.284|-0.0198669|0.0021973|-0.9981689
1468596802.305|-0.0164032|0.0004425|-0.9998474
1468596802.326|-0.0201111|0.0031586|-0.9996033
1468596802.347|-0.0205994|0.0041351|-0.998642
1468596802.368|-0.0193329|0.0019379|-1.0007782
1468596802.389|-0.0239868|0.002533|-0.9996033
1468596802.41|-0.0193329|0.0019531|-1.0014954
1468596802.431|-0.0191193|0.002182|-0.9998474
1468596802.452|-0.0196075|0.0019379|-1.0000763
1468596802.473|-0.0232239|0.0018005|-1.0012512
1468596802.494|-0.021286|0.0015106|-0.9998474
1468596802.515|-0.0212555|0.0005646|-1.0015106
1468596802.536|-0.0201416|0.0045929|-1.0002899
1468596802.557|-0.0210724|0.0026855|-0.9986572
1468596802.578|-0.0200653|0.0022125|-1.0033722
1468596802.599|-0.0212555|0.0005646|-1.0024567
1468596802.62|-0.0196533|0.0038605|-1.0002899
1468596802.64|-0.0208435|0.003891|-1.0007629
1468596802.661|-0.0215302|0.0015106|-0.9981689
1468596802.682|-0.0220337|0.0027313|-1.0010223
1468596802.703|-0.0211029|0.0033875|-0.9972229
1468596802.724|-0.0217438|0.0007782|-0.9989166
1468596802.746|-0.0203552|0.002655|-0.997467
1468596802.767|-0.0220642|0.0022278|-0.9967651
1468596802.788|-0.0200653|0.0019531|-1.0005493
1468596802.809|-0.0242462|0.0039825|-1.0024261
1468596802.83|-0.0230865|0.0058594|-0.9995728
1468596802.851|-0.0183716|0.0016785|-0.9988861
1468596802.872|-0.0227356|0.001297|-0.9989014
1468596802.893|-0.0184021|0.0031281|-1.000061
1468596802.914|-0.0217896|0.0012512|-0.995575
1468596802.935|-0.0217743|0.0014954|-0.9960632
1468596802.956|-0.0193176|0.0014801|-1.0017242
1468596802.977|-0.0222931|0.0034485|-1.0024261
1468596802.998|-0.0222321|0.0005798|-1.0010376
1468596803.019|-0.0211182|0.0053253|-1.0007629
1468596803.04|-0.0210571|0.0019684|-0.9998474
1468596803.061|-0.0196075|0.0024414|-1.0019684
1468596803.082|-0.0208588|0.003891|-0.9988861
1468596803.103|-0.0210114|0.0007782|-1.0012665
1468596803.124|-0.0229645|0.0005798|-0.9996185
1468596803.145|-0.0208282|0.001709|-0.9960632
1468596803.166|-0.0193329|0.0009766|-0.9998474
1468596803.188|-0.0224915|0.0020142|-1.0007782
1468596803.209|-0.0233002|0.004425|-0.9993439
1468596803.23|-0.0191345|0.0028992|-0.9986572
1468596803.251|-0.0188599|0.0019226|-0.9984131
1468596803.272|-0.0199127|0.004837|-0.9988861
1468596803.293|-0.0215302|0.002243|-1.0024414
1468596803.314|-0.0227966|0.004425|-1.0014801
1468596803.334|-0.0215149|0.0017548|-1.0021973
1468596803.355|-0.0208435|0.0031738|-1.0000763
1468596803.377|-0.0198212|0.001236|-0.9986572
1468596803.397|-0.0227509|0.0022736|-1.0012512
1468596803.419|-0.0208435|0.0031738|-0.9996033
1468596803.44|-0.0196075|0.0021973|-1.0014954
1468596803.461|-0.0225372|0.0027313|-0.9979553
1468596803.482|-0.0227966|0.0036926|-0.999588
1468596803.503|-0.0220337|0.0012665|-0.9972382
1468596803.524|-0.0205688|0.0031738|-1.0007782
1468596803.545|-0.021347|0.0039062|-1.000061
1468596803.566|-0.0210724|0.0017242|-0.9979553
1468596803.587|-0.0213013|0.0017395|-0.9989014
1468596803.609|-0.0211029|0.0041351|-1.0002899
1468596803.63|-0.0217285|0.0007935|-1.0015106
1468596803.651|-0.0193481|0.0019379|-0.9986572
1468596803.672|-0.022522|0.0022583|-0.9998474
1468596803.693|-0.0216217|0.0055847|-0.9988708
1468596803.714|-0.0176239|0.0014343|-1.0010071
1468596803.734|-0.0177002|0.0040588|-0.9993286
1468596803.755|-0.0217743|0.0017395|-0.999115
1468596803.776|-0.02034|0.0024414|-0.9989014
1468596803.797|-0.0208588|0.0041351|-0.9983978
1468596803.818|-0.0208588|0.0031738|-0.9981689
1468596803.839|-0.0225067|0.003479|-1.0040894
1468596803.86|-0.0200958|0.0021973|-0.9998474
1468596803.881|-0.0188446|0.000473|-0.9967804
1468596803.902|-0.0193634|0.0028992|-1.0007782
1468596803.924|-0.0217896|0.0032043|-1.0019684
1468596803.945|-0.0217896|0.0017242|-0.9962921
1468596803.966|-0.0215149|0.0024872|-1.0029144
1468596803.986|-0.02034|0.0026703|-0.9996033
1468596804.008|-0.0206604|0.0062866|-1.0000458
1468596804.029|-0.0215454|0.0029602|-1.0019684
1468596804.05|-0.0215302|0.0012512|-0.997467
1468596804.071|-0.0232544|0.0022736|-0.9984131
1468596804.092|-0.0217896|0.0029602|-1.0014954
1468596804.113|-0.022522|0.0025024|-0.9998474
1468596804.134|-0.0220337|0.0027313|-1.0014954
1468596804.155|-0.0233002|0.004425|-0.9988861
1468596804.176|-0.0211334|0.0036316|-0.9958038
1468596804.197|-0.02005|0.0014801|-1.0007782
1468596804.218|-0.024704|0.0030518|-1.0045624
1468596804.24|-0.0214996|0.0012817|-1.0012512
1468596804.26|-0.0234528|0.0013275|-1.0024414
1468596804.282|-0.0215454|0.0029602|-1.0014954
1468596804.303|-0.0188751|0.0024109|-0.9993591
1468596804.324|-0.0205536|0.0019684|-0.9993591
1468596804.345|-0.0203247|0.0014648|-0.9962921
1468596804.366|-0.0213013|0.0027161|-1.0021973
1468596804.387|-0.0217743|0.0024719|-1.0005493
1468596804.408|-0.0224915|0.00177|-1.0005493
1468596804.429|-0.0208282|0.0034027|-1.0007629
1468596804.45|-0.0207825|0.0005341|-0.9993744
1468596804.471|-0.0234375|0.0006104|-1.0015106
1468596804.492|-0.0220795|0.0043945|-1.0005341
1468596804.513|-0.0203552|0.0036469|-1.0010071
1468596804.534|-0.0210724|0.0029297|-1.0007782
1468596804.555|-0.0181427|0.0026245|-0.9990997
1468596804.576|-0.0212402|-0.0001526|-1.0012665
1468596804.597|-0.0210876|0.0021973|-0.9970093
1468596804.618|-0.0191498|0.0043335|-1.0005341
1468596804.639|-0.0230255|0.003952|-1.0024261
1468596804.66|-0.0237579|0.0044556|-1.004303
1468596804.681|-0.0204926|-0.0009308|-1.0000916
1468596804.702|-0.0201569|0.004837|-1.000061
1468596804.723|-0.0198669|0.002655|-0.996521
1468596804.744|-0.0205841|0.0024567|-0.9979553
1468596804.766|-0.0164642|0.0030823|-0.9990997
1468596804.787|-0.0206146|0.003891|-0.9979401
1468596804.807|-0.0201111|0.0031586|-0.9996033
1468596804.829|-0.0201416|0.0045929|-0.9990997
1468596804.85|-0.021286|0.0007629|-0.9960785
1468596804.871|-0.02034|0.0024414|-0.9986572
1468596804.892|-0.0240021|0.003006|-0.9984131
1468596804.913|-0.0206451|0.0050964|-0.9976959
1468596804.934|-0.0190735|0.0014648|-1.0007782
1468596804.955|-0.0225372|0.0029755|-0.9986572
1468596804.976|-0.022522|0.0025024|-0.9986572
1468596804.997|-0.0210724|0.001709|-0.997467
1468596805.018|-0.0198517|0.0034027|-1.0010071
1468596805.039|-0.0206146|0.004364|-1.0002899
1468596805.06|-0.0198517|0.0034027|-1.0010071
1468596805.081|-0.0196228|0.0024261|-0.999115
1468596805.102|-0.0205231|0.0019836|-1.0029144
1468596805.123|-0.0208435|0.0031738|-0.9993591
1468596805.144|-0.0201111|0.0033875|-1.0002899
1468596805.165|-0.0196381|0.0041199|-1.0019531
1468596805.187|-0.0208282|0.0031891|-1.0021973
1468596805.207|-0.0225525|0.0036926|-0.9993439
1468596805.229|-0.0210724|0.003418|-1.002182
1468596805.25|-0.0198822|0.0050964|-1.002655
1468596805.27|-0.0195923|0.001709|-1.0012512
1468596805.292|-0.0193787|0.0036316|-1.001709
1468596805.313|-0.0187988|0.0002594|-1.0026855
1468596805.334|-0.0222626|0.0020142|-1.0017242
1468596805.355|-0.0239258|0.0003815|-1.0010376
1468596805.376|-0.02034|0.0034027|-1.0014801
1468596805.397|-0.0200653|0.001236|-0.9989014
1468596805.418|-0.0193787|0.0028992|-1.0003052
1468596805.438|-0.023941|0.0013275|-1.0005493
1468596805.459|-0.020874|0.0046082|-1.0002899
1468596805.48|-0.016922|0.0018768|-0.9988861
1468596805.501|-0.0208282|0.0024567|-0.9993591
1468596805.521|-0.019165|0.0038605|-0.9979401
1468596805.542|-0.022522|0.0025024|-1.0003052
1468596805.563|-0.0213623|0.005127|-1.002182
1468596805.584|-0.0175629|-0.0012207|-1.0017242
1468596805.605|-0.0201263|0.0033875|-0.9981537
1468596805.626|-0.0218201|0.0031891|-0.9977112
1468596805.647|-0.02034|0.0031586|-1.0007782
1468596805.668|-0.0210876|0.0039062|-1.0019531
1468596805.689|-0.019577|0.001236|-1.0019684
1468596805.711|-0.0167236|0.0040436|-1.0002747
1468596805.731|-0.018631|0.0033722|-1.0033417
1468596805.752|-0.019043|1.53e-05|-1.0007935
1468596805.773|-0.0176697|0.0033417|-1.0024109
1468596805.795|-0.0205536|0.0027008|-1.0019684
1468596805.816|-0.0179291|0.0028687|-0.9979401
1468596805.837|-0.0196228|0.0036316|-1.0036011
1468596805.858|-0.0198059|0.001236|-1.0005493
1468596805.879|-0.0197906|0.0007629|-1.0022125
1468596805.9|-0.0210114|0.0003052|-1.0019836
1468596805.921|-0.019104|0.0024414|-1.0021973
1468596805.942|-0.0215454|0.0031891|-1.0007782
1468596805.963|-0.0218048|0.0029449|-1.0000763
1468596805.984|-0.0215607|0.0029449|-1.0000763
1468596806.005|-0.0188141|0.0012207|-1.0026703
1468596806.026|-0.0188141|-0.0002289|-0.9993744
1468596806.047|-0.0194092|0.0050812|-1.0014801
1468596806.068|-0.02034|0.0041351|-1.0028992
1468596806.089|-0.0210266|0.0012665|-1.0014954
1468596806.11|-0.0212402|7.63e-05|-1.0019836
1468596806.131|-0.0227814|0.0032196|-0.9998474
1468596806.152|-0.0223083|0.0024719|-0.9970093
1468596806.173|-0.0200958|0.0024414|-1.0003052
1468596806.194|-0.0179138|0.0023956|-0.9981537
1468596806.215|-0.0220642|0.0032043|-0.999115
1468596806.237|-0.0210419|0.0014954|-0.9998474
1468596806.258|-0.0240479|0.0037079|-0.9948578
1468596806.279|-0.0203552|0.0041351|-1.001236
1468596806.3|-0.0230255|0.0029755|-0.9989014
1468596806.321|-0.0205994|0.0046082|-1.0007629
1468596806.342|-0.0188904|0.0038605|-1.0010071
1468596806.363|-0.0227814|0.0032196|-1.0003052
1468596806.384|-0.0196075|0.0019379|-1.0003052
1468596806.405|-0.021347|0.0041504|-0.9988861
1468596806.426|-0.0213013|0.0027161|-1.0019684
1468596806.447|-0.0191193|0.0033875|-1.0010071
1468596806.468|-0.0208282|0.003418|-1.001709
1468596806.489|-0.0183868|0.0036163|-1.0028839
1468596806.51|-0.0198822|0.0053253|-1.0031281
1468596806.531|-0.020874|0.0048676|-1.002182
1468596806.553|-0.0217743|0.0024872|-1.0014954
1468596806.573|-0.0195923|0.0019531|-1.0010223
1468596806.594|-0.0203705|0.0038757|-1.000061
1468596806.615|-0.0198822|0.0031433|-0.9970093
1468596806.636|-0.0227966|0.004425|-1.0014801
1468596806.658|-0.0213165|0.0031891|-1.0005493
1468596806.679|-0.0222931|0.0034485|-1.0010071
1468596806.7|-0.0237885|0.004425|-0.9998322
1468596806.721|-0.0196075|0.0024414|-1.0017242
1468596806.742|-0.0215454|0.0024719|-0.999115
1468596806.763|-0.0212708|0.0007782|-0.9984283
1468596806.784|-0.0211029|0.0029144|-0.9972382
1468596806.805|-0.0215607|0.0031891|-1.0003052
1468596806.826|-0.0212402|7.63e-05|-1.0015106
1468596806.847|-0.0230103|0.0032349|-1.0019684
1468596806.868|-0.0202789|0.0007477|-1.0005646
1468596806.889|-0.0218048|0.003418|-1.0002899
1468596806.91|-0.0220337|0.0025024|-1.0014954
1468596806.931|-0.023056|0.0039368|-0.9979401
1468596806.952|-0.0190887|0.0019531|-1.0017242
1468596806.973|-0.0215759|0.0039062|-1.0002899
1468596806.994|-0.0210724|0.0031891|-1.0012512
1468596807.015|-0.0196228|0.0024261|-0.9998474
1468596807.036|-0.0225677|0.0056305|-1.00383
1468596807.057|-0.0237274|0.0027618|-1.0012512
1468596807.078|-0.0196533|0.0038605|-0.999588
1468596807.099|-0.0230103|0.0027313|-1.0003052
1468596807.12|-0.0168762|0.0006866|-1.0012512
1468596807.141|0.0235596|-0.0027466|-1.2118073
1468596807.184|-0.0269775|0.0071716|-1.0045471
1468596807.205|-0.0271149|-0.0027008|-0.9507141
1468596807.226|-0.022644|0.0136414|-1.0186768
1468596807.246|-0.023468|-0.0003967|-0.9929962
1468596807.267|-0.0204163|-6.1e-05|-0.9804688
1468596807.288|-0.0186005|0.0053558|-1.0151672
1468596807.311|0.0790863|0.0193024|-1.3997192
1468596807.33|0.0078735|-0.0259552|-0.9777222
1468596807.351|-0.0050964|0.0031281|-1.0588989
1468596807.372|-0.0357666|-0.0082397|-0.9148407
1468596807.394|-0.0177765|0.0068817|-1.0321655
1468596807.415|-0.0185852|0.0073242|-1.0239105
1468596807.436|-0.0220947|-0.001709|-0.9802399
1468596807.457|-0.0242462|0.0140228|-1.1373444
1468596807.477|-0.0153809|-0.0142365|-0.9578552
1468596807.499|-0.0162048|0.0010681|-1.0305481
1468596807.519|-0.0236359|-0.016983|-0.9488983
1468596807.54|-0.0215607|0.0089722|-1.0513153
1468596807.561|-0.0210266|0.0107727|-1.0330963
1468596807.582|-0.0178986|-0.0074005|-0.9670258
1468596807.604|-0.0198212|-0.0007324|-0.9918213
1468596807.624|-0.0273132|0.014267|-0.9796906
1468596807.645|0.0323181|-0.0264893|-1.0287323
1468596807.666|0.0097351|-0.0160828|-1.0348663
1468596807.688|-0.013031|0.0046539|-1.0428314
1468596807.708|-0.022049|-0.0038757|-0.9781342
1468596807.729|-0.0253754|-0.0074158|-0.9783936
1468596807.751|-0.0196075|0.0099945|-1.0262604
1468596807.771|-0.0193787|0.0026398|-0.997467
1468596807.792|-0.0193481|-0.0034485|-0.9811859
1468596807.813|-0.0190735|0.0053711|-1.0147095
1468596807.839|-0.0198212|0.0014801|-0.9986572
1468596807.877|0.0010376|-0.0146484|-1.0441132
1468596807.897|-0.0198364|0.0065918|-1.0154114
1468596807.918|-0.0191345|-0.0041809|-0.9760132
1468596807.939|-0.0168762|0.0053253|-1.0172882
1468596807.96|-0.0177002|0.0067596|-1.0104218
1468596807.981|-0.0196228|-0.0027161|-0.9823761
1468596808.001|-0.0231934|0.0015717|-1.0036163
1468596808.023|-0.0198059|0.0027008|-1.0057526
1468596808.043|-0.0190735|0.0005035|-0.9989166
1468596808.064|-0.0220184|0.0029907|-1.0055084
1468596808.085|-0.0210571|0.0012512|-0.9981689
1468596808.106|-0.0198517|0.0021973|-1.0003052
1468596808.127|-0.0198364|0.0024567|-1.0019684
1468596808.148|-0.0215759|0.0029297|-0.9960632
1468596808.169|-0.0230255|0.0032196|-0.9984131
1468596808.19|-0.0200958|0.0021973|-0.9998474
1468596808.211|-0.0217285|0.0012817|-1.0029144
1468596808.233|-0.0196381|0.002655|-0.9981689
1468596808.254|-0.0223083|0.0034332|-1.000061
1468596808.275|-0.021759|0.0015106|-0.9993591
1468596808.317|0.0272675|-0.0065155|-1.1035614
1468596808.338|-0.0170441|0.0259857|-1.0623016
1468596808.359|-0.0138245|0.0325623|-1.0906372
1468596808.38|-0.032486|0.0042419|-0.9688873
1468596808.401|-0.023468|-0.0237885|-0.8822784
1468596808.421|-0.0177002|0.0106354|-1.0219879
1468596808.442|-0.0173645|0.0160828|-1.0531464
1468596808.463|-0.0220947|-0.0014801|-0.9788361
1468596808.484|-0.0220642|0.0024872|-0.9981689
1468596808.505|-0.0198975|0.0102081|-1.0193939
1468596808.526|-0.0210571|-0.0007324|-0.9908752
1468596808.548|-0.0215607|0.0019684|-0.994873
1468596808.59|-0.0407562|0.0171509|-1.0144501
1468596808.611|-0.0142365|0.018692|-1.0578766
1468596808.634|-0.0217438|-0.0258026|-0.8778076
1468596808.652|-0.0225525|0.0007629|-0.989212
1468596808.674|-0.0193634|0.021225|-1.0595245
1468596808.695|-0.0189362|0.0028534|-0.9925079
1468596808.716|-0.0240326|-0.0060577|-0.9653778
1468596808.737|-0.0205688|0.0090332|-1.0210724
1468596808.758|-0.0225525|0.002243|-0.9946442
1468596808.779|-0.0208435|-0.0007477|-0.9851837
1468596808.8|-0.0193939|0.0075226|-1.0113831
1468596808.821|-0.0213318|0.0022278|-0.9977112
1468596808.863|-0.0533142|-0.0090179|-0.8704376
1468596808.884|-0.0184937|0.0020142|-1.0182495
1468596808.905|-0.0254517|0.0115814|-1.0288696
1468596808.926|-0.0211792|0.0050659|-0.9920197
1468596808.947|-0.0247803|-0.0041046|-0.9691467
1468596808.969|-0.0213318|0.0075836|-1.0154114
1468596808.989|-0.0189056|0.0045624|-1.0005341
1468596809.032|0.0044098|-0.0364532|-0.9319611
1468596809.052|-0.0267334|0.0049896|-1.0000763
1468596809.074|-0.0298157|0.0234833|-1.0346985
1468596809.095|-0.0230408|0.0041809|-0.998642
1468596809.116|-0.0233002|-0.0063171|-0.9644318
1468596809.137|-0.0203552|0.0068207|-1.0125732
1468596809.158|-0.0227509|0.0015259|-0.9970093
1468596809.179|-0.0233307|0.0377655|-1.1738434
1468596809.202|-0.0344391|-0.0306244|-0.8220825
1468596809.221|-0.0418396|-0.0010071|-0.9358368
1468596809.242|-0.0193329|0.0227203|-1.0718079
1468596809.263|-0.0215759|0.0085449|-1.0139771
1468596809.284|-0.0206909|-0.0015564|-0.9684296
1468596809.305|-0.02005|0.0105286|-1.0326385
1468596809.348|-0.0157013|-0.0374603|-0.8352966
1468596809.37|-0.0263977|-0.0103912|-0.9569244
1468596809.39|-0.0086975|0.0323792|-1.1258545
1468596809.411|-0.0168915|0.0109253|-1.0333252
1468596809.432|-0.022644|-0.010788|-0.9387054
1468596809.452|-0.0232239|0.011322|-1.0323944
1468596809.473|-0.0183563|0.0077972|-1.021286
1468596809.495|-0.0197296|-0.0010834|-0.9731293
1468596809.515|-0.0187531|0.0028229|-0.9863434
1468596809.536|-0.0188141|0.0048828|-1.0158997
1468596809.557|-0.0201111|0.0002441|-0.9915771
1468596809.579|-0.022049|0.0007629|-0.9929962
1468596809.6|-0.021759|0.0037079|-1.0073853
1468596809.62|-0.0208435|0.0024414|-0.9972382
1468596809.64|-0.0203247|0.0007324|-0.9953613
1468596809.662|-0.0196228|0.004364|-1.0054932
1468596809.683|-0.0201721|0.0055542|-0.9986267
1468596809.703|-0.021347|0.0036621|-1.000061
1468596809.724|-0.0186462|0.0036163|-1.0033417
1468596809.745|-0.0201111|0.0021973|-0.9979553
1468596809.766|-0.0218048|0.0031891|-0.999115
1468596809.787|-0.0201111|0.0026703|-0.9979553
1468596809.809|-0.0167084|0.0028381|-1.000061
1468596809.83|-0.0200958|0.0029297|-1.0012512
1468596809.851|-0.0210724|0.0031891|-1.0024414
1468596809.872|-0.0213013|0.0017395|-0.9996033
1468596809.893|-0.0191956|0.0062714|-1.0024109
1468596809.914|-0.02211|0.0048828|-0.9990997
1468596810.082|-0.0206299|0.0048523|-0.9993439
1468596810.125|-0.0179749|0.0057526|-0.9993134
1468596810.145|-0.0216217|0.0048676|-0.9979401
1468596810.167|-0.0193787|0.0036316|-1.0014801
1468596810.187|-0.0176392|0.0009308|-0.9993439
1468596810.209|-0.0220642|0.0036774|-1.0005341
1468596810.23|-0.0209045|0.0055695|-1.0000458
1468596810.25|-0.0191345|0.0024261|-0.9979553
1468596810.271|-0.0193481|0.0014496|-0.9960632
1468596810.292|-0.0167084|0.0030823|-0.9988861
1468596810.313|-0.0194092|0.0038452|-0.9965057
1468596810.334|-0.0164642|0.0033112|-1.0002747
1468596810.355|-0.0176849|0.0030975|-1.000061
1468596810.376|-0.0201111|0.0033875|-0.999588
1468596810.397|-0.0181732|0.004303|-1.0007477
1468596810.419|-0.0202637|-0.0016785|-0.9972687
1468596810.44|-0.0193787|0.0028992|-0.9989014
1468596810.461|-0.0192871|-0.0007172|-1.0000916
1468596810.482|-0.0205536|0.0017242|-0.9998474
1468596810.503|-0.0215607|0.003418|-1.0002899
1468596810.524|-0.0200806|0.0012207|-0.9972382
1468596810.545|-0.0218353|0.0039062|-0.9979401
1468596810.566|-0.0215149|0.0012665|-0.9986572
1468596810.587|-0.0227051|0.000351|-1.0017395
1468596810.608|-0.0220947|0.0031891|-0.9958191
1468596810.629|-0.0188599|0.0019226|-0.999115
1468596810.65|-0.0174255|0.0031128|-1.0010071
1468596810.671|-0.0240173|0.0042114|-0.999588
1468596810.692|-0.0224762|0.0010681|-1.0010223
1468596810.713|-0.0205688|0.0029297|-1.0005493
1468596810.734|-0.0184174|0.0043335|-1.0012207
1468596810.755|-0.019165|0.0048218|-1.0005341
1468596810.776|-0.022995|0.00177|-0.9998474
1468596810.797|-0.0200195|-0.0001984|-1.0005646
1468596810.818|-0.0201111|0.0033875|-0.999588
1468596810.84|-0.021637|0.006546|-0.9998169
1468596810.861|-0.019928|0.0043335|-0.9955597
1468596810.882|-0.0213318|0.0041504|-1.0005341
1468596810.903|-0.021759|0.0012665|-0.9998474
1468596810.924|-0.0205536|0.0014801|-0.9972382
1468596810.945|-0.0225677|0.0046539|-1.000061
1468596810.966|-0.0189209|0.0040741|-0.9974518
1468596810.987|-0.023056|0.0039368|-0.9981537
1468596811.008|-0.0186615|0.0031281|-0.9988861
1468596811.029|-0.0235596|0.0049133|-0.998642
1468596811.05|-0.0203857|0.004837|-1.0005341
1468596811.071|-0.0196533|0.0058136|-1.004776
1468596811.092|-0.0198669|0.0036469|-1.0010071
1468596811.113|-0.0202789|0.0005341|-1.0024567
1468596811.134|-0.0181427|0.0021515|-0.9993439
1468596811.155|-0.0210876|0.003891|-1.0007629
1468596811.176|-0.0213013|0.0019836|-0.999115
1468596811.197|-0.0191345|0.002655|-0.9979553
1468596811.218|-0.0198669|0.0024261|-0.9972382
1468596811.24|-0.0249786|0.0030212|-0.9984131
1468596811.26|-0.0211334|0.0043488|-0.9967499
1468596811.282|-0.0205688|0.0029297|-1.0007782
1468596811.302|-0.0193939|0.0041046|-1.000061
1468596811.324|-0.0188446|0.0007172|-0.9981842
1468596811.345|-0.0193939|0.0033569|-0.9967499
1468596811.366|-0.0215149|0.0017395|-1.0007782
1468596811.387|-0.0206757|0.0062866|-0.9979248
1468596811.408|-0.0217896|0.0027008|-0.9996033
1468596811.429|-0.0198669|0.0033875|-0.9988861
1468596811.45|-0.0225525|0.0039368|-1.000061
1468596811.471|-0.0220947|0.0046387|-0.9983978
1468596811.492|-0.0184021|0.0033569|-0.9986267
1468596811.513|-0.0215302|0.0019836|-0.9993591
1468596811.534|-0.0200958|0.0024414|-0.9986572
1468596811.555|-0.0203857|0.0043488|-1.000061
1468596811.576|-0.0194244|0.0048218|-0.9990997
1468596811.597|-0.02034|0.003891|-1.0038452
1468596811.618|-0.0203552|0.0033875|-1.000061
1468596811.639|-0.0188751|0.0021667|-1.0003052
1468596811.66|-0.0174408|0.0040588|-1.0007477
1468596811.682|-0.0196381|0.0043488|-1.002655
1468596811.702|-0.0213013|0.002243|-1.0012512
1468596811.723|-0.0189514|0.0065002|-1.0021667
1468596811.745|-0.022522|0.0037079|-1.0028992
1468596811.765|-0.0181732|0.0031128|-0.9981537
1468596811.787|-0.0201569|0.0053101|-1.000061
1468596811.808|-0.0251617|0.0010986|-0.9993744
1468596811.829|-0.0166931|0.002121|-0.9983978
1468596811.85|-0.0206146|0.0046082|-0.999588
1468596811.871|-0.0196533|0.0038605|-0.9988861
1468596811.892|-0.0196075|0.0024414|-1.0019684
1468596811.913|-0.0214844|0.0005646|-1.0024567
1468596811.934|-0.0201111|0.0036469|-1.001709
1468596811.955|-0.0232849|0.0041962|-1.0002899
1468596811.976|-0.0215149|0.0015106|-0.9986572
1468596811.997|-0.0213318|0.0043945|-1.002655
1468596812.018|-0.0201263|0.0045929|-1.0007629
1468596812.039|-0.0191498|0.0031433|-0.9981689
1468596812.06|-0.0212555|0.0003052|-1.0007935
1468596812.081|-0.0208588|0.0029144|-0.9962921
1468596812.102|-0.0222931|0.0019989|-0.9979553
1468596812.124|-0.0206146|0.0053253|-1.0007629
1468596812.144|-0.020813|0.0024567|-1.0007782
1468596812.165|-0.0176849|0.0038147|-1.0007477
1468596812.186|-0.0205383|0.0019836|-1.0019684
1468596812.207|-0.0200958|0.0021973|-0.9996033
1468596812.229|-0.0198517|0.0041351|-1.0033569
1468596812.25|-0.021347|0.0039062|-1.000061
1468596812.271|-0.0218048|0.0024567|-0.997467
1468596812.292|-0.0213013|0.0024872|-1.0019684
1468596812.313|-0.0198822|0.0041199|-0.9993439
1468596812.334|-0.0215454|0.0027008|-0.9989014
1468596812.355|-0.0213318|0.0026855|-0.996521
1468596812.376|-0.0211182|0.0058289|-1.0026398
1468596812.397|-0.0229797|0.0010529|-0.999115
1468596812.418|-0.0217896|0.0039368|-1.0040894
1468596812.439|-0.0188751|0.0028992|-1.0024414
1468596812.46|-0.0198212|0.0024567|-1.0026703
1468596812.481|-0.0196838|0.0050659|-0.999588
1468596812.502|-0.0242157|0.002533|-1.0007782
1468596812.523|-0.0184174|0.0028839|-0.9976959
1468596812.544|-0.0205994|0.0046234|-1.001709
1468596812.565|-0.0237427|0.0032501|-1.0021973
1468596812.586|-0.0215759|0.0039062|-0.9998322
1468596812.607|-0.0210571|0.0022278|-1.0014954
1468596812.628|-0.0182953|-0.0009613|-1.0017242
1468596812.649|-0.0193634|0.0046082|-1.0047913
1468596812.67|-0.0213776|0.0048676|-0.9998322
1468596812.691|-0.0227661|0.0025024|-0.9993591
1468596812.712|-0.0215759|0.0039062|-0.999588
1468596812.733|-0.0208282|0.0022125|-0.9993591
1468596812.754|-0.0195923|0.0016937|-1.0005493
1468596812.775|-0.0184174|0.0050659|-1.0031128
1468596812.796|-0.0210419|0.0019684|-1.0007782
1468596812.817|-0.0189209|0.0035858|-0.9972229
1468596812.838|-0.0215454|0.0029602|-1.0014954
1468596812.859|-0.0222778|0.002243|-1.0005493
1468596812.88|-0.0200348|0.0005188|-1.0005646
1468596812.901|-0.0194244|0.0050659|-0.999588
1468596812.923|-0.0346832|-0.0205841|-0.8534546
1468596812.944|-0.0378723|0.0117493|-0.9570312
1468596812.964|-0.00914|0.0403137|-1.1253052