1468596773.804
1468596773.886
1468596773.987
1468596774.121
1468596774.303
1468596774.521
1468596774.953
1468596775.187
1468596775.303
1468596775.504
1468596778.169
1468596778.287
1468596778.786
1468596778.97
1468596779.141
1468596779.303
1468596787.252
1468596787.586
1468596788.07
1468596792.619
1468596792.969
1468596793.37
1468596799.471
1468596799.737
1468596799.869
1468596800.221
1468596807.169
1468596807.302
1468596807.453
1468596807.836
1468596808.303
1468596808.571
1468596808.837
1468596809.003
1468596809.319