1468938506.338|-0.0161743|0.0099945|-0.9938507
1468938506.359|-0.0133057|0.01651|-1.0094147
1468938506.38|-0.015213|0.0092621|-0.992691
1468938506.401|-0.0149536|0.0141296|-1.0089722
1468938506.422|-0.016449|0.0129242|-0.9997559
1468938506.443|-0.0156708|0.0112305|-1.0014191
1468938506.464|-0.0151978|0.0121918|-1.0032806
1468938506.485|-0.0113373|0.0120697|-0.9973602
1468938506.506|-0.0152283|0.0131531|-1.0009308
1468938506.527|-0.0166168|0.0102997|-1.0011749
1468938506.548|-0.0122375|0.0111694|-1.0054169
1468938506.569|-0.0152283|0.0124207|-0.9992676
1468938506.59|-0.0149689|0.0141144|-1.0049591
1468938506.611|-0.0137634|0.012619|-0.9992676
1468938506.632|-0.0173492|0.0115356|-1.0042419
1468938506.654|-0.0137787|0.0126038|-0.9971466
1468938506.675|-0.0159912|0.0146027|-1.0006714
1468938506.696|-0.0149994|0.0138702|-1.0016327
1468938506.717|-0.0171204|0.0107727|-1.0023651
1468938506.738|-0.0154114|0.0112305|-1.0028381
1468938506.759|-0.0161133|0.0097809|-1.0007172
1468938506.78|-0.0137482|0.012619|-1.0006866
1468938506.801|-0.0144806|0.0109253|-0.9966888
1468938506.822|-0.0137329|0.012146|-1.0009308
1468938506.843|-0.0154266|0.0121918|-1.0037689
1468938506.863|-0.0171204|0.0105133|-0.9990387
1468938506.884|-0.0144043|0.0087738|-1.0004883
1468938506.905|-0.0144043|0.0090332|-1.0009613
1468938506.927|-0.0173492|0.0105286|-0.999527
1468938506.948|-0.0153961|0.0110016|-1.0040283
1468938506.969|-0.0118103|0.0113831|-1.0002136
1468938506.99|-0.0146942|0.0124207|-1.0030518
1468938507.011|-0.0146484|0.0095215|-1.0014343
1468938507.032|-0.0159149|0.0109863|-1.0
1468938507.053|-0.0157776|0.0155487|-0.9983063
1468938507.074|-0.0181274|0.0115204|-0.9980927
1468938507.095|-0.0136261|0.0157318|-0.9980621
1468938507.116|-0.0149384|0.0124207|-1.0028229
1468938507.137|-0.0161438|0.0114899|-1.00354
1468938507.158|-0.0157776|0.0153046|-1.0001984
1468938507.179|-0.0154572|0.0131531|-1.0021057
1468938507.2|-0.0163574|0.0097961|-1.0009613
1468938507.221|-0.0156555|0.0109863|-1.0016479
1468938507.242|-0.0145264|0.0140839|-1.0009308
1468938507.263|-0.0151978|0.0114746|-1.0014191
1468938507.284|-0.0156403|0.010498|-1.0014191
1468938507.305|-0.0164185|0.0112305|-0.999527
1468938507.326|-0.0130005|0.0116577|-1.0023651
1468938507.347|-0.013916|0.0104675|-1.0037842
1468938507.368|-0.0142975|0.014801|-1.0011444
1468938507.39|-0.0167236|0.0139008|-1.0002136
1468938507.411|-0.0161896|0.0124359|-0.9997559
1468938507.432|-0.0159454|0.0126953|-1.0011597
1468938507.453|-0.0132141|0.0104523|-1.0014191
1468938507.474|-0.0126648|0.0085297|-1.0011902
1468938507.495|-0.0114746|0.0094452|-1.0028381
1468938507.516|-0.0153656|0.0097809|-1.0026093
1468938507.537|-0.0156555|0.0112457|-1.0044861
1468938507.558|-0.0139771|0.0126495|-1.0030518
1468938507.579|-0.0173645|0.0112762|-1.0016479
1468938507.6|-0.0139618|0.0114441|-1.0011749
1468938507.621|-0.0157013|0.0119476|-0.9992828
1468938507.642|-0.0147247|0.0131226|-1.0006866
1468938507.663|-0.016098|0.009552|-1.0026093
1468938507.684|-0.0158997|0.010025|-0.9985809
1468938507.705|-0.0166473|0.0102844|-0.9976349
1468938507.726|-0.0164642|0.0136414|-0.9999847
1468938507.747|-0.0136566|0.0092621|-1.0033112
1468938507.768|-0.0148926|0.0102539|-1.003067
1468938507.789|-0.0151672|0.0092926|-0.9995422
1468938507.811|-0.0145111|0.0133667|-1.0011597
1468938507.832|-0.0146332|0.0085602|-0.9992981
1468938507.853|-0.0137482|0.0128784|-1.0014038
1468938507.874|-0.0151825|0.0109863|-1.0014191
1468938507.895|-0.013504|0.012146|-1.0018768
1468938507.916|-0.0159302|0.0114746|-1.0002289
1468938507.937|-0.0152283|0.0124207|-1.0002136
1468938507.958|-0.0139313|0.0099792|-1.000473
1468938507.979|-0.0153961|0.0107422|-1.002594
1468938508|-0.0149689|0.0128937|-1.0004578
1468938508.02|-0.0185394|0.0093842|-1.0009613
1468938508.042|-0.0150299|0.0145721|-0.9994965
1468938508.063|-0.0127869|0.0128479|-0.9992676
1468938508.084|-0.0135803|0.0142822|-0.9973602
1468938508.105|-0.0154114|0.0104828|-0.9992828
1468938508.147|-0.0147095|0.0119324|-1.0007019
1468938508.168|-0.0137482|0.012619|-1.0006866
1468938508.189|-0.0139465|0.0109406|-1.000473
1468938508.21|-0.0173645|0.0122375|-1.0037689
1468938508.231|-0.0131989|0.0102386|-1.0042419
1468938508.252|-0.0135193|0.0119019|-0.999527
1468938508.273|-0.0154572|0.0131531|-1.0016327
1468938508.294|-0.0149078|0.0097504|-1.0000153
1468938508.315|-0.0159607|0.0134125|-1.0014038
1468938508.337|-0.0149078|0.0102539|-1.0018921
1468938508.358|-0.0168915|0.0115051|-1.0023651
1468938508.379|-0.0154572|0.0119476|-0.999527
1468938508.4|-0.0158997|0.0112457|-1.002594
1468938508.421|-0.015686|0.0124359|-1.0009308
1468938508.442|-0.0149689|0.0129089|-1.0014038
1468938508.463|-0.0145264|0.0133514|-0.9995117
1468938508.484|-0.0174103|0.0136871|-1.0016327
1468938508.505|-0.0133057|0.0138397|-1.0016327
1468938508.526|-0.0149689|0.0131378|-1.0018768
1468938508.547|-0.0154724|0.0146179|-1.0046997
1468938508.568|-0.0152435|0.0129089|-0.9992676
1468938508.589|-0.0136871|0.010437|-1.0007019
1468938508.61|-0.0144958|0.0136108|-1.0025787
1468938508.631|-0.0157013|0.0136414|-1.0025787
1468938508.652|-0.0149994|0.0133667|-0.9988098
1468938508.673|-0.0171356|0.0110016|-1.0
1468938508.694|-0.0144806|0.0126495|-1.0025787
1468938508.715|-0.0154419|0.0117035|-0.9997711
1468938508.736|-0.0159302|0.0119781|-1.002121
1468938508.758|-0.0122528|0.0113983|-1.0030518
1468938508.778|-0.011322|0.0111084|-0.9973755
1468938508.8|-0.0145111|0.0123749|-0.9973755
1468938508.821|-0.0176392|0.0122375|-1.0016327
1468938508.842|-0.0147705|0.0150604|-1.0023346
1468938508.863|-0.014679|0.0102386|-0.999527
1468938508.884|-0.0148926|0.0104828|-1.0028381
1468938508.905|-0.0188751|0.0122528|-1.0002136
1468938508.926|-0.0144806|0.0111847|-0.9985809
1468938508.947|-0.0154572|0.0133972|-1.0037689
1468938508.968|-0.0139313|0.0104675|-1.000946
1468938508.989|-0.0147552|0.0126343|-0.9962006
1468938509.01|-0.0161743|0.0124512|-1.0023499
1468938509.031|-0.0142365|0.012146|-1.0006866
1468938509.052|-0.0157166|0.0141144|-1.0035248
1468938509.073|-0.0168457|0.0110321|-1.0068512
1468938509.094|-0.0183563|0.0117645|-1.0
1468938509.115|-0.0168762|0.0117493|-1.002594
1468938509.136|-0.0158997|0.0117493|-1.0044861
1468938509.157|-0.013504|0.0123901|-1.0009308
1468938509.178|-0.018631|0.0137177|-1.0016327
1468938509.199|-0.0139923|0.0131073|-1.0006866
1468938509.22|-0.0163727|0.0090637|-0.9978943
1468938509.241|-0.0120239|0.0116425|-1.0021057
1468938509.262|-0.0172119|0.0141296|-0.9988098
1468938509.283|-0.0124969|0.0111694|-1.0028381
1468938509.304|-0.0141754|0.0102386|-1.002594
1468938509.325|-0.01474|0.0126495|-0.9988098
1468938509.346|-0.0137024|0.0109406|-1.002121
1468938509.367|-0.0137482|0.0126343|-1.0016327
1468938509.389|-0.0137787|0.0143127|-1.0020905
1468938509.41|-0.0137634|0.0121155|-0.9969177
1468938509.431|-0.0117645|0.01091|-1.0025787
1468938509.452|-0.0156403|0.010025|-1.0023651
1468938509.472|-0.0154572|0.0124207|-0.9990234
1468938509.494|-0.0137787|0.0135803|-1.0002136
1468938509.515|-0.015213|0.0121918|-1.0011597
1468938509.536|-0.0127258|0.012146|-1.0049591
1468938509.557|-0.0142212|0.0114441|-1.0018921
1468938509.578|-0.0120392|0.0118866|-1.0023499
1468938509.599|-0.0137787|0.013092|-0.9978638
1468938509.62|-0.0144501|0.0112|-1.00354
1468938509.641|-0.0129852|0.0116577|-1.0032959
1468938509.662|-0.0147552|0.0138702|-1.0018768
1468938509.683|-0.0161285|0.0110168|-1.0042419
1468938509.704|-0.0145111|0.0133667|-1.0011597
1468938509.725|-0.0151978|0.0126953|-1.0051727
1468938509.746|-0.0139313|0.0117035|-1.0047302
1468938509.767|-0.0154572|0.0119476|-0.9997711
1468938509.788|-0.0144348|0.0104523|-1.0007019
1468938509.809|-0.0169067|0.0122223|-1.0014038
1468938509.829|-0.0136871|0.0109406|-1.0028381
1468938509.85|-0.0156555|0.012207|-1.005661
1468938509.871|-0.0154419|0.0126801|-1.0025787
1468938509.892|-0.0190277|0.009613|-1.0009766
1468938509.913|-0.0164032|0.012207|-1.0030518
1468938509.935|-0.014267|0.0135956|-1.0004578
1468938509.956|-0.0161591|0.011734|-1.0023651
1468938509.977|-0.0171814|0.0129395|-0.9995117
1468938509.998|-0.0137939|0.0140533|-1.0002136
1468938510.019|-0.0148468|0.0083313|-1.0037994
1468938510.04|-0.0134888|0.0114288|-1.002121
1468938510.061|-0.0171356|0.0117493|-1.0023651
1468938510.082|-0.0128937|0.0073242|-1.0028687
1468938510.103|-0.0154266|0.0121918|-1.0028229
1468938510.124|-0.0144653|0.011673|-1.000473
1468938510.144|-0.0136871|0.0097198|-0.9995422
1468938510.165|-0.0151978|0.0117188|-1.0011749
1468938510.186|-0.0144653|0.0124054|-1.0035248
1468938510.207|-0.0147095|0.0124054|-1.0006866
1468938510.226|-0.0149231|0.0102386|-1.0002289
1468938510.247|-0.0153809|0.0110016|-1.0056763
1468938510.268|-0.0144806|0.0114288|-0.9988251
1468938510.29|-0.0147095|0.0114441|-0.999527
1468938510.31|-0.0161438|0.0107574|-1.0023651
1468938510.331|-0.0144806|0.0124054|-1.0014038
1468938510.352|-0.0171509|0.0114899|-0.9988251
1468938510.373|-0.0153961|0.0114899|-1.0056763
1468938510.416|-0.0158844|0.0100403|-1.000946
1468938510.437|-0.0161743|0.0109711|-0.9959869
1468938510.458|-0.0147095|0.0124207|-1.0021057
1468938510.479|-0.0173645|0.0122375|-1.0032806
1468938510.5|-0.0174103|0.013443|-1.0014038
1468938510.521|-0.0171051|0.0093231|-0.9997864
1468938510.542|-0.0176239|0.0122375|-1.0028229
1468938510.562|-0.0147247|0.011673|-0.9971619
1468938510.584|0.012558|0.0118866|-1.1124573
1468938510.604|-0.0089874|-0.0203857|-0.9117889
1468938510.626|-0.0074158|0.0075531|-1.0217438
1468938510.647|-0.0137482|-0.0169373|-0.9037323
1468938510.667|-0.0071564|0.0315094|-1.1010132
1468938510.689|-0.0090027|0.0275116|-1.0662994
1468938510.71|-0.0169525|-0.0031891|-0.9454803
1468938510.73|-0.0131836|0.015625|-1.0233612
1468938510.751|-0.0125122|0.0140839|-1.009201
1468938510.772|-0.018219|0.0072174|-1.0042725
1468938510.793|-0.0145874|0.0085907|-1.0054474
1468938510.815|-0.0169525|0.0124359|-0.9947815
1468938510.836|-0.013504|0.0133667|-1.0049591
1468938510.857|-0.0158997|0.0095215|-0.99646
1468938510.878|-0.013443|0.009491|-1.0019073
1468938510.899|-0.0156708|0.0099945|-0.9973907
1468938510.92|-0.0173492|0.0112762|-1.002594
1468938510.941|-0.0141754|0.0087738|-0.999054
1468938510.962|-0.0166779|0.0131836|-1.0016327
1468938510.983|-0.0156555|0.0114746|-1.0032959
1468938511.004|-0.0154419|0.0121918|-1.0014038
1468938511.025|-0.0161133|0.0102844|-1.0037842
1468938511.046|-0.015686|0.0119629|-1.0023651
1468938511.067|-0.0142059|0.0107117|-1.000946
1468938511.088|-0.015625|0.0110016|-1.0047302
1468938511.109|-0.0149994|0.0133667|-1.0002136
1468938511.13|-0.0134583|0.0094757|-0.9992981
1468938511.151|-0.0152588|0.0138855|-1.0009308
1468938511.172|-0.0110016|0.0092163|-1.0018921
1468938511.193|-0.0159454|0.0109711|-0.9954987
1468938511.214|-0.0139008|0.0097504|-1.0030823
1468938511.235|-0.0151978|0.0107269|-1.0
1468938511.257|-0.0151978|0.0114594|-1.000473
1468938511.278|-0.0141754|0.0097504|-1.0019073
1468938511.298|-0.0139465|0.0109558|-1.0014191
1468938511.319|-0.0163727|0.0110168|-1.0040283
1468938511.34|-0.0142517|0.0126495|-1.0021057
1468938511.362|-0.0148773|0.0088043|-1.0021362
1468938511.383|-0.0134735|0.011673|-1.00354
1468938511.404|-0.0139313|0.0099792|-1.0007019
1468938511.425|-0.0122986|0.0133209|-1.0028076
1468938511.446|-0.0132904|0.013092|-0.9983215
1468938511.467|-0.0127258|0.0099487|-0.9985809
1468938511.488|-0.0159149|0.0119781|-1.002594
1468938511.509|-0.0161896|0.0112152|-0.996933
1468938511.537|-0.0288086|0.0308685|-0.9263763
1468938511.551|-0.0587921|0.0006409|-0.8512421
1468938511.572|-0.018631|-0.0002136|-0.9561005
1468938511.593|-0.0108337|-0.0114441|-0.9549866
1468938511.614|-0.022583|-0.0138702|-0.9041901
1468938511.635|-0.0082245|0.0341492|-1.0965118
1468938511.656|-0.0142365|0.0236664|-1.0389252
1468938511.677|-0.0188599|-0.0045929|-0.9464417
1468938511.698|-0.0148773|0.0173798|-1.0294952
1468938511.72|-0.0171661|0.005127|-0.9759369
1468938511.74|-0.0131836|0.0112305|-1.0101624
1468938511.761|-0.0171814|0.0129395|-0.9992676
1468938511.782|-0.0164032|0.0102539|-0.9973907
1468938511.804|-0.0159149|0.0124512|-1.0037689
1468938511.825|-0.0154114|0.0107422|-1.0016479
1468938511.846|-0.0137024|0.0124054|-1.0054169
1468938511.867|-0.0142059|0.009491|-0.9978943
1468938511.888|-0.0173645|0.0115204|-1.0011749
1468938511.909|-0.0158691|0.0090637|-0.9985962
1468938511.93|-0.0153809|0.0090485|-0.9985962
1468938511.951|-0.0168304|0.0093384|-1.0033112
1468938511.972|-0.0134735|0.010437|-0.9985809
1468938511.993|-0.0149689|0.011673|-0.996933
1468938512.014|-0.0139771|0.0111847|-0.9988251
1468938512.035|-0.016098|0.0097961|-1.0033112
1468938512.056|-0.0130157|0.0106659|-0.997879
1468938512.077|-0.0141907|0.0107269|-1.0044861
1468938512.098|-0.0141754|0.0090179|-1.0000153
1468938512.119|-0.0919189|0.0640717|-1.0851593
1468938512.139|-0.0151978|-0.0141907|-0.9171753
1468938512.161|-0.0110168|0.0167084|-1.0578766
1468938512.182|-0.0124207|-0.0137177|-0.9318542
1468938512.203|-0.0183868|0.014679|-1.0051575
1468938512.224|-0.0145416|0.0358429|-1.070755
1468938512.245|-0.0172577|0.0018921|-0.952301
1468938512.266|-0.0166931|0.0224762|-1.0320587
1468938512.334|-0.0159302|0.0146637|-1.0106049
1468938512.348|-0.0158691|0.007843|-0.9955139
1468938512.369|-0.0154877|0.0146179|-1.0039978
1468938512.39|-0.0170898|0.008606|-0.9981079
1468938512.463|-0.015686|0.0121918|-1.0011597
1468938512.476|-0.0105438|0.0096588|-0.9992828
1468938512.495|-0.0146332|0.0085602|-0.9983521
1468938512.516|-0.0146332|0.0093079|-1.0042572
1468938512.537|-0.0156403|0.0092926|-0.9988403
1468938512.558|0.0683746|0.0014343|-1.2371979
1468938512.578|0.0010834|-0.0192108|-0.9985046
1468938512.599|-0.0205231|0.0146027|-0.9803619
1468938512.62|-0.0188141|0.0193939|-1.0311432
1468938512.641|-0.0145874|0.005722|-0.9633789
1468938512.662|-0.0131073|0.0102997|-1.0172424
1468938512.683|-0.0147095|0.0106964|-0.9971619
1468938512.705|-0.0122681|0.0096741|-0.9950409
1468938512.725|-0.0163422|0.0068817|-0.9953003
1468938512.746|-0.0142212|0.0116882|-1.0011749
1468938512.767|-0.0174103|0.0139313|-1.0030518
1468938512.788|-0.0166321|0.0093079|-0.9960022
1468938512.808|-0.0142365|0.0131378|-1.0042267
1468938512.829|-0.0129852|0.01091|-1.000473
1468938512.85|-0.0141907|0.0107117|-1.0032959
1468938512.872|-0.0151672|0.0087891|-0.9971771
1468938512.893|-0.0164795|0.0148468|-1.0013885
1468938512.913|-0.0158844|0.0105133|-1.0011749
1468938512.936|-0.0428314|-0.008667|-0.841095
1468938512.957|-0.0197296|-0.0213165|-0.8671417
1468938512.977|-0.0146332|0.0126495|-1.0482025
1468938512.997|-0.0313568|-0.0079956|-0.8826599
1468938513.018|-0.0114441|0.0283051|-1.0686493
1468938513.039|-0.0162048|0.0058136|-0.9742584
1468938513.06|-0.0139618|0.008255|-0.9900818
1468938513.082|-0.013443|0.0163422|-1.0236053
1468938513.102|-0.0156555|0.0043945|-0.9797211
1468938513.124|-0.0144043|0.0124512|-1.0122681
1468938513.145|-0.0139618|0.0097198|-0.995285
1468938513.166|-0.0163879|0.0131989|-1.007309
1468938513.187|-0.0156097|0.0083313|-1.0002441
1468938513.208|-0.0149384|0.0107117|-0.999527
1468938513.229|-0.0148621|0.0090637|-1.0042572
1468938513.25|-0.0149536|0.0129089|-1.0037689
1468938513.271|-0.0137329|0.0123749|-1.0006866
1468938513.292|0.0646667|0.0794678|-1.4863434
1468938513.313|0.0131683|-0.0524445|-0.8490753
1468938513.334|-0.0101929|0.0091858|-1.0479889
1468938513.355|-0.0176392|-0.0104828|-0.9280396
1468938513.376|-0.0031281|0.0188141|-1.079834
1468938513.397|-0.0082397|0.0221558|-1.0554657
1468938513.418|-0.0173798|0.0010071|-0.9636536
1468938513.439|-0.0154114|0.0188141|-1.0283203
1468938513.46|-0.0147247|0.0065613|-0.9822998
1468938513.481|-0.0168762|0.0124817|-1.0051727
1468938513.502|-0.0137177|0.012146|-1.0032806
1468938513.523|-0.0141602|0.0080566|-0.9992981
1468938513.544|-0.0162201|0.0151062|-1.0044556
1468938513.565|-0.0160217|0.0128784|-0.9902802
1468938513.586|-0.0121613|0.007309|-1.0033112
1468938513.606|-0.0153809|0.0085602|-0.9971771
1468938513.628|-0.0156708|0.0114746|-1.0023651
1468938513.649|-0.0156708|0.0107269|-0.9990387
1468938513.67|-0.015625|0.0090485|-1.0002441
1468938513.691|-0.0171661|0.0136719|-1.0028229
1468938513.712|-0.0168915|0.0110016|-0.999527
1468938513.733|-0.0130157|0.0121155|-1.0006866
1468938513.754|-0.0137024|0.011673|-1.003067
1468938513.775|-0.013443|0.0092621|-1.0014343
1468938513.796|-0.0153656|0.0080872|-0.9992981
1468938513.817|-0.0148926|0.0109863|-1.0049744
1468938513.838|-0.0183563|0.0112762|-0.9988251
1468938513.859|-0.0161438|0.010498|-0.9992828
1468938513.88|-0.0173187|0.0095825|-1.0011902
1468938513.901|-0.0132751|0.0121307|-0.9997559
1468938513.922|-0.0156403|0.011734|-1.005188
1468938513.943|-0.0120392|0.0118713|-1.0006866
1468938513.964|-0.0137329|0.0126343|-1.0025787
1468938513.985|-0.0173187|0.0093536|-1.0021362
1468938514.006|-0.0171509|0.0114899|-0.9983368
1468938514.027|-0.0144501|0.0106964|-1.000473
1468938514.048|-0.0165405|0.0078888|-1.0026093
1468938514.069|-0.0142517|0.0119171|-0.999527
1468938514.09|-0.0136108|0.0078125|-1.0035553
1468938514.112|-0.0125732|0.0130768|-0.9976196
1468938514.133|-0.014679|0.0104675|-0.9997711
1468938514.154|-0.0144806|0.0124054|-1.0014038
1468938514.175|-0.0175781|0.0088501|-0.9995422
1468938514.196|-0.0152283|0.0119476|-0.9997711
1468938514.217|-0.0136719|0.009491|-1.0016632
1468938514.238|-0.0159302|0.0114746|-0.9997711
1468938514.259|-0.0144196|0.0097504|-1.0021362
1468938514.28|-0.0146637|0.0107269|-1.002594
1468938514.301|-0.0156403|0.0102692|-1.002121
1468938514.322|-0.0127563|0.0128784|-1.0044708
1468938514.343|-0.0148621|0.0085754|-1.0016632
1468938514.364|-0.0123291|0.0133057|-0.9985504
1468938514.385|-0.0153351|0.009079|-1.0063934
1468938514.406|-0.0134583|0.0109406|-1.0032959
1468938514.427|-0.0157013|0.0126801|-1.0011597
1468938514.448|-0.0159149|0.012207|-1.0030518
1468938514.469|-0.0131226|0.0162048|-0.9987946
1468938514.49|-0.0182953|0.0088654|-0.9997864
1468938514.512|-0.013916|0.009491|-1.0007172
1468938514.532|-0.012558|0.0133362|-1.0023499
1468938514.554|-0.0126953|0.0094757|-1.0009613
1468938514.574|-0.0139771|0.011673|-0.9992828
1468938514.595|-0.0136566|0.0099945|-1.0059204
1468938514.616|-0.0176392|0.0122375|-1.0016327
1468938514.638|-0.0144501|0.0099792|-0.9992828
1468938514.659|-0.0147095|0.0109406|-0.9973907
1468938514.68|-0.0152588|0.0141144|-1.0016327
1468938514.701|-0.0152588|0.0129089|-0.9980774
1468938514.722|-0.0153503|0.0085754|-1.0004883
1468938514.743|-0.0153656|0.0085754|-0.9983521
1468938514.764|-0.0161896|0.0129395|-1.0014038
1468938514.785|-0.0144348|0.0102386|-1.0011749
1468938514.806|-0.0153809|0.0093079|-1.0009613
1468938514.827|-0.0171356|0.0102844|-0.9976349
1468938514.848|-0.0132141|0.0106964|-1.002594
1468938514.869|-0.0142975|0.0133362|-0.9964294
1468938514.89|-0.0158691|0.0110168|-1.0049744
1468938514.911|-0.013443|0.0092621|-1.0009613
1468938514.932|-0.0164185|0.0119629|-1.0007019
1468938514.953|-0.0165405|0.0078888|-1.0028534
1468938514.974|-0.0156708|0.0117188|-1.0014191
1468938514.995|-0.0149536|0.0116882|-0.9985809
1468938515.016|-0.0153961|0.0102692|-1.0018921
1468938515.037|-0.0149231|0.0097504|-0.9976501
1468938515.058|-0.0146942|0.0124207|-1.0030518
1468938515.079|-0.0163727|0.0105133|-1.0011749
1468938515.1|-0.0120239|0.0101624|-0.9969177
1468938515.121|-0.015686|0.0112152|-1.0
1468938515.143|-0.0156097|0.0097809|-1.0026093
1468938515.164|-0.0137329|0.0106659|-0.996933
1468938515.185|-0.0161591|0.0112457|-1.002121
1468938515.205|-0.0125275|0.0119019|-1.0023651
1468938515.227|-0.0151825|0.0114746|-1.002594
1468938515.248|-0.0144348|0.0104523|-1.0007019
1468938515.269|-0.0159912|0.0138855|-0.9999847
1468938515.29|-0.0135345|0.0128632|-0.9988098
1468938515.311|-0.0471954|-0.0238342|-0.7239532
1468938515.332|-0.0296783|-0.0027466|-0.9329834
1468938515.353|-0.0128174|0.0081024|-1.0163269
1468938515.374|-0.0081787|0.0163422|-1.045105
1468938515.395|-0.0131836|0.0283356|-1.0646515
1468938515.416|-0.0177002|0.0009613|-0.9551392
1468938515.437|-0.0158691|0.0129852|-1.011322
1468938515.458|-0.013443|0.014389|-1.0174561
1468938515.485|-0.0617523|0.0467072|-1.0622864
1468938515.5|-0.0026855|-0.030304|-0.8787384
1468938515.521|-0.0228882|0.0102997|-0.9737701
1468938515.542|-0.0123444|0.0271759|-1.0769653
1468938515.563|-0.0171509|0.0007477|-0.9641113
1468938515.584|-0.0151672|0.0107422|-1.0037842
1468938515.605|-0.014389|0.011734|-1.0130005
1468938515.627|-0.0127716|0.0074768|-0.9832306
1468938515.647|0.0223999|0.0032806|-1.0670776
1468938515.668|-0.0070648|0.0049286|-1.0267487
1468938515.689|-0.0142059|0.0292969|-1.0627594
1468938515.71|-0.0183411|0.0093384|-0.9945831
1468938515.731|-0.0159607|0.002182|-0.9634094
1468938515.752|-0.0144196|0.0195312|-1.0332642
1468938515.773|-0.0173798|0.0063782|-0.9822998
1468938515.794|-0.061676|0.0028992|-0.8623352
1468938515.815|-0.0088501|-0.0073395|-0.9721985
1468938515.836|-0.0312042|0.0122223|-0.9380646
1468938515.857|-0.0149078|0.0276031|-1.0585175
1468938515.878|-0.0153351|0.0025787|-0.952301
1468938515.899|-0.0136719|0.0126801|-1.0125122
1468938515.92|0.0314484|0.0413818|-1.3739166
1468938515.941|-0.0109863|0.0098572|-1.0375824
1468938515.962|0.0083466|-0.0140076|-1.0142822
1468938515.983|-0.0361786|0.0016937|-0.9237518
1468938516.004|-0.0202026|0.0341949|-1.0528259
1468938516.025|-0.0166626|0.001236|-0.9648438
1468938516.046|-0.0161896|0.0056|-0.9782715
1468938516.067|-0.0132599|0.0209961|-0.9968567
1468938516.088|-0.0163574|0.0063782|-0.991272
1468938516.109|-0.0124664|0.0131378|-1.0125122
1468938516.13|-0.0154724|0.0102081|-0.9900665
1468938516.151|-0.0132141|0.0129089|-1.0094299
1468938516.172|-0.0137329|0.0099487|-0.9950409
1468938516.193|-0.0134888|0.0111847|-1.0023651
1468938516.214|-0.0142365|0.0114288|-0.9992828
1468938516.235|-0.0137329|0.0114136|-0.9985809
1468938516.256|-0.0123138|0.0140533|-1.0042114
1468938516.277|-0.0126953|0.0094604|-1.0007172
1468938516.298|-0.0154114|0.0104828|-0.9997711
1468938516.319|-0.014679|0.0114594|-1.00354
1468938516.34|-0.0163879|0.0110016|-1.0011749
1468938516.361|-0.0156555|0.0100098|-0.9997711
1468938516.382|-0.0172119|0.0143738|-0.9985504
1468938516.403|-0.0171204|0.0110016|-1.0007019
1468938516.424|-0.0144501|0.0104523|-1.0
1468938516.445|-0.014267|0.0123749|-0.9971466
1468938516.466|-0.0156097|0.0090637|-1.0019073
1468938516.487|-0.0168762|0.0117493|-1.002594
1468938516.508|-0.0154724|0.0126648|-0.9997559
1468938516.529|-0.0168457|0.0098114|-1.0023804
1468938516.55|-0.0144348|0.0092621|-0.9985962
1468938516.571|-0.011322|0.0118561|-0.9992676
1468938516.592|-0.0134888|0.0111847|-1.0016479
1468938516.613|-0.0130005|0.0116425|-1.000473
1468938516.635|-0.0159149|0.011734|-1.0016479
1468938516.655|-0.0158691|0.0093079|-1.0007172
1468938516.677|-0.0120087|0.0099335|-1.0002136
1468938516.697|-0.0142517|0.0128937|-1.0023499
1468938516.72|-0.0158234|0.0078735|-1.0016632
1468938516.74|-0.0153961|0.010025|-1.0023651
1468938516.76|-0.013504|0.0116577|-1.0
1468938516.781|-0.0154114|0.0107422|-1.002121
1468938516.802|-0.0166168|0.0100403|-1.000473
1468938516.823|-0.0166321|0.0100403|-1.0002289
1468938516.844|-0.015686|0.0114594|-0.9990387
1468938516.865|-0.0144806|0.0131226|-1.0025787
1468938516.886|-0.0142059|0.0106964|-1.000473
1468938516.907|-0.0141602|0.0085449|-1.0000153
1468938516.928|-0.0144653|0.0114288|-1.0007019
1468938516.95|-0.0137329|0.0116577|-1.0
1468938516.97|-0.0170288|0.0074158|-1.0030975
1468938516.991|-0.0139771|0.0111847|-0.999527
1468938517.012|-0.0142059|0.0102234|-0.999527
1468938517.034|-0.0125122|0.0111694|-1.0018921
1468938517.055|-0.0126953|0.010437|-1.0032959
1468938517.076|-0.0132294|0.0102081|-0.999527
1468938517.097|-0.014389|0.0090332|-1.0030823
1468938517.118|-0.0146942|0.0107117|-0.9990387
1468938517.139|-0.0142517|0.0119171|-0.9997711
1468938517.16|-0.0148773|0.0088043|-1.0023804
1468938517.181|-0.0119476|0.0085144|-1.0011749
1468938517.202|-0.0130157|0.0113983|-0.9992828
1468938517.223|-0.0144196|0.0102386|-1.003067
1468938517.244|-0.0156555|0.0100098|-1.0002289
1468938517.265|-0.0159149|0.0117188|-1.000473
1468938517.286|-0.0141907|0.0104675|-1.0011749
1468938517.307|-0.0128021|0.0130768|-0.9978638
1468938517.328|-0.014389|0.0090332|-1.0028534
1468938517.349|-0.0142517|0.0119171|-0.9985809
1468938517.37|-0.0154877|0.0138855|-1.0016327
1468938517.391|-0.015625|0.0093079|-1.0021362
1468938517.412|-0.0151825|0.0100098|-1.0
1468938517.433|-0.0120544|0.0128326|-1.0006714
1468938517.454|-0.0136566|0.0090027|-1.0004883
1468938517.475|-0.0149841|0.0128937|-0.9997559
1468938517.496|-0.0154572|0.0121765|-0.9985657
1468938517.517|-0.015152|0.0095367|-1.0016632
1468938517.538|-0.0161285|0.0102844|-1.0016479
1468938517.559|-0.0149689|0.0131378|-1.0021057
1468938517.58|-0.0134888|0.0111694|-1.0007019
1468938517.601|-0.0168457|0.0095673|-1.0023804
1468938517.622|-0.0167236|0.0136566|-0.9980774
1468938517.643|-0.0149078|0.0100098|-1.0014191
1468938517.665|-0.0146637|0.0104828|-1.0014191
1468938517.686|-0.015625|0.0097656|-1.0007172
1468938517.707|-0.0137177|0.0111847|-1.002121
1468938517.728|-0.0141907|0.0112152|-1.0056763
1468938517.749|-0.0144653|0.0109406|-1.0002289
1468938517.77|-0.0149536|0.0114441|-1.0002289
1468938517.791|-0.0149536|0.0124054|-1.0004578
1468938517.812|-0.0154419|0.0112152|-0.9997711
1468938517.833|-0.0134583|0.0097198|-0.9988403
1468938517.854|-0.0129852|0.0116577|-1.0032959
1468938517.875|-0.0188141|0.0091248|-0.9978943
1468938517.896|-0.0149689|0.0126648|-1.0009308
1468938517.917|-0.013504|0.0111694|-0.9997711
1468938517.938|-0.0144043|0.0087891|-1.0016632
1468938517.959|-0.0136871|0.0080261|-0.995285
1468938517.98|-0.0161285|0.0100403|-1.000946
1468938518.001|-0.0158997|0.0110016|-1.002121
1468938518.022|-0.0147095|0.0106964|-0.9973907
1468938518.043|-0.0171967|0.0126801|-0.9964294
1468938518.064|-0.0144806|0.0111847|-0.9990387
1468938518.085|-0.0161133|0.0088196|-1.0000153
1468938518.107|-0.0149536|0.0119324|-1.000473
1468938518.128|-0.0590668|0.0661011|-1.2011414
1468938518.147|0.0122681|-0.0299683|-0.8630981
1468938518.169|-0.0077972|0.0254822|-1.0960999
1468938518.19|-0.0185394|-0.0027924|-0.9239807
1468938518.212|-0.0116577|0.02005|-1.0490875
1468938518.232|-0.0120392|0.0155487|-1.0134277
1468938518.253|-0.0125122|0.0043182|-0.9768829
1468938518.274|-0.0151978|0.0131683|-1.0051727
1468938518.295|-0.010788|0.0123138|-0.9025726
1468938518.317|-0.0623016|-0.0023956|-0.8585968
1468938518.337|-0.0166016|0.0100555|-1.0032959
1468938518.358|-0.0131531|0.0024414|-0.9830475
1468938518.382|-0.0153351|0.0125122|-1.0165253
1468938518.4|-0.0109558|0.0175476|-1.0332642
1468938518.422|-0.0180511|0.006424|-0.9898682
1468938518.443|-0.015564|0.0115509|-1.0174866
1468938518.468|-0.0400391|0.0328674|-0.891861
1468938518.485|-0.0469971|-0.0120239|-0.8240967
1468938518.506|-0.0115509|0.0088654|-1.0281219
1468938518.527|-0.0130768|-0.0025787|-0.9435883
1468938518.547|-0.0079041|0.019516|-1.059967
1468938518.568|-0.0123444|0.007431|-0.976593
1468938518.589|-0.0166168|0.0090637|-0.9967041
1468938518.61|-0.0144653|0.0146332|-1.013443
1468938518.637|-0.0159454|0.0075531|-0.9846497
1468938518.653|0.0087738|-0.0049133|-1.0040741
1468938518.674|-0.0114594|-0.0051727|-0.9572906
1468938518.695|-0.0272369|0.0095062|-0.9421234
1468938518.716|-0.0164032|0.0188141|-1.025238
1468938518.737|-0.0181274|0.0024567|-0.9657898
1468938518.758|-0.0146484|0.011734|-1.0087433
1468938518.779|-0.0141907|0.0090179|-0.9981079
1468938518.803|-0.0200195|0.0094452|-0.9659882
1468938518.821|-0.0015106|-0.0284729|-0.9148865
1468938518.842|-0.0018616|0.0175781|-1.081955
1468938518.864|-0.0391846|-0.0031128|-0.8620911
1468938518.884|-0.0183105|0.0196228|-1.03302
1468938518.905|-0.0174255|0.0117188|-0.9921875
1468938518.926|-0.0178833|0.0063629|-0.9811096
1468938518.947|-0.012207|0.0124054|-1.01297
1468938518.968|-0.0154419|0.0102386|-0.9954987
1468938518.989|-0.0158691|0.0100555|-1.0044861
1468938519.01|-0.0168762|0.0080872|-0.9931488
1468938519.031|-0.0139771|0.0131226|-1.0025787
1468938519.052|-0.0177917|0.0076599|-0.9992981
1468938519.073|-0.0158997|0.0097656|-0.9960022
1468938519.094|-0.0116119|0.0137787|-0.9999695
1468938519.115|-0.0151367|0.0090637|-1.0011902
1468938519.136|-0.0130005|0.01091|-0.9997711
1468938519.157|-0.0137329|0.0123749|-1.0006866
1468938519.178|-0.0141907|0.0102234|-1.0007019
1468938519.199|-0.0159149|0.0112457|-1.0016479
1468938519.22|-0.0151672|0.010498|-1.0018921
1468938519.241|-0.0156555|0.0100098|-0.9992828
1468938519.262|-0.0129089|0.0075531|-1.0004883
1468938519.283|-0.0142212|0.0109406|-0.999527
1468938519.304|-0.0161285|0.0100403|-1.002121
1468938519.325|-0.0144196|0.0090179|-0.9995422
1468938519.346|-0.0166931|0.0124512|-0.9980774
1468938519.368|-0.0153809|0.0090485|-0.999054
1468938519.388|-0.016098|0.009079|-1.0011902
1468938519.409|-0.0164185|0.0104828|-0.9950409
1468938519.429|-0.0151825|0.0107422|-1.002121
1468938519.45|-0.0175934|0.0105438|-1.0016479
1468938519.472|-0.0162201|0.0131531|-0.9980774
1468938519.493|-0.0173187|0.0110474|-1.0047302
1468938519.514|-0.0119781|0.0094604|-1.0011749
1468938519.535|-0.0139771|0.0114288|-0.999527
1468938519.556|-0.0164337|0.0121918|-0.9988098
1468938519.576|-0.0158691|0.0093231|-1.0019073
1468938519.598|-0.0173492|0.0110321|-1.002121
1468938519.619|-0.0161285|0.0102692|-1.0007019
1468938519.64|-0.0124817|0.0092316|-0.9988403
1468938519.661|-0.0160828|0.0083618|-1.0011902
1468938519.682|-0.0142059|0.0102234|-0.999527
1468938519.703|-0.0146484|0.0087891|-0.9992981
1468938519.724|-0.0173645|0.0124817|-1.0037689
1468938519.745|-0.013916|0.0085449|-0.9981079
1468938519.767|-0.0144501|0.0102234|-0.9992828
1468938519.788|-0.0129395|0.0087585|-1.0016632
1468938519.809|-0.0139771|0.0106964|-0.997879
1468938519.83|-0.0147247|0.0119324|-1.0
1468938519.851|-0.0157013|0.0121765|-0.9985657
1468938519.872|-0.0139313|0.0107117|-1.00354
1468938519.893|-0.0141754|0.0104828|-1.0042419
1468938519.914|-0.0178375|0.0100708|-1.0014191
1468938519.935|-0.0144958|0.012146|-0.9983215
1468938519.956|-0.019104|0.0130005|-1.0023651
1468938519.977|-0.0137177|0.0119324|-1.0040283
1468938519.998|-0.0144958|0.0131226|-1.0014038
1468938520.019|-0.0161133|0.0081024|-0.9978943
1468938520.04|-0.0120544|0.0125885|-1.0006714
1468938520.061|-0.0175934|0.0095673|-0.9992981
1468938520.082|-0.0168457|0.009552|-1.0007172
1468938520.103|-0.0130157|0.012619|-1.0037689
1468938520.124|-0.0166779|0.0129395|-1.0006866
1468938520.145|-0.0144348|0.009491|-0.9992981
1468938520.167|-0.0154572|0.0133972|-1.0035248
1468938520.187|-0.0132904|0.0128632|-0.9990234
1468938520.208|-0.0163422|0.0085907|-1.0000153
1468938520.229|-0.0156403|0.011734|-1.0056763
1468938520.25|-0.0130157|0.0123749|-1.0021057
1468938520.271|-0.0169983|0.0057373|-1.0016785
1468938520.293|-0.0169067|0.012207|-1.0006866
1468938520.314|-0.0135193|0.0119019|-1.0
1468938520.334|-0.0180817|0.0105438|-1.0
1468938520.356|-0.0136414|0.0087738|-1.0030823
1468938520.377|-0.0144653|0.0112|-1.0011749
1468938520.398|-0.0139008|0.0097504|-1.0028534
1468938520.419|-0.0147247|0.0119324|-1.0002289
1468938520.44|-0.0129852|0.0101929|-0.9992828
1468938520.461|-0.0156403|0.010025|-1.0023651
1468938520.482|-0.0159454|0.0114594|-0.9962158
1468938520.503|-0.0149231|0.0109558|-1.0007019
1468938520.524|-0.0156403|0.0107422|-1.0032959
1468938520.545|-0.0139923|0.0123901|-0.9985657
1468938520.566|-0.0161133|0.0100403|-1.002594
1468938520.587|-0.0159607|0.0131531|-0.9992676
1468938520.608|-0.0130157|0.01091|-0.997879
1468938520.629|-0.0161743|0.0114746|-1.0
1468938520.65|-0.019577|0.0125122|-1.0007019
1468938520.671|-0.0133057|0.0128632|-0.9980774
1468938520.692|-0.0149536|0.0112|-0.9997711
1468938520.713|-0.0127869|0.0128479|-1.0002136
1468938520.734|-0.0122833|0.0116272|-1.0002136
1468938520.755|-0.0163574|0.009552|-1.0011902
1468938520.776|-0.0171204|0.0105133|-0.9988251
1468938520.797|-0.0153809|0.0107574|-1.005188
1468938520.818|-0.0161285|0.0102844|-1.0016479
1468938520.84|-0.0132141|0.0097198|-0.9985962
1468938520.861|-0.0164185|0.012207|-1.0011597
1468938520.882|-0.0134277|0.0087585|-1.0007172
1468938520.903|-0.0115814|0.0125732|-1.0001984
1468938520.924|-0.0147095|0.0119476|-1.0011749
1468938520.945|-0.0159302|0.0121918|-1.0004578
1468938520.966|-0.0142365|0.011673|-0.9997711
1468938520.987|-0.0122681|0.0106506|-0.9983215
1468938521.008|-0.0142059|0.0097198|-0.9962311
1468938521.029|-0.015274|0.0138702|-0.9992676
1468938521.05|-0.0140381|0.0138397|-0.9985657
1468938521.071|-0.0159454|0.0112305|-0.997879
1468938521.092|-0.0163879|0.0107574|-1.002121
1468938521.113|-0.0154419|0.0119629|-1.0018921
1468938521.135|-0.0144196|0.0090179|-0.9985962
1468938521.155|-0.0129242|0.0082855|-1.0014343
1468938521.176|-0.0152435|0.0119324|-0.996933
1468938521.197|-0.0161438|0.0102692|-0.9988251
1468938521.218|-0.0146637|0.0092773|-0.9988403
1468938521.239|-0.0146637|0.0102539|-1.0011749
1468938521.26|-0.0141754|0.0097504|-1.0016632
1468938521.282|-0.0170746|0.0088501|-1.0009613
1468938521.303|-0.0164032|0.0107422|-0.9988251
1468938521.324|-0.013504|0.0111694|-0.9992828
1468938521.345|-0.0174103|0.0119781|-0.9973907
1468938521.366|-0.0134583|0.0106964|-1.0028381
1468938521.387|-0.0158386|0.0078583|-0.9985962
1468938521.408|-0.0155792|0.0085907|-1.0037994
1468938521.429|-0.015213|0.0117035|-0.9985809
1468938521.45|-0.0163422|0.009552|-1.0028534
1468938521.471|-0.0144501|0.0099792|-0.9997711
1468938521.492|-0.015625|0.0095367|-1.0019073
1468938521.513|-0.01297|0.0097046|-1.0002441
1468938521.534|-0.0169067|0.011734|-1.0
1468938521.555|-0.015152|0.0080719|-0.997406
1468938521.577|-0.0134888|0.0119171|-1.0032959
1468938521.597|-0.0103455|0.0115814|-0.9976196
1468938521.618|-0.0142365|0.0124054|-1.0009308
1468938521.64|-0.0156097|0.0090637|-1.0014343
1468938521.661|-0.0147095|0.0119476|-1.0014191
1468938521.682|-0.0144653|0.0106964|-0.999527
1468938521.702|-0.0170898|0.0095673|-1.0009613
1468938521.723|-0.0153809|0.0097656|-1.0004883
1468938521.744|-0.0154877|0.0138855|-1.0016327
1468938521.765|-0.0129852|0.0114136|-1.002594
1468938521.786|-0.0134583|0.0104523|-1.002121
1468938521.807|-0.0145111|0.0136108|-1.0023499
1468938521.828|-0.0134583|0.0099792|-1.0023651
1468938521.849|-0.0144348|0.009491|-0.9983521
1468938521.869|-0.0151978|0.0114746|-1.0016479
1468938521.891|-0.0171509|0.0112457|-0.9992828
1468938521.911|-0.0157013|0.0126648|-1.0004578
1468938521.933|-0.0149384|0.0124207|-1.0030518
1468938521.953|-0.0169067|0.0112457|-0.999527
1468938521.974|-0.0161133|0.0090637|-0.9992981
1468938521.996|-0.0171204|0.0110168|-1.0016479
1468938522.017|-0.0137177|0.011673|-1.0014191
1468938522.038|-0.0141907|0.009491|-1.0002441
1468938522.059|-0.0153351|0.0081024|-1.0026093
1468938522.079|-0.0158691|0.0097961|-1.0014343
1468938522.101|-0.0144348|0.0102234|-1.000473
1468938522.121|-0.0139923|0.0123901|-0.9999847
1468938522.143|-0.0176544|0.0127106|-1.0006866
1468938522.164|-0.0156555|0.0100098|-1.0
1468938522.185|-0.0147095|0.0106964|-0.996933
1468938522.206|-0.014679|0.0109558|-1.0007019
1468938522.227|-0.0172577|0.0069427|-1.0012054
1468938522.248|-0.0153809|0.0097809|-1.0011902
1468938522.269|-0.0178528|0.0102997|-0.9985809
1468938522.29|-0.0154419|0.0119629|-1.0023651
1468938522.311|-0.0166931|0.0126953|-0.9995117
1468938522.332|-0.011795|0.0101776|-0.9978638
1468938522.353|-0.0153809|0.0097809|-1.0014343
1468938522.374|-0.0141296|0.0068512|-1.0000305
1468938522.394|-0.0137024|0.009964|-1.0
1468938522.416|-0.014679|0.0104675|-0.999527
1468938522.436|-0.0134888|0.0111694|-1.000473
1468938522.458|-0.0153351|0.0076294|-1.0011902
1468938522.479|-0.0125275|0.0113983|-0.999527
1468938522.5|-0.0144806|0.0119324|-1.0018921
1468938522.521|-0.0168457|0.0102997|-1.002594
1468938522.542|-0.0141602|0.0087891|-1.0021362
1468938522.563|-0.0160828|0.0083618|-1.0016632
1468938522.584|-0.0139313|0.0102234|-1.000473
1468938522.605|-0.0141602|0.0087891|-1.0014343
1468938522.626|-0.0156708|0.0114594|-1.0007019
1468938522.647|-0.0161591|0.0114899|-1.002121
1468938522.668|-0.0139618|0.0104523|-0.9976349
1468938522.689|-0.0154114|0.0107422|-1.000946
1468938522.71|-0.0127563|0.0123596|-1.0004578
1468938522.731|-0.0183563|0.0122528|-1.0018768
1468938522.752|-0.0134277|0.0092621|-1.0026093
1468938522.773|-0.0152588|0.0136261|-0.9997559
1468938522.794|-0.010788|0.009903|-1.0006866
1468938522.815|-0.0144196|0.0092773|-1.0009613
1468938522.836|-0.0146637|0.0087891|-0.9981079
1468938522.857|-0.0173798|0.0120087|-1.0014191
1468938522.878|-0.0159302|0.0124512|-1.0011597
1468938522.9|-0.0133972|0.0078125|-1.0011902
1468938522.921|-0.0166779|0.0114746|-0.9971619
1468938522.942|-0.0134888|0.0114136|-1.0007019
1468938522.963|-0.0148926|0.0095062|-1.0007172
1468938522.984|-0.0155945|0.0083313|-1.0004883
1468938523.005|-0.0147247|0.011673|-0.9971619
1468938523.026|-0.0139313|0.009491|-0.999054
1468938523.047|-0.0146484|0.0092773|-1.0004883
1468938523.068|-0.0175629|0.0093536|-1.0026093
1468938523.089|-0.0166321|0.0110016|-1.000473
1468938523.11|-0.0141602|0.0090332|-1.0019073
1468938523.131|-0.0132751|0.0114136|-0.9980927
1468938523.152|-0.0153809|0.010498|-1.0032959
1468938523.173|-0.0163879|0.0110016|-1.002121
1468938523.194|-0.0176239|0.0115204|-1.0011749
1468938523.215|-0.0126953|0.0094604|-1.0007172
1468938523.236|-0.0157166|0.0124207|-0.9980774
1468938523.257|-0.015152|0.010025|-1.0037842
1468938523.278|-0.0115356|0.0108795|-0.9992676
1468938523.299|-0.0142517|0.013382|-1.0042267
1468938523.32|-0.015152|0.0085602|-0.9969482
1468938523.341|-0.0171509|0.0122223|-1.0016327
1468938523.362|-0.0158844|0.0102692|-1.000473
1468938523.383|-0.0164337|0.0121918|-0.9999847
1468938523.405|-0.0171204|0.0095367|-0.9967041
1468938523.426|-0.0146942|0.0117035|-1.0018921
1468938523.447|-0.0139465|0.0116882|-1.003067
1468938523.468|-0.0161285|0.010498|-1.000473
1468938523.489|-0.0139465|0.0104523|-0.9997711
1468938523.51|-0.0137177|0.0114288|-1.0014191
1468938523.531|-0.0151215|0.0076141|-0.9988403
1468938523.552|-0.0124359|0.0080414|-1.0021362
1468938523.573|-0.0164185|0.0119629|-1.000473
1468938523.594|-0.0173798|0.0120087|-1.0023651
1468938523.615|-0.0144653|0.0119324|-1.0037842
1468938523.636|-0.0140228|0.0133514|-0.9985657
1468938523.658|-0.0112|0.0072784|-1.0004883
1468938523.677|-0.0153656|0.00737|-0.9979095
1468938523.698|-0.0171051|0.0097961|-0.9992981
1468938523.719|-0.0130005|0.0114136|-1.0018921
1468938523.74|-0.0175934|0.0093384|-0.9997864
1468938523.76|-0.0154419|0.0121918|-1.0016327
1468938523.781|-0.0153961|0.0097656|-1.0000153
1468938523.802|-0.0141602|0.0095062|-1.0030823
1468938523.823|-0.0156097|0.0095367|-1.0035553
1468938523.845|-0.0161438|0.0095367|-0.9978943
1468938523.866|-0.0159302|0.0112305|-0.9990387
1468938523.887|-0.0170898|0.0093384|-1.0009613
1468938523.908|-0.0149689|0.0114441|-0.997879
1468938523.929|-0.0129547|0.0084991|-0.9971771
1468938523.95|-0.0163879|0.010498|-1.0002289
1468938523.971|-0.014679|0.0102386|-0.9985809
1468938523.992|-0.0144653|0.0121613|-1.0035248
1468938524.013|-0.0151825|0.0109711|-1.0007019
1468938524.034|-0.0166168|0.0100555|-1.0014191
1468938524.055|-0.0173492|0.0112762|-1.0032959
1468938524.076|-0.0137024|0.0109406|-1.0014191
1468938524.097|-0.0135498|0.0121155|-0.9954834
1468938524.118|-0.0139923|0.012146|-0.9990234
1468938524.139|-0.0141907|0.0102386|-1.000946
1468938524.16|-0.0146637|0.0102386|-1.0007019
1468938524.182|-0.0158997|0.011734|-1.003067
1468938524.203|-0.0155945|0.007843|-1.0002441
1468938524.225|-0.0144196|0.0092773|-1.0014343
1468938524.244|-0.0136871|0.0097198|-0.9992981
1468938524.266|-0.0157318|0.0141144|-1.0023499
1468938524.286|-0.0156097|0.0083313|-1.0002441
1468938524.308|-0.016449|0.0131531|-1.0002136
1468938524.329|-0.0139771|0.0126495|-1.0035248
1468938524.35|-0.0149231|0.0099945|-1.0002289
1468938524.371|-0.0144653|0.0109406|-0.999527
1468938524.392|-0.0141602|0.0095215|-1.0045013
1468938524.414|-0.0163727|0.0100403|-1.000946
1468938524.435|-0.0136871|0.0092468|-0.999054
1468938524.455|-0.0158997|0.0097809|-0.9978943
1468938524.477|-0.0159149|0.0107422|-0.999527
1468938524.498|-0.0175781|0.0093536|-1.0021362
1468938524.519|-0.015686|0.0117035|-0.9988251
1468938524.54|-0.0130157|0.0123596|-1.0004578
1468938524.561|-0.017334|0.010788|-1.002594
1468938524.582|-0.0146332|0.0090485|-1.0011902
1468938524.603|-0.0132599|0.0121307|-1.0004578
1468938524.624|-0.0141602|0.0085449|-0.9995422
1468938524.645|-0.0134735|0.0111847|-1.0028381
1468938524.666|-0.0145111|0.0123901|-0.9978638
1468938524.687|-0.0149384|0.0107117|-1.0002289
1468938524.708|-0.0178986|0.0124664|-0.9983215
1468938524.729|-0.0153809|0.0095367|-1.0014343
1468938524.75|-0.0130768|0.0133209|-0.9978638
1468938524.771|-0.0141907|0.0102234|-1.0007019
1468938524.792|-0.0159149|0.011734|-1.000946
1468938524.813|-0.0134277|0.0080414|-0.9988403
1468938524.834|-0.0122223|0.0089722|-1.0
1468938524.855|-0.0986328|-0.0185852|-0.6833801
1468938524.877|-0.0095367|0.0030212|-1.0165863
1468938524.897|-0.0052338|-0.006012|-1.0090637
1468938524.918|-0.0350342|-0.0113525|-0.868515
1468938524.939|-0.0137177|0.0415039|-1.0990753
1468938524.96|-0.0153961|0.0139465|-1.0141602
1468938524.981|-0.0186768|-0.0053864|-0.9315491
1468938525.002|-0.0107574|0.0184937|-1.0349274
1468938525.022|0.0423889|0.0046082|-1.1817017
1468938525.044|-0.0126343|-0.0232239|-0.9009399
1468938525.065|-0.0078278|0.0105133|-1.0401611
1468938525.086|-0.0342712|-0.0020599|-0.9048615
1468938525.107|-0.016449|0.0285645|-1.052597
1468938525.128|-0.0181885|0.0107269|-0.9853363
1468938525.149|-0.0134277|0.0139313|-1.0198517
1468938525.17|-0.0128021|0.0138245|-1.0014038
1468938525.191|0.0221405|0.0440216|-1.2330017
1468938525.212|0.0011902|-0.0316925|-0.9082794
1468938525.233|-0.0101776|0.0123749|-1.06073
1468938525.254|-0.0245209|0.0041046|-0.9293671
1468938525.275|-0.0126801|0.0168152|-1.0285492
1468938525.296|-0.0136871|0.0036163|-0.978775
1468938525.317|-0.0154114|0.0141602|-1.0122681
1468938525.338|-0.0148773|0.0085602|-0.9995422
1468938525.359|0.0293579|0.0336914|-1.2217255
1468938525.379|-0.0043793|-0.0154419|-0.9590149
1468938525.4|-0.0075531|0.0117798|-1.0500946
1468938525.421|-0.0091248|0.0161133|-1.0477142
1468938525.443|-0.013382|0.0088043|-1.0090027
1468938525.464|-0.0132294|0.0072784|-0.9903259
1468938525.484|-0.0154266|0.0146484|-1.0127411
1468938525.506|-0.0178833|0.0088043|-0.9898529
1468938525.527|0.04422|0.0134277|-1.2260895
1468938525.548|-0.0073395|0.0127411|-1.0491333
1468938525.569|-0.0121613|0.0012054|-0.981369
1468938525.59|-0.0088196|0.0127411|-1.0444031
1468938525.611|-0.0144348|0.016098|-1.0207672
1468938525.632|-0.0149384|0.0063171|-0.983017
1468938525.653|-0.0146332|0.0137024|-1.0170135
1468938525.674|0.0435791|0.0125427|-1.2386169
1468938525.695|-0.010849|0.0188599|-1.0545502
1468938525.716|-0.0024567|-0.0069275|-0.9875641
1468938525.737|-0.0461273|0.0037689|-0.8646698
1468938525.758|-0.0186615|0.0310669|-1.056839
1468938525.779|-0.0179443|0.0046234|-0.9676514
1468938525.8|-0.0161438|0.0058594|-0.983963
1468938525.821|-0.0168762|0.009552|-0.9978943
1468938525.842|-0.0161438|0.0085602|-0.9929199
1468938525.863|-0.0131683|0.0117188|-1.0127716
1468938525.884|-0.0150452|0.0118713|-0.9879456
1468938525.905|-0.0139313|0.0121918|-1.0080261
1468938525.927|-0.0136871|0.0085144|-0.9957581
1468938525.947|-0.0132141|0.0092468|-1.0000153
1468938525.969|-0.0149078|0.0080566|-0.9950562
1468938525.99|-0.0120392|0.0108948|-0.9980774
1468938526.011|-0.0139008|0.0090179|-1.0004883
1468938526.032|-0.0141144|0.0075989|-1.0037994
1468938526.053|-0.0163879|0.0112457|-1.0037842
1468938526.074|-0.0137787|0.0130768|-0.9969177
1468938526.095|-0.0158539|0.0097961|-1.0028534
1468938526.116|-0.0149231|0.0097504|-0.9978943
1468938526.137|-0.0154114|0.0107422|-1.0014191
1468938526.158|-0.0159454|0.0097351|-0.9903107
1468938526.179|-0.0137939|0.013504|-1.0319061
1468938526.2|-0.0164642|0.0112|-0.9921875
1468938526.221|-0.0148621|0.0068512|-0.9971924
1468938526.242|-0.0132446|0.0131226|-1.0068359
1468938526.263|-0.0151062|0.0066528|-0.9983673
1468938526.284|-0.0190125|0.0084076|-0.9986115
1468938526.305|-0.0157318|0.0146179|-1.0039978
1468938526.326|-0.0154419|0.0097351|-0.9922028
1468938526.347|-0.015274|0.0064392|-1.0061646
1468938526.368|-0.0134583|0.0116882|-1.005188
1468938526.389|-0.0169067|0.0107574|-0.9980927
1468938526.411|-0.0170746|0.0078583|-0.9971771
1468938526.431|-0.0154266|0.0136719|-1.0075531
1468938526.452|-0.0154266|0.0099945|-0.9973907
1468938526.474|-0.0156097|0.0105133|-1.0047302
1468938526.495|-0.0132141|0.0102234|-1.0014191
1468938526.515|-0.017395|0.01297|-1.0011597
1468938526.536|-0.0154114|0.0087891|-0.9950562
1468938526.557|-0.0153809|0.0097809|-1.0011902
1468938526.578|-0.0133057|0.013092|-0.9976196
1468938526.599|-0.0153809|0.010498|-1.002594
1468938526.62|-0.0144501|0.0099792|-0.999527
1468938526.641|-0.0144196|0.0090179|-0.9992981
1468938526.662|-0.0126953|0.0094604|-1.0007172
1468938526.683|-0.0110626|0.0116119|-0.9992676
1468938526.704|-0.0163422|0.0078583|-0.9976501
1468938526.726|-0.0173035|0.0095825|-1.0035553
1468938526.747|-0.0154266|0.0104828|-0.9980927
1468938526.767|-0.0153961|0.011734|-1.0047302
1468938526.789|-0.016861|0.009552|-0.9992981
1468938526.81|-0.0139618|0.0112|-1.000946
1468938526.831|-0.0190735|0.0108032|-1.0000153
1468938526.852|-0.0156097|0.0085754|-0.9985962
1468938526.873|-0.0139771|0.0111847|-0.9997711
1468938526.894|-0.0134735|0.009964|-1.0
1468938526.915|-0.0147095|0.0124207|-1.0016327
1468938526.936|-0.0132446|0.0109253|-0.9990387
1468938526.957|-0.0153656|0.0088196|-1.0011902
1468938526.978|-0.0168152|0.0086212|-1.0009613
1468938526.999|-0.0142212|0.0116882|-1.0018921
1468938527.019|-0.015152|0.0093079|-1.0016632
1468938527.041|-0.0176849|0.014389|-1.0006714
1468938527.062|-0.0130463|0.0126038|-0.9988098
1468938527.083|-0.0154114|0.0100098|-0.999527
1468938527.104|-0.0136414|0.0083008|-1.0019073
1468938527.125|-0.0154114|0.0109711|-1.000473
1468938527.146|-0.014267|0.0128784|-0.9988098
1468938527.167|-0.0144348|0.0102386|-1.0011749
1468938527.188|-0.0144653|0.0124054|-1.0028229
1468938527.209|-0.0157318|0.0131378|-0.9978638
1468938527.23|-0.0144196|0.0100098|-1.0044861
1468938527.251|-0.0129852|0.0104218|-1.0002289
1468938527.272|-0.0146484|0.008316|-0.9981079
1468938527.293|-0.0147095|0.0112|-0.9992828
1468938527.314|-0.0159454|0.0124359|-0.9997559
1468938527.335|-0.0139923|0.012146|-1.0002136
1468938527.356|-0.0163574|0.0097961|-1.0014343
1468938527.377|-0.0131073|0.01474|-0.9971313
1468938527.398|-0.0168457|0.0088348|-0.999054
1468938527.419|-0.0168457|0.0088348|-1.0000153
1468938527.44|-0.0171356|0.0124664|-1.0035248
1468938527.461|-0.0149231|0.0102386|-0.9990387
1468938527.482|-0.016449|0.0131531|-0.9983215
1468938527.503|-0.0170593|0.0081329|-1.0014343
1468938527.524|-0.0135193|0.0111542|-0.9964447
1468938527.545|-0.0149841|0.0128937|-0.9985657
1468938527.566|-0.0166016|0.0088348|-0.9997864
1468938527.587|-0.0132904|0.012619|-0.9983215
1468938527.608|-0.0159149|0.0114899|-1.0011749
1468938527.629|-0.0146637|0.0109711|-1.0032959
1468938527.65|-0.0151978|0.0102386|-0.9966888
1468938527.672|-0.0134735|0.0114288|-1.0037842
1468938527.693|-0.0146942|0.0107117|-0.999527
1468938527.714|-0.0149231|0.0102386|-0.9990387
1468938527.735|-0.0142059|0.0112|-1.003067
1468938527.756|-0.0164185|0.0114746|-0.9997711
1468938527.777|-0.0166931|0.0124359|-0.9971466
1468938527.798|-0.015625|0.0088043|-0.9985962
1468938527.819|-0.013504|0.0114136|-1.0002289
1468938527.84|-0.0136719|0.0097198|-1.0007172
1468938527.861|-0.0131989|0.0092621|-1.0023804
1468938527.882|-0.0156708|0.0114746|-1.0011749
1468938527.903|-0.0170746|0.0095673|-1.0035553
1468938527.924|-0.0151367|0.0093079|-1.0026093
1468938527.945|-0.0163422|0.0081024|-1.0002441
1468938527.966|-0.0161743|0.012207|-1.0014038
1468938527.987|-0.0139618|0.0102081|-0.9973907
1468938528.008|-0.0163879|0.010498|-1.0002289
1468938528.029|-0.0162048|0.0126801|-0.9988098
1468938528.05|-0.0159149|0.0112305|-1.000473
1468938528.071|-0.0148621|0.0090485|-1.0037994
1468938528.093|-0.0186005|0.0122528|-1.0004578
1468938528.113|-0.0127258|0.0116577|-1.0028381
1468938528.134|-0.0159454|0.0131531|-1.0004578
1468938528.155|-0.0153656|0.0090637|-1.0016632
1468938528.177|-0.0173187|0.0090942|-0.9988403
1468938528.198|-0.0149384|0.0112|-1.0007019
1468938528.219|-0.0127106|0.0089874|-0.9978943
1468938528.24|-0.0132141|0.0097198|-0.9985962
1468938528.261|-0.0158997|0.0102692|-0.9997711
1468938528.282|-0.0170898|0.0083466|-0.99646
1468938528.303|-0.0144958|0.0119171|-1.0
1468938528.324|-0.0141907|0.009491|-0.9992981
1468938528.345|-0.0149231|0.0104675|-1.0002289
1468938528.366|-0.0148621|0.0075989|-1.0000153
1468938528.387|-0.0132141|0.0106964|-1.0032959
1468938528.408|-0.015686|0.0121918|-1.0023499
1468938528.429|-0.0158386|0.008606|-1.0011902
1468938528.45|-0.01297|0.0104218|-1.0007019
1468938528.471|-0.0130005|0.0114136|-1.000946
1468938528.492|-0.0131989|0.0104523|-1.003067
1468938528.513|-0.0148926|0.0090332|-1.0000153
1468938528.534|-0.0119476|0.0075378|-0.9992828
1468938528.555|-0.0132141|0.0092468|-0.9992981
1468938528.575|-0.0141907|0.0092621|-0.9985962
1468938528.596|-0.0163422|0.0090637|-1.0007172
1468938528.618|-0.0164337|0.0121918|-0.9985657
1468938528.638|-0.0149384|0.0112|-1.0007019
1468938528.66|-0.015152|0.0092926|-1.0007172
1468938528.681|-0.0149536|0.0126801|-1.0040131
1468938528.702|-0.0180511|0.0091095|-0.9997864
1468938528.723|-0.0153961|0.0095215|-0.9985962
1468938528.744|-0.01297|0.0106812|-1.00354
1468938528.765|-0.015976|0.0136414|-0.9992676
1468938528.786|-0.0120697|0.0118561|-0.9971466
1468938528.807|-0.0146637|0.0095062|-0.9988403
1468938528.828|-0.0138855|0.008316|-1.0016632
1468938528.849|-0.0141907|0.0092621|-0.9995422
1468938528.87|-0.0156097|0.0088196|-1.0021362
1468938528.891|-0.01297|0.009964|-1.0016479
1468938528.912|-0.0144806|0.0109253|-0.9973907
1468938528.933|-0.0142059|0.0109406|-1.000473
1468938528.954|-0.0173187|0.0095825|-1.0011902
1468938528.975|-0.0183716|0.0122375|-0.9997559
1468938528.996|-0.0173645|0.011261|-1.000473
1468938529.017|-0.0140076|0.0128784|-0.9995117
1468938529.038|-0.0171356|0.011261|-1.000946
1468938529.059|-0.0148926|0.0097504|-1.0004883
1468938529.08|-0.0161438|0.0110016|-1.0018921
1468938529.101|-0.014679|0.0114594|-1.002594
1468938529.123|-0.0178528|0.010788|-1.000946
1468938529.144|-0.0161896|0.0119629|-0.9992828
1468938529.165|-0.0166321|0.0107727|-1.0016479
1468938529.186|-0.0137329|0.01091|-0.9973907
1468938529.207|-0.0154266|0.0107269|-0.999527
1468938529.228|-0.0161438|0.0107574|-1.002121
1468938529.249|-0.0139465|0.0107117|-1.0011749
1468938529.27|-0.0139923|0.0119171|-0.9988251
1468938529.291|-0.0158539|0.0088348|-1.0011902
1468938529.312|-0.0144501|0.0099792|-0.9997711
1468938529.333|-0.0132599|0.0126343|-1.0028229
1468938529.354|-0.0132141|0.0097198|-0.9985962
1468938529.375|-0.015686|0.0121765|-1.0004578
1468938529.396|-0.0137024|0.0102081|-1.0002289
1468938529.417|-0.0175934|0.0103149|-1.0014191
1468938529.438|-0.0171356|0.0110016|-0.9988251
1468938529.459|-0.0155792|0.0076294|-1.0016632
1468938529.48|-0.0147247|0.0124054|-1.0002136
1468938529.501|-0.0146484|0.0100098|-1.00354
1468938529.522|-0.0136566|0.0085297|-0.9997864
1468938529.543|-0.013031|0.0113831|-0.9966888
1468938529.564|-0.0144501|0.0107117|-1.000946
1468938529.585|-0.0154724|0.0129089|-0.9990234
1468938529.607|-0.0159149|0.0109863|-0.9997711
1468938529.627|-0.0151825|0.0107422|-1.0016479
1468938529.649|-0.0144501|0.0104523|-0.9983368
1468938529.67|-0.017334|0.0100555|-1.0007019
1468938529.691|-0.0137024|0.010437|-0.9983368
1468938529.712|-0.0130157|0.0113983|-0.999527
1468938529.733|-0.0176086|0.0117645|-1.002594
1468938529.754|-0.0146637|0.0092773|-0.9985962
1468938529.775|-0.0132446|0.0101929|-0.9973907
1468938529.796|-0.0146484|0.0095215|-1.0011902
1468938529.817|-0.0149078|0.0097504|-1.0000153
1468938529.838|-0.0166016|0.0093384|-1.0019073
1468938529.859|-0.0162048|0.0131531|-1.0002136
1468938529.88|-0.0183563|0.0115204|-1.0002289
1468938529.901|-0.0126953|0.0092316|-1.0007172
1468938529.922|-0.0139313|0.0099945|-1.0023651
1468938529.943|-0.0161438|0.010498|-0.9992828
1468938529.964|-0.0155945|0.0083466|-1.0023804
1468938529.985|-0.0114746|0.0077362|-0.9971619
1468938530.006|-0.0147247|0.0121613|-0.9988098
1468938530.027|-0.014267|0.0133514|-1.0006866
1468938530.048|-0.0161133|0.0088196|-0.9988403
1468938530.069|-0.0158997|0.011261|-1.0042419
1468938530.091|-0.0154419|0.0121918|-1.0014038
1468938530.112|-0.0163574|0.0090637|-0.9988403
1468938530.133|-0.0153351|0.0085907|-1.0035553
1468938530.154|-0.0149078|0.0102539|-1.0014191
1468938530.175|-0.015686|0.0112152|-0.9988251
1468938530.196|-0.0171509|0.0112457|-0.9985809
1468938530.217|-0.0159149|0.0112305|-1.0007019
1468938530.238|-0.0148773|0.0095215|-1.0028534
1468938530.259|-0.0013885|0.0184784|-0.8788605
1468938530.286|-0.1205597|-0.0149994|-0.6250305
1468938530.301|-0.0331421|0.0241852|-1.0148468
1468938530.322|-0.0196381|-0.0141602|-0.9056244
1468938530.343|-0.011673|0.0232086|-1.0575867
1468938530.364|-0.0119781|0.0194855|-1.034668
1468938530.385|-0.0179443|-1.53e-05|-0.9527893
1468938530.406|-0.015625|0.0181122|-1.0304413
1468938530.427|-0.0140228|0.0106659|-0.9914856
1468938530.452|-0.0520325|0.0481415|-1.1022034
1468938530.469|-0.014679|-0.010788|-0.9282837
1468938530.49|-0.0181427|0.0149078|-1.0065918
1468938530.512|-0.0171814|0.0170135|-1.0453339
1468938530.532|-0.0162659|0.0006714|-0.9508972
1468938530.553|-0.0153809|0.0158997|-1.0240784
1468938530.574|-0.0153656|0.0071106|-0.9950714
1468938530.596|0.028717|0.0562744|-1.3092651
1468938530.617|0.0018768|-0.0383606|-0.8764038
1468938530.638|-0.0089874|0.0101166|-1.0482025
1468938530.659|-0.0242462|0.01651|-1.0080261
1468938530.68|-0.0161438|0.0188293|-1.0278473
1468938530.701|-0.0152893|0.0021362|-0.9570465
1468938530.722|-0.0151215|0.0142059|-1.0205536
1468938530.743|-0.0173187|0.0174561|-0.892868
1468938530.763|-0.0556488|-0.0076141|-0.8529358
1468938530.784|-0.0156097|-0.0034027|-0.9598999
1468938530.805|-0.0174103|0.0041504|-0.9709778
1468938530.826|-0.0109253|0.0251617|-1.0639648
1468938530.847|-0.0137177|0.0077515|-0.9889069
1468938530.868|-0.0153046|0.0110474|-1.0160675
1468938530.889|-0.0617065|0.0406036|-0.9486084
1468938530.911|-0.0218658|-0.0196838|-0.8489227
1468938530.932|-0.009964|0.0088959|-1.0420837
1468938530.952|-0.0112305|-0.015213|-0.9226074
1468938530.974|-0.0050507|0.0213013|-1.0930328
1468938530.995|-0.009964|0.0251312|-1.0634766
1468938531.016|-0.0190887|0.0027466|-0.9710083
1468938531.037|-0.0143738|0.0171204|-1.0330353
1468938531.058|-0.0144043|0.0031738|-0.9825439
1468938531.078|-0.0134277|0.0112152|-1.0099335
1468938531.099|-0.0127258|0.0106812|-1.0023651
1468938531.121|-0.013031|0.0096588|-0.9903107
1468938531.142|-0.0168457|0.009079|-0.9983521
1468938531.163|-0.0161743|0.0114746|-0.9988251
1468938531.184|-0.0154266|0.0117188|-1.000946
1468938531.205|-0.0141602|0.0070801|-0.9953003
1468938531.226|-0.0142365|0.0114288|-0.9992828
1468938531.247|-0.0163879|0.0102692|-0.9990387
1468938531.268|-0.0163574|0.0105133|-1.0032959
1468938531.289|-0.0141754|0.0082855|-0.9967041
1468938531.31|-0.0156555|0.0107422|-1.002121
1468938531.332|-0.0136566|0.0092621|-1.0026093
1468938531.353|-0.0142517|0.0111694|-0.996933
1468938531.374|-0.0156555|0.0109863|-1.0011749
1468938531.395|-0.0149231|0.0099945|-0.9985809
1468938531.416|-0.0154419|0.0117035|-0.999527
1468938531.437|-0.014679|0.0102386|-0.9997711
1468938531.458|-0.0137787|0.0138397|-1.0018768
1468938531.479|-0.0132141|0.0092468|-0.999054
1468938531.5|-0.0135803|0.0058746|-1.0007324
1468938531.521|-0.013504|0.01091|-0.9966888
1468938531.542|-0.0158386|0.008606|-1.0023804
1468938531.563|-0.0146942|0.0121765|-1.0025787
1468938531.584|-0.0180359|0.0086365|-0.9992981
1468938531.605|-0.0137329|0.0111694|-0.9992828
1468938531.626|-0.0156555|0.0109863|-1.000946
1468938531.647|-0.0188293|0.0103302|-0.9985809
1468938531.668|-0.0146637|0.0102539|-1.0023651
1468938531.689|-0.0195312|0.0103607|-1.0011902
1468938531.71|-0.0125122|0.0106659|-1.0002289
1468938531.731|-0.015152|0.0102692|-1.00354
1468938531.752|-0.0164185|0.0107269|-0.9966888
1468938531.773|-0.0144196|0.0083008|-0.9981079
1468938531.794|-0.0136108|0.0061188|-1.0000305
1468938531.815|-0.0173798|0.0115051|-1.0
1468938531.837|-0.0141754|0.0097351|-1.0004883
1468938531.858|-0.0154266|0.0117188|-1.000946
1468938531.879|-0.0175934|0.0093384|-1.0002441
1468938531.9|-0.0146942|0.0107117|-0.9990387
1468938531.921|-0.0127563|0.0113983|-1.0002289
1468938531.942|-0.0161285|0.0107574|-1.003067
1468938531.963|-0.0148926|0.0097504|-1.0007172
1468938531.983|-0.0158844|0.0097809|-0.9995422
1468938532.004|-0.0124969|0.0101929|-0.9988251
1468938532.025|-0.0144043|0.0095062|-1.0030823
1468938532.046|-0.0164337|0.0114746|-0.997879
1468938532.067|-0.0173035|0.0088654|-1.0019073
1468938532.088|-0.0146637|0.0092773|-0.9992981
1468938532.109|-0.0138855|0.008316|-1.0011902
1468938532.13|-0.0168762|0.0100403|-0.9985809
1468938532.151|-0.0163727|0.0105133|-1.0016479
1468938532.172|-0.0149536|0.0131378|-1.0035248
1468938532.193|-0.0144806|0.0124054|-1.0009308
1468938532.214|-0.0131836|0.0087738|-1.0014343
1468938532.235|-0.0168915|0.0110016|-0.999527
1468938532.256|-0.0166626|0.0114899|-0.9997711
1468938532.277|-0.0161896|0.0129395|-1.0009308
1468938532.299|-0.0165863|0.0078735|-0.9978943
1468938532.32|-0.0135193|0.0111542|-0.9964447
1468938532.341|-0.013916|0.0104675|-1.003067
1468938532.362|-0.013916|0.0097351|-1.0007172
1468938532.383|-0.0135498|0.012619|-0.9980774
1468938532.404|-0.0143738|0.0085602|-1.0026093
1468938532.425|-0.0132141|0.0104523|-1.0016479
1468938532.446|-0.0154419|0.0117035|-0.9992828
1468938532.467|-0.0159302|0.0131683|-1.0035248
1468938532.488|-0.0146484|0.0090332|-0.999054
1468938532.509|-0.0166321|0.0097809|-0.9967041
1468938532.53|-0.0132599|0.01091|-0.9971619
1468938532.551|-0.0169067|0.0110016|-0.9980927
1468938532.572|-0.0134735|0.010437|-1.0
1468938532.593|-0.0163269|0.0078583|-0.9985962
1468938532.614|-0.0149231|0.0107269|-1.0023651
1468938532.635|-0.0139465|0.0099792|-0.9988251
1468938532.656|-0.0136871|0.0102234|-1.0014191
1468938532.677|-0.0161133|0.0097961|-1.0014343
1468938532.698|-0.017334|0.010788|-1.0028381
1468938532.72|-0.0142517|0.0119171|-0.9985809
1468938532.739|-0.0164185|0.0112305|-0.9985809
1468938532.76|-0.0161285|0.0095367|-0.9992981
1468938532.784|-0.022995|0.0029449|-0.9002991
1468938532.804|-0.0509338|0.0124664|-0.899826
1468938532.824|-0.0177307|0.0175476|-1.0046844
1468938532.845|-0.0096893|0.0192871|-1.0490875