1468950233.205|-0.2597656|-0.7740784|-0.3908386
1468950233.226|-0.254715|-0.7835693|-0.4890289
1468950233.247|-0.2253418|-0.7776031|-0.6063995
1468950233.268|-0.1786041|-0.7607574|-0.6695251
1468950233.29|-0.1821289|-0.7556305|-0.6678467
1468950233.31|-0.188736|-0.7673187|-0.6596527
1468950233.331|-0.1955872|-0.7462006|-0.6217041
1468950233.352|-0.204422|-0.7389832|-0.6323242
1468950233.373|-0.1847382|-0.7392426|-0.6646729
1468950233.394|-0.1737061|-0.7221832|-0.6638184
1468950233.415|-0.1832275|-0.7118225|-0.6238098
1468950233.435|-0.175705|-0.6851349|-0.610611
1468950233.458|-0.1719208|-0.6852112|-0.6597748
1468950233.478|-0.1628723|-0.6780396|-0.6908875
1468950233.499|-0.1758423|-0.6672058|-0.6816406
1468950233.521|-0.1874847|-0.6772614|-0.6881256
1468950233.542|-0.1760559|-0.6571503|-0.718689
1468950233.562|-0.1544037|-0.6609497|-0.777771
1468950233.584|-0.1409149|-0.6609955|-0.8283386
1468950233.605|-0.150116|-0.6651611|-0.822937
1468950233.626|-0.1553497|-0.6510468|-0.7814789
1468950233.647|-0.1470184|-0.655838|-0.775116
1468950233.668|-0.1282349|-0.6574249|-0.7779083
1468950233.689|-0.1334381|-0.6630707|-0.7805634
1468950233.71|-0.1330261|-0.6552429|-0.7608795
1468950233.731|-0.1190796|-0.6643066|-0.7429504
1468950233.752|-0.1217041|-0.6772308|-0.743515
1468950233.773|-0.1267242|-0.686615|-0.7218475
1468950233.794|-0.1312103|-0.6851349|-0.7111969
1468950233.815|-0.1272736|-0.7051239|-0.7231598
1468950233.836|-0.1121979|-0.7266235|-0.7223053
1468950233.857|-0.122467|-0.7283325|-0.6686859
1468950233.878|-0.1409149|-0.7243347|-0.6192932
1468950233.899|-0.1382751|-0.7222137|-0.6232758
1468950233.92|-0.1325531|-0.7367706|-0.6252747
1468950233.941|-0.133606|-0.7372589|-0.6153412
1468950233.963|-0.1414337|-0.7460632|-0.647583
1468950233.984|-0.1306763|-0.7560577|-0.6232452
1468950234.004|-0.1269073|-0.7556|-0.538147
1468950234.025|-0.119339|-0.7687073|-0.4994354
1468950234.046|-0.1238708|-0.7792206|-0.5449219
1468950234.067|-0.1255646|-0.7821655|-0.5697784
1468950234.088|-0.1353302|-0.7765961|-0.5818176
1468950234.109|-0.128479|-0.7714539|-0.6774902
1468950234.13|-0.1283112|-0.7618561|-0.6275635
1468950234.151|-0.1418915|-0.7477875|-0.5430908
1468950234.172|-0.1065369|-0.7467957|-0.5609741
1468950234.193|-0.0948334|-0.7834015|-0.6512756
1468950234.214|-0.0964355|-0.7814178|-0.7039795
1468950234.235|-0.1197052|-0.7559204|-0.6979523
1468950234.257|-0.1504517|-0.7601624|-0.5297241
1468950234.277|-0.1192169|-0.7585449|-0.6530457
1468950234.298|-0.0968323|-0.7781677|-0.7263947
1468950234.319|-0.1199799|-0.7773438|-0.6907654
1468950234.341|-0.1309052|-0.7725983|-0.5359192
1468950234.362|-0.1147766|-0.7787933|-0.4243317
1468950234.382|-0.0789795|-0.779892|-0.7034454
1468950234.404|-0.0713806|-0.8146667|-0.8041229
1468950234.425|-0.1058807|-0.7631073|-0.6705322
1468950234.447|-0.1390076|-0.7603455|-0.4968414
1468950234.467|-0.1548309|-0.7582092|-0.4668427
1468950234.488|-0.1221466|-0.7727509|-0.6399231
1468950234.509|-0.1083374|-0.7613983|-0.808136
1468950234.53|-0.1063995|-0.7938995|-0.6662598
1468950234.551|-0.1057739|-0.7870483|-0.5009613
1468950234.572|-0.0918579|-0.8052368|-0.483551
1468950234.593|-0.0813141|-0.8262787|-0.7009277
1468950234.615|-0.1016388|-0.7876129|-0.7404327
1468950234.635|-0.1394501|-0.7752991|-0.6272125
1468950234.656|-0.1257019|-0.7772217|-0.4985809
1468950234.677|-0.1340027|-0.8009949|-0.5186157
1468950234.698|-0.1489716|-0.7656403|-0.5472565
1468950234.719|-0.1411133|-0.7719879|-0.4678497
1468950234.74|-0.1131897|-0.7816467|-0.5337982
1468950234.762|-0.0955505|-0.8122559|-0.6949615
1468950234.782|-0.0842896|-0.8330536|-0.7721558
1468950234.803|-0.1264343|-0.7635193|-0.5441284
1468950234.825|-0.1246643|-0.7894287|-0.467926
1468950234.845|-0.105835|-0.8112183|-0.6176758
1468950234.866|-0.105072|-0.8029785|-0.6864166
1468950234.887|-0.140152|-0.7777405|-0.6196594
1468950234.908|-0.1363525|-0.7837982|-0.4835205
1468950234.93|-0.0950775|-0.7862244|-0.4711456
1468950234.95|-0.1025848|-0.8245544|-0.6553497
1468950234.971|-0.1172943|-0.8008423|-0.7176361
1468950234.995|-0.1166229|-0.77005|-0.6722717
1468950235.013|-0.1020355|-0.8063507|-0.5519104
1468950235.034|-0.1116333|-0.8037567|-0.5474091
1468950235.055|-0.0933838|-0.8271027|-0.5742645
1468950235.076|-0.1170959|-0.8003235|-0.6772003
1468950235.097|-0.1407471|-0.7895966|-0.6003571
1468950235.118|-0.1286926|-0.8088989|-0.4545898
1468950235.139|-0.1084137|-0.8353729|-0.5876007
1468950235.16|-0.1156616|-0.809494|-0.6784515
1468950235.181|-0.1134033|-0.8120575|-0.6101379
1468950235.202|-0.1340027|-0.7939911|-0.4738922
1468950235.223|-0.1285553|-0.8120422|-0.4964447
1468950235.244|-0.1352844|-0.8062134|-0.5252838
1468950235.266|-0.1184845|-0.811142|-0.4808197
1468950235.286|-0.2131042|-0.7823029|-0.394104
1468950235.307|-0.1147614|-0.7925415|-0.6554108
1468950235.328|-0.1062622|-0.8309784|-0.8022156
1468950235.349|-0.1372223|-0.790863|-0.5093231
1468950235.369|-0.1448212|-0.8178711|-0.4131012
1468950235.391|-0.1296692|-0.8054199|-0.5649719
1468950235.412|-0.1153564|-0.812149|-0.6796265
1468950235.433|-0.1348114|-0.8104401|-0.6477661
1468950235.454|-0.1333313|-0.8154449|-0.5678864
1468950235.475|-0.1343384|-0.8067474|-0.5214996
1468950235.496|-0.1414337|-0.7921143|-0.5306244
1468950235.517|-0.1639709|-0.7667389|-0.5536652
1468950235.538|-0.1726379|-0.7714386|-0.5854187
1468950235.559|-0.1894989|-0.7579498|-0.6527557
1468950235.58|-0.2151947|-0.7398224|-0.6545715
1468950235.6|-0.2193298|-0.7237091|-0.6381683
1468950235.621|-0.1999207|-0.725647|-0.6239624
1468950235.641|-0.19104|-0.7628021|-0.5908508
1468950235.663|-0.2037201|-0.7593231|-0.5596466
1468950235.684|-0.194519|-0.7523804|-0.5437317
1468950235.705|-0.1782379|-0.7353058|-0.5674591
1468950235.726|-0.1965179|-0.7083893|-0.5777283
1468950235.746|-0.2008362|-0.6917114|-0.5752411
1468950235.768|-0.151886|-0.6938019|-0.614151
1468950235.788|-0.0853729|-0.7150726|-0.8406067
1468950235.809|-0.0839081|-0.7441101|-0.5739136
1468950235.83|-0.0677185|-0.7563782|-0.4491119
1468950235.85|0.0106506|-0.783844|-0.4072571
1468950235.872|0.0810852|-0.8248444|-0.5042877
1468950235.892|0.026474|-0.7842865|-0.5823975
1468950235.914|0.0359802|-0.7529297|-0.6885529
1468950235.935|-0.0179443|-0.7145386|-0.7182159
1468950235.957|-0.0082855|-0.7043762|-0.7741547
1468950235.976|0.0374146|-0.683075|-0.8128967
1468950235.997|0.0551147|-0.6711426|-0.778717
1468950236.019|-0.0275269|-0.6358643|-0.8247833
1468950236.04|-0.069046|-0.5691681|-0.8483124
1468950236.061|0.0090332|-0.5841064|-0.8035431
1468950236.081|0.0281525|-0.6000671|-0.776413
1468950236.102|0.0997162|-0.5893402|-0.7898712
1468950236.124|0.168335|-0.5619507|-0.7530975
1468950236.145|0.1536407|-0.5457306|-0.7551575
1468950236.166|0.1434326|-0.5413971|-0.8057404
1468950236.186|0.1424408|-0.571579|-0.8742828
1468950236.206|0.1407623|-0.6023712|-0.9135132
1468950236.227|0.2173615|-0.570694|-0.8504486
1468950236.249|0.2723694|-0.5282593|-0.8325195
1468950236.27|0.3031616|-0.4988708|-0.8802338
1468950236.291|0.2659454|-0.4941406|-0.8916473
1468950236.311|0.2689667|-0.5122833|-0.8829956
1468950236.332|0.2715149|-0.4686432|-0.8701782
1468950236.353|0.3023682|-0.428772|-0.8970184
1468950236.374|0.2758179|-0.4102936|-0.9172821
1468950236.394|0.273819|-0.4242249|-0.8646545
1468950236.415|0.2723389|-0.4354553|-0.8221893
1468950236.436|0.3002319|-0.4494629|-0.8380585
1468950236.457|0.2884064|-0.4691162|-0.8524017
1468950236.477|0.2420044|-0.5017395|-0.8515778
1468950236.498|0.2254639|-0.5245056|-0.8434753
1468950236.519|0.2319794|-0.5205231|-0.8505249
1468950236.54|0.2275848|-0.5039368|-0.8310394
1468950236.561|0.2329559|-0.5032501|-0.8019409
1468950236.581|0.2190704|-0.5043488|-0.760849
1468950236.602|0.1986542|-0.5137482|-0.7649689
1468950236.622|0.1764679|-0.5288849|-0.8091125
1468950236.644|0.1891632|-0.5301514|-0.8495178
1468950236.665|0.1984711|-0.5160217|-0.8347473
1468950236.686|0.2159424|-0.5117035|-0.809845
1468950236.707|0.2234955|-0.5091705|-0.8220978
1468950236.727|0.2252502|-0.5074615|-0.8353119
1468950236.748|0.2248993|-0.4982452|-0.8484955
1468950236.769|0.2342834|-0.4985962|-0.8707275
1468950236.79|0.2177277|-0.5049133|-0.8804932
1468950236.811|0.1990204|-0.5310669|-0.8622589
1468950236.832|0.193634|-0.5346222|-0.8450623
1468950236.853|0.1759338|-0.5270233|-0.8436279
1468950236.874|0.1591339|-0.5434418|-0.8527679
1468950236.895|0.1334534|-0.5472107|-0.8533325
1468950236.916|0.1403809|-0.5462189|-0.8374786
1468950236.936|0.1528778|-0.5391998|-0.8078308
1468950236.957|0.1632233|-0.539978|-0.7910461
1468950236.978|0.1611023|-0.5458221|-0.8137665
1468950236.999|0.1720734|-0.5404205|-0.8356934
1468950237.02|0.180191|-0.5325928|-0.8086548
1468950237.041|0.1810455|-0.5364227|-0.8143616
1468950237.061|0.1768188|-0.546051|-0.8392487
1468950237.083|0.1522369|-0.5447998|-0.8357697
1468950237.104|0.1397705|-0.5457916|-0.8230438
1468950237.125|0.1471405|-0.5323029|-0.8096771
1468950237.146|0.1598969|-0.5207062|-0.830368
1468950237.166|0.1421661|-0.532608|-0.8255463
1468950237.187|0.1269989|-0.5446167|-0.8100739
1468950237.208|0.1316986|-0.5493164|-0.8058319
1468950237.229|0.1336212|-0.545929|-0.815506
1468950237.25|0.152771|-0.5590363|-0.8302002
1468950237.271|0.1635132|-0.5695801|-0.835434
1468950237.292|0.1622162|-0.5767822|-0.8338318
1468950237.313|0.1542511|-0.5683441|-0.8035278
1468950237.334|0.1620636|-0.5704498|-0.8021088
1468950237.355|0.1590576|-0.571991|-0.818222
1468950237.376|0.1567078|-0.5678864|-0.8075409
1468950237.397|0.1545563|-0.5525208|-0.7953796
1468950237.418|0.1481476|-0.5581055|-0.8011169
1468950237.439|0.1034851|-0.5849152|-0.8240967
1468950237.459|0.1152191|-0.5964661|-0.8286591
1468950237.481|0.1269684|-0.5778809|-0.7970581
1468950237.501|0.1408691|-0.5578766|-0.7680359
1468950237.522|0.1266479|-0.6117096|-0.8100433
1468950237.544|0.1035614|-0.646759|-0.7663879
1468950237.564|0.1192627|-0.647522|-0.7821808
1468950237.585|0.1716614|-0.6318359|-0.7857208
1468950237.606|0.1847076|-0.6058807|-0.7902527
1468950237.627|0.1729584|-0.6244659|-0.8208923
1468950237.648|0.1283722|-0.6124573|-0.8121796
1468950237.669|0.1332855|-0.6026154|-0.7839661
1468950237.689|0.1498718|-0.618927|-0.7712708
1468950237.71|0.1538086|-0.6239166|-0.7966003
1468950237.731|0.156723|-0.6160889|-0.7891998
1468950237.752|0.0830841|-0.6095276|-0.812027
1468950237.773|0.0453644|-0.6056366|-0.7499237
1468950237.793|0.126709|-0.6371002|-0.7369385
1468950237.814|0.1359863|-0.6023254|-0.7556
1468950237.834|0.0705566|-0.6075745|-0.7655029
1468950237.855|0.001297|-0.6573792|-0.7390594
1468950237.876|0.0177002|-0.7062988|-0.6982117
1468950237.896|-0.0272522|-0.7319641|-0.7509766
1468950237.918|0.0530548|-0.6434479|-0.8201447
1468950237.939|0.0308228|-0.6330414|-0.734314
1468950237.959|0.0476227|-0.6350708|-0.6962128
1468950237.98|0.0784607|-0.658493|-0.7178192
1468950238.001|0.1059113|-0.6458282|-0.7230835
1468950238.022|0.0515594|-0.6514587|-0.7532959
1468950238.044|0.0587769|-0.6500244|-0.781662
1468950238.065|0.0610809|-0.644165|-0.7151642
1468950238.086|0.0564117|-0.657608|-0.6951752
1468950238.107|0.0397186|-0.657074|-0.7786713
1468950238.128|0.0643463|-0.6573181|-0.7890167
1468950238.148|0.0601959|-0.7143402|-0.7695618
1468950238.17|0.051651|-0.7558899|-0.6956329
1468950238.189|0.0245056|-0.7651672|-0.642807
1468950238.21|0.0333099|-0.7299805|-0.6976318
1468950238.231|0.0424042|-0.7287292|-0.7512512
1468950238.251|0.0597076|-0.7272949|-0.7256622
1468950238.272|0.0512085|-0.7469177|-0.6624756
1468950238.293|0.0200043|-0.7492218|-0.6396332
1468950238.313|0.0047607|-0.7470551|-0.6216888
1468950238.335|-0.0271606|-0.7664948|-0.5824127
1468950238.356|-0.0323334|-0.7844086|-0.5827942
1468950238.377|-0.0756836|-0.763504|-0.6761475
1468950238.398|-0.0572052|-0.7634125|-0.7767944
1468950238.418|-0.0269623|-0.8059692|-0.7198029
1468950238.439|-0.0172729|-0.7966461|-0.6057739
1468950238.46|-0.0309753|-0.7841339|-0.4981537
1468950238.481|-0.0287323|-0.7751312|-0.434494
1468950238.502|-0.0176392|-0.7786255|-0.412262
1468950238.523|-0.005661|-0.765152|-0.4646301
1468950238.544|0.0122223|-0.7664795|-0.6166077
1468950238.565|0.025116|-0.758606|-0.6120148
1468950238.586|0.0207214|-0.7640991|-0.5541382
1468950238.607|0.014801|-0.7337646|-0.4364624
1468950238.628|0.0818024|-0.7674255|-0.5911255
1468950238.649|0.0609131|-0.7405701|-0.8186798
1468950238.67|0.0735779|-0.7805023|-0.8264771
1468950238.691|0.0542603|-0.7337494|-0.5190887
1468950238.711|0.0271301|-0.7712555|-0.5444794
1468950238.732|0.0852051|-0.7418671|-0.8105774
1468950238.753|0.0719299|-0.7793121|-0.9077911
1468950238.774|0.0671844|-0.7203979|-0.7440338
1468950238.796|0.0174103|-0.7334442|-0.4629364
1468950238.816|0.0734711|-0.7405548|-0.394043
1468950238.836|0.068512|-0.7762909|-0.7770538
1468950238.857|0.0527649|-0.769043|-0.809433
1468950238.878|0.0452728|-0.7388763|-0.6061554
1468950238.898|0.067627|-0.7616119|-0.3939514
1468950238.919|0.0397339|-0.7582703|-0.5481567
1468950238.941|0.076416|-0.7515106|-0.911377
1468950238.962|0.0925751|-0.7567902|-0.8423462
1468950238.982|0.0471191|-0.7203674|-0.5157166
1468950239.003|0.0796661|-0.7830658|-0.5796661
1468950239.023|0.0957489|-0.7756195|-0.8840637
1468950239.044|0.0705719|-0.7404175|-0.8434601
1468950239.064|0.0608673|-0.7930908|-0.6053162
1468950239.085|0.0500183|-0.8157501|-0.405014
1468950239.106|0.0813599|-0.8053589|-0.5050964
1468950239.127|0.0810699|-0.7434235|-0.769928
1468950239.148|0.0805206|-0.7494507|-0.8115997
1468950239.169|0.0848846|-0.739151|-0.5337219
1468950239.19|0.0380402|-0.7446747|-0.4237061
1468950239.21|0.1049957|-0.761261|-0.4872437
1468950239.231|0.0761261|-0.7842712|-0.6591034
1468950239.252|0.0910034|-0.7949524|-0.8035889
1468950239.273|0.0585785|-0.7677155|-0.6725311
1468950239.294|0.0909119|-0.7923279|-0.5569916
1468950239.315|0.1075439|-0.7771301|-0.6894836
1468950239.336|0.0870056|-0.7717285|-0.7623291
1468950239.357|0.0673828|-0.7702179|-0.6394348
1468950239.378|0.0562592|-0.7689209|-0.5134277
1468950239.399|0.0614471|-0.7590485|-0.4904175
1468950239.42|0.0900116|-0.7529449|-0.4924469
1468950239.441|0.0507812|-0.7687836|-0.5640259
1468950239.462|0.0604706|-0.759964|-0.8301544
1468950239.482|0.0665283|-0.753891|-0.7795105
1468950239.503|0.0455322|-0.7664795|-0.619812
1468950239.525|0.0700226|-0.7619476|-0.6258698
1468950239.546|0.0802155|-0.7810516|-0.6983337
1468950239.567|0.0783997|-0.7868347|-0.7302704
1468950239.588|0.0668793|-0.7577515|-0.6776428
1468950239.615|0.0880127|-0.760498|-0.5622253
1468950239.63|0.1037445|-0.7135315|-0.5011139
1468950239.651|0.1051025|-0.7807465|-0.5762787
1468950239.672|0.1204987|-0.7761993|-0.7386169
1468950239.695|0.0747375|-0.7805023|-0.6831818
1468950239.714|0.0982971|-0.7687378|-0.5450134
1468950239.735|0.1111908|-0.7979126|-0.587738
1468950239.756|0.1024475|-0.7833557|-0.6722717
1468950239.777|0.0993347|-0.7721863|-0.6790619
1468950239.797|0.0805359|-0.7667694|-0.6190186
1468950239.818|0.0692139|-0.7670288|-0.564209
1468950239.839|0.0666656|-0.7619934|-0.599884
1468950239.86|0.0397797|-0.7497711|-0.6178284
1468950239.881|0.0465546|-0.743515|-0.5991058
1468950239.902|0.0502777|-0.7535706|-0.5769196
1468950239.923|0.061554|-0.7458496|-0.5825348
1468950239.944|0.0595551|-0.7257233|-0.6058044
1468950239.965|0.0456085|-0.7164917|-0.6587219
1468950239.987|0.0240326|-0.7462616|-0.6724701
1468950240.01|0.0312347|-0.7683716|-0.6548615
1468950240.028|0.0320435|-0.7698212|-0.6610107
1468950240.049|0.055191|-0.7528687|-0.6908417
1468950240.069|0.0592194|-0.7461853|-0.6969452
1468950240.09|0.061554|-0.7502747|-0.7059479
1468950240.111|0.0608063|-0.7406921|-0.6985626
1468950240.133|0.0610657|-0.7431183|-0.6933746
1468950240.154|0.0460358|-0.7449493|-0.6927338
1468950240.175|0.0434113|-0.7433777|-0.7076111
1468950240.196|0.037262|-0.7447662|-0.6917877
1468950240.217|0.0349579|-0.7368927|-0.6673889
1468950240.238|0.0322266|-0.739563|-0.6523132
1468950240.259|0.0349274|-0.7369232|-0.6633759
1468950240.28|0.0313721|-0.7402191|-0.6629333
1468950240.301|0.0301819|-0.7325134|-0.6584015
1468950240.322|0.0387726|-0.7397156|-0.6485138
1468950240.342|0.0315704|-0.7412262|-0.6539612
1468950240.364|0.0376282|-0.7393951|-0.6581879
1468950240.385|0.0392456|-0.7351227|-0.6602783
1468950240.406|0.0391541|-0.7430573|-0.6544342
1468950240.427|0.0444031|-0.7393341|-0.6524963
1468950240.448|0.0476379|-0.7391052|-0.6647797
1468950240.468|0.0547485|-0.73703|-0.6810608
1468950240.489|0.0492706|-0.7370758|-0.6961975
1468950240.51|0.0508423|-0.7419281|-0.6945801
1468950240.531|0.0407867|-0.7311707|-0.6850891
1468950240.552|0.0471497|-0.7342072|-0.6803589
1468950240.573|0.0487823|-0.7340698|-0.6689911
1468950240.594|0.0494843|-0.7367859|-0.659317
1468950240.615|0.0483246|-0.7396393|-0.6576691
1468950240.636|0.0461426|-0.7391052|-0.6595917
1468950240.657|0.0413208|-0.7409363|-0.6598358
1468950240.678|0.0388794|-0.7372131|-0.668335
1468950240.699|0.0372314|-0.7415466|-0.6617432
1468950240.72|0.0348816|-0.7443695|-0.6634521
1468950240.741|0.0319061|-0.7500305|-0.6724701
1468950240.762|0.0181274|-0.7585602|-0.6872101
1468950240.783|0.0184174|-0.7535706|-0.6763
1468950240.804|0.0198364|-0.7521515|-0.6767731
1468950240.825|0.0239105|-0.749588|-0.6788483
1468950240.846|0.0210419|-0.7418671|-0.6731567
1468950240.867|0.0208893|-0.7400208|-0.6561127
1468950240.888|0.0265503|-0.7368164|-0.6475677
1468950240.909|0.0299072|-0.7327576|-0.6522675
1468950240.93|0.0335083|-0.7287445|-0.6583862
1468950240.951|0.0329285|-0.7268219|-0.6540985
1468950240.972|0.0324249|-0.7263336|-0.6519775
1468950240.993|0.0271912|-0.7295532|-0.6588593
1468950241.014|0.0296783|-0.7317657|-0.6586304
1468950241.035|0.0489044|-0.7277069|-0.6415405
1468950241.056|0.063736|-0.7285309|-0.6389008
1468950241.077|0.0682831|-0.7391205|-0.6597595
1468950241.099|0.0811005|-0.7446442|-0.6699219
1468950241.119|0.0864563|-0.7479553|-0.6593018
1468950241.141|0.1088867|-0.7520599|-0.6555023
1468950241.162|0.1116638|-0.7542725|-0.6628265
1468950241.183|0.1047668|-0.7505646|-0.6959229
1468950241.203|0.0944366|-0.749527|-0.7162628
1468950241.224|0.0912933|-0.7504272|-0.7148743
1468950241.245|0.0804596|-0.7471008|-0.7063751
1468950241.266|0.0778656|-0.7425079|-0.6973572
1468950241.287|0.0616608|-0.7385712|-0.6898041
1468950241.308|0.0546417|-0.7331848|-0.6779633
1468950241.328|0.0503693|-0.7302856|-0.6665955
1468950241.349|0.0485077|-0.725708|-0.6592407
1468950241.37|0.0516815|-0.7303925|-0.6481628
1468950241.391|0.0406036|-0.7428741|-0.653717
1468950241.413|0.03685|-0.7451019|-0.6669769
1468950241.434|0.0408478|-0.7473602|-0.6728973
1468950241.454|0.0395355|-0.7456665|-0.665329
1468950241.476|0.0511169|-0.7503815|-0.639328
1468950241.496|0.0533752|-0.7442017|-0.6328888
1468950241.518|0.0595398|-0.7408752|-0.6555634
1468950241.539|0.0529022|-0.7344055|-0.6682892
1468950241.56|0.0571747|-0.7311554|-0.6651917
1468950241.581|0.0694885|-0.7297974|-0.6568604
1468950241.602|0.0717163|-0.7327423|-0.6507263
1468950241.622|0.0736084|-0.7337799|-0.6426849
1468950241.643|0.0742645|-0.7375946|-0.654541
1468950241.664|0.0682526|-0.7391357|-0.6562195
1468950241.685|0.0625763|-0.7432861|-0.6650085
1468950241.706|0.0534515|-0.7456818|-0.6747437
1468950241.727|0.0485687|-0.7532501|-0.681427
1468950241.748|0.0487976|-0.7544861|-0.675766
1468950241.769|0.0480194|-0.7557373|-0.6630096
1468950241.79|0.0476685|-0.7629547|-0.6580963
1468950241.811|0.0495605|-0.7605896|-0.6590118
1468950241.832|0.0494232|-0.7584991|-0.6457672
1468950241.853|0.0452728|-0.7613373|-0.6365814
1468950241.874|0.0509644|-0.7606506|-0.6521606
1468950241.895|0.0588074|-0.7534027|-0.6494904
1468950241.916|0.0587769|-0.753418|-0.6457062
1468950242.061|0.0314178|-0.7522278|-0.6641998
1468950242.083|0.0216522|-0.7488708|-0.6698914
1468950242.104|0.0238495|-0.7373352|-0.6750031
1468950242.125|0.0260925|-0.7350922|-0.656311
1468950242.145|0.0214081|-0.7409058|-0.6249084
1468950242.166|0.0173645|-0.7493134|-0.6088867
1468950242.187|0.0149536|-0.7578735|-0.6198425
1468950242.208|0.0203857|-0.7648468|-0.6421051
1468950242.229|0.0278625|-0.7633209|-0.6401825
1468950242.251|0.0316925|-0.7600403|-0.6425171
1468950242.272|0.0324554|-0.7607727|-0.6451111
1468950242.293|0.0338593|-0.7588654|-0.6465149
1468950242.314|0.0324402|-0.7593079|-0.647934
1468950242.334|0.0310364|-0.7606964|-0.6524506
1468950242.355|0.0310822|-0.7539978|-0.6448212
1468950242.376|0.0420685|-0.7554321|-0.6473999
1468950242.397|0.0483398|-0.7529297|-0.6506958
1468950242.418|0.0364075|-0.7550964|-0.6398468
1468950242.439|0.0335693|-0.7579193|-0.6417999
1468950242.46|0.0376587|-0.7620392|-0.6543121
1468950242.48|0.0499725|-0.7668304|-0.6626129
1468950242.502|0.0560455|-0.7659912|-0.6658783
1468950242.522|0.0658569|-0.7717896|-0.6569214
1468950242.543|0.0775757|-0.7754211|-0.6514893
1468950242.566|0.0723419|-0.7734528|-0.642746
1468950242.586|0.0596771|-0.7741699|-0.6349792
1468950242.607|0.0609436|-0.7773438|-0.6319122
1468950242.627|0.0635376|-0.7759857|-0.6248016
1468950242.649|0.0545807|-0.7678528|-0.624054
1468950242.669|0.0428772|-0.7637024|-0.6323395
1468950242.689|0.0355072|-0.7584839|-0.6387024
1468950242.709|0.0223083|-0.7562714|-0.6337585
1468950242.731|0.0135345|-0.7474518|-0.6256866
1468950242.752|0.0102844|-0.744278|-0.6223602
1468950242.773|0.0074463|-0.7480621|-0.6223907
1468950242.794|0.0032959|-0.7536774|-0.6335449
1468950242.815|-0.0001068|-0.7538452|-0.6340332
1468950242.835|0.0074921|-0.7539673|-0.6439362
1468950242.856|0.0049591|-0.7589264|-0.6487122
1468950242.877|0.0085449|-0.7640228|-0.6575012
1468950242.898|0.0085144|-0.7611084|-0.6633759
1468950242.919|0.011795|-0.7638245|-0.6669312
1468950242.94|0.0210724|-0.7705841|-0.6501617
1468950242.961|0.0249939|-0.7587738|-0.6280975
1468950242.981|0.0241394|-0.7539215|-0.62854
1468950243.001|0.0229797|-0.7629852|-0.6382904
1468950243.023|0.0197296|-0.769165|-0.6388245
1468950243.045|0.0194702|-0.7667389|-0.6423492
1468950243.065|0.0259705|-0.7661896|-0.6392517
1468950243.086|0.0389404|-0.7686005|-0.6432495
1468950243.106|0.0424652|-0.7668304|-0.6318817
1468950243.128|0.0406342|-0.7678375|-0.6127625
1468950243.149|0.045105|-0.7710724|-0.6151123
1468950243.17|0.0446472|-0.7661438|-0.6330566
1468950243.191|0.0335236|-0.766098|-0.6423035
1468950243.212|0.0303802|-0.7657623|-0.6453857
1468950243.233|0.0284424|-0.7585754|-0.6347198
1468950243.256|0.0276947|-0.7578125|-0.6340027
1468950243.274|0.0286865|-0.7623138|-0.6564941
1468950243.296|0.0322266|-0.7597656|-0.6526794
1468950243.317|0.0310822|-0.7569122|-0.636795
1468950243.338|0.0390015|-0.7611694|-0.643692
1468950243.359|0.040802|-0.7618561|-0.6557465
1468950243.38|0.0344391|-0.7689362|-0.6558228
1468950243.401|0.0293427|-0.7685394|-0.6638641
1468950243.422|0.0276947|-0.7637634|-0.6501007
1468950243.443|0.0212402|-0.7612915|-0.6356964
1468950243.464|0.0157471|-0.7610168|-0.616806
1468950243.485|0.0123291|-0.7562256|-0.5999756
1468950243.506|0.022171|-0.7578278|-0.6091766
1468950243.528|0.0215912|-0.7697754|-0.624649
1468950243.548|0.0311432|-0.7723694|-0.6274567
1468950243.57|0.0330353|-0.7623444|-0.6198273
1468950243.59|0.0377045|-0.769104|-0.6366577
1468950243.612|0.0324707|-0.7716064|-0.6447296
1468950243.633|0.0307159|-0.7691345|-0.644928
1468950243.653|0.0253754|-0.7685242|-0.6506348
1468950243.673|0.0201874|-0.7662659|-0.6442413
1468950243.695|0.0253601|-0.762085|-0.6375885
1468950243.716|0.0266266|-0.7660065|-0.6302643
1468950243.737|0.0282135|-0.760498|-0.6304779
1468950243.758|0.0186615|-0.7598572|-0.6212616
1468950243.778|0.0175934|-0.7626495|-0.6354675
1468950243.799|0.0221405|-0.7663116|-0.6447296
1468950243.82|0.0211792|-0.7534943|-0.6545563
1468950243.841|0.0259247|-0.7603607|-0.6498566
1468950243.863|0.0289764|-0.7614594|-0.6349487
1468950243.884|0.0306396|-0.7598267|-0.6337738
1468950243.905|0.0261993|-0.7553711|-0.6382446
1468950243.926|0.0338135|-0.7610931|-0.6333008
1468950243.947|0.0407562|-0.7648315|-0.6382751
1468950243.968|0.0437012|-0.7619324|-0.6521759
1468950243.988|0.0425415|-0.7645874|-0.6498413
1468950244.009|0.0482178|-0.7582092|-0.6469421
1468950244.03|0.0444183|-0.7607574|-0.6519318
1468950244.051|0.044342|-0.756897|-0.6535645
1468950244.073|0.0557556|-0.7687073|-0.6491089
1468950244.092|0.0485382|-0.7637787|-0.6420135
1468950244.114|0.0447083|-0.7604828|-0.6606903
1468950244.135|0.0447388|-0.7607117|-0.6620941
1468950244.156|0.0473328|-0.7644806|-0.6420288
1468950244.177|0.0478363|-0.766922|-0.6375732
1468950244.198|0.0460815|-0.7642365|-0.6358795
1468950244.219|0.0472717|-0.7591553|-0.6497955
1468950244.24|0.0471344|-0.7555695|-0.6424408
1468950244.262|0.0457764|-0.7628174|-0.6299591
1468950244.283|0.0472565|-0.7630768|-0.6347046
1468950244.325|0.0460358|-0.7613373|-0.6401215
1468950244.346|0.0456848|-0.7584839|-0.633255
1468950244.367|0.0469513|-0.7587128|-0.6417694
1468950244.471|0.0438995|-0.7639465|-0.6377716
1468950244.492|0.0414734|-0.7641296|-0.6387329
1468950244.513|0.0416107|-0.759552|-0.6396332
1468950244.534|0.0459442|-0.7599335|-0.6315918
1468950244.555|0.0448914|-0.7639465|-0.6401367
1468950244.576|0.0434113|-0.7602692|-0.650528
1468950244.596|0.0452728|-0.7576599|-0.6483612
1468950244.617|0.0486908|-0.7621307|-0.6365662
1468950244.638|0.0474396|-0.7599335|-0.6370239
1468950244.659|0.0468597|-0.7630157|-0.6446381
1468950244.68|0.0469666|-0.7641602|-0.6562042
1468950244.701|0.0512848|-0.7593231|-0.6332397
1468950244.722|0.052475|-0.7583923|-0.6299133
1468950244.742|0.0511322|-0.7612|-0.638916
1468950244.764|0.0530701|-0.760025|-0.6436462
1468950244.785|0.0530396|-0.7677155|-0.6465302
1468950244.806|0.0564728|-0.7658234|-0.6557312
1468950244.827|0.0539093|-0.757782|-0.6632385
1468950244.848|0.0496063|-0.7568054|-0.6459808
1468950244.869|0.0522919|-0.758316|-0.641983
1468950244.89|0.0550079|-0.7598419|-0.6417389
1468950244.911|0.0514221|-0.7590027|-0.6511993
1468950244.932|0.0485535|-0.760376|-0.6538086
1468950244.953|0.0450897|-0.7595825|-0.6493225
1468950244.976|0.0496826|-0.7554779|-0.6251678
1468950244.995|0.0483704|-0.7612305|-0.6252136
1468950245.017|0.0427856|-0.7618103|-0.6249847
1468950245.037|0.0354309|-0.7590179|-0.6261749
1468950245.059|0.0402222|-0.7540283|-0.6327667
1468950245.08|0.0464172|-0.7565308|-0.64151
1468950245.1|0.0549316|-0.7614594|-0.6575928
1468950245.122|0.0547028|-0.7594604|-0.6698608
1468950245.143|0.0516357|-0.7563171|-0.6563873
1468950245.163|0.0493927|-0.758255|-0.641983
1468950245.184|0.0495758|-0.7541504|-0.6499786
1468950245.205|0.0492401|-0.7589417|-0.6521454
1468950245.226|0.0461731|-0.7560272|-0.643158
1468950245.247|0.0501709|-0.7557068|-0.6265869
1468950245.268|0.0477295|-0.7613831|-0.6417847
1468950245.289|0.0491333|-0.7580261|-0.6403198
1468950245.31|0.0528107|-0.757843|-0.645752
1468950245.33|0.0532837|-0.7578735|-0.6447906
1468950245.351|0.0505524|-0.7556305|-0.6464386
1468950245.373|0.052887|-0.7577972|-0.6559143
1468950245.394|0.0500641|-0.7539368|-0.6471558
1468950245.415|0.0505829|-0.7556152|-0.6507111
1468950245.435|0.050705|-0.7577362|-0.6582794
1468950245.456|0.0500488|-0.753952|-0.6443176
1468950245.476|0.0444183|-0.7516327|-0.6471558
1468950245.497|0.0559235|-0.752594|-0.6565857
1468950245.518|0.0518494|-0.7546387|-0.6582642
1468950245.539|0.0490265|-0.7475891|-0.6612854
1468950245.561|0.0418091|-0.7519989|-0.6585083
1468950245.581|0.0443268|-0.7451019|-0.6563263
1468950245.602|0.0440216|-0.7439117|-0.6525269
1468950245.622|0.0328217|-0.7342987|-0.6501312
1468950245.644|0.0470123|-0.7407532|-0.6733093
1468950245.664|0.0292053|-0.7381897|-0.6723938
1468950245.685|0.0410004|-0.7363129|-0.6652679
1468950245.706|0.0487976|-0.7458496|-0.6674194
1468950245.727|0.054245|-0.7488403|-0.6742859
1468950245.749|0.06604|-0.7462463|-0.6659698
1468950245.77|0.0617676|-0.7460022|-0.6472931
1468950245.791|0.0598297|-0.749649|-0.6340942
1468950245.812|0.0550995|-0.7499237|-0.651825
1468950245.832|0.0613861|-0.7425079|-0.6746979
1468950245.853|0.0618439|-0.7405701|-0.6758728
1468950245.874|0.0587463|-0.7355042|-0.6668549
1468950245.895|0.0605621|-0.739151|-0.6689911
1468950245.916|0.0661621|-0.7393036|-0.7070618
1468950245.937|0.0553741|-0.7414246|-0.7196198
1468950245.959|0.0647583|-0.738678|-0.6827087
1468950245.979|0.0610504|-0.7486115|-0.6056976
1468950246.001|0.0669708|-0.7525787|-0.6064301
1468950246.021|0.0555878|-0.7587585|-0.6225891
1468950246.043|0.0736237|-0.7549438|-0.6435547
1468950246.063|0.0709839|-0.7558441|-0.6456909
1468950246.084|0.0685883|-0.7505646|-0.6316986
1468950246.105|0.070343|-0.747879|-0.6487122
1468950246.126|0.0701599|-0.7431641|-0.6742096
1468950246.147|0.0738678|-0.747879|-0.6666565
1468950246.168|0.0691071|-0.7449188|-0.6591034
1468950246.189|0.0655365|-0.7447968|-0.668335
1468950246.21|0.072052|-0.7395782|-0.6775055
1468950246.231|0.0699158|-0.7481537|-0.6893768
1468950246.252|0.0709381|-0.7271271|-0.6641846
1468950246.273|0.0631714|-0.7275391|-0.596817
1468950246.294|0.0561676|-0.7310791|-0.62854
1468950246.315|0.0708008|-0.7492065|-0.6761322
1468950246.336|0.0647888|-0.7288055|-0.6831055
1468950246.358|0.070816|-0.7383575|-0.6805725
1468950246.378|0.059494|-0.7358246|-0.7016296
1468950246.398|0.0665894|-0.7214508|-0.7225494
1468950246.419|0.0726776|-0.7319336|-0.7223663
1468950246.441|0.0808563|-0.7404785|-0.6855164
1468950246.461|0.0726624|-0.7435913|-0.6493988
1468950246.483|0.0876465|-0.7425995|-0.6734467
1468950246.503|0.0828857|-0.7438202|-0.64888
1468950246.525|0.0779266|-0.7523346|-0.607605
1468950246.546|0.0609589|-0.7481232|-0.5577087
1468950246.567|0.0785675|-0.7464752|-0.580368
1468950246.588|0.0608673|-0.7462616|-0.6889038
1468950246.672|0.0870667|-0.736496|-0.64505
1468950246.694|0.0759888|-0.7581329|-0.6915588
1468950246.714|0.0750275|-0.7397766|-0.65242
1468950246.735|0.0703583|-0.7407379|-0.5373077
1468950246.756|0.0882568|-0.7590332|-0.5662231
1468950246.777|0.0829926|-0.7378845|-0.685257
1468950246.798|0.0962372|-0.7468414|-0.7741699
1468950246.819|0.0848999|-0.7451172|-0.6890869
1468950246.841|0.0775909|-0.7615967|-0.6322479
1468950246.861|0.0881348|-0.7860107|-0.6999817
1468950246.882|0.0796356|-0.7503357|-0.6822815
1468950246.904|0.0943298|-0.714386|-0.5770416
1468950246.925|0.085907|-0.7708893|-0.5396271
1468950246.945|0.0706177|-0.7763519|-0.6269226
1468950246.967|0.0657043|-0.7633972|-0.6975403
1468950246.988|0.0674286|-0.704483|-0.6552887
1468950247.009|0.0843811|-0.7556458|-0.6494446
1468950247.03|0.0820312|-0.7745056|-0.6644745
1468950247.051|0.0861664|-0.7709351|-0.6798096
1468950247.072|0.0809784|-0.7762451|-0.6490936
1468950247.093|0.0756836|-0.7818146|-0.5718536
1468950247.114|0.0698242|-0.7746735|-0.6250153
1468950247.135|0.0621338|-0.7565155|-0.6620178
1468950247.156|0.0661316|-0.7638702|-0.6533356
1468950247.177|0.0625|-0.7618713|-0.5592194
1468950247.198|0.0637817|-0.7578583|-0.5464325
1468950247.218|0.0584717|-0.7558746|-0.6306
1468950247.239|0.065979|-0.7506104|-0.7106934
1468950247.26|0.0691681|-0.7575836|-0.6232452
1468950247.281|0.0592194|-0.7592621|-0.5864105
1468950247.302|0.0774994|-0.783493|-0.5829773
1468950247.324|0.0436554|-0.7164764|-0.5549469
1468950247.345|0.0911865|-0.7759399|-0.7552338
1468950247.365|0.080719|-0.7660217|-0.8190308
1468950247.386|0.0561523|-0.7462311|-0.6756897
1468950247.407|0.0802612|-0.7642212|-0.5525818
1468950247.428|0.0855103|-0.7694702|-0.6273041
1468950247.449|0.0931854|-0.7689056|-0.682373
1468950247.47|0.0822449|-0.7644196|-0.6620178
1468950247.491|0.0788116|-0.7549438|-0.6222687
1468950247.512|0.0730286|-0.7488403|-0.6130219
1468950247.533|0.074585|-0.7520447|-0.6525116
1468950247.554|0.0691223|-0.7584991|-0.6814117
1468950247.575|0.0713654|-0.7550201|-0.6669617
1468950247.595|0.0719604|-0.7583008|-0.6395569
1468950247.617|0.0730438|-0.7530823|-0.6333771
1468950247.638|0.0785217|-0.7550354|-0.6485138
1468950247.659|0.0763855|-0.7581177|-0.6468658
1468950247.68|0.0787201|-0.7545929|-0.6433105
1468950247.701|0.0811768|-0.7531586|-0.6517792
1468950247.722|0.0802612|-0.7545624|-0.6544037
1468950247.763|0.0749664|-0.7501831|-0.6420898
1468950247.784|0.0753021|-0.7446747|-0.638504
1468950247.805|0.0804138|-0.7512054|-0.6513062
1468950247.827|0.0791168|-0.7465973|-0.6555481
1468950247.848|0.0706482|-0.7485657|-0.6560364
1468950247.869|0.0730438|-0.7459564|-0.6591034
1468950247.889|0.0714569|-0.7411499|-0.6564789
1468950247.91|0.068985|-0.7423096|-0.6491394
1468950247.931|0.0704346|-0.7335052|-0.6398621
1468950247.952|0.0761566|-0.7209167|-0.6317291
1468950247.973|0.0663452|-0.7175598|-0.634079
1468950247.994|0.0327911|-0.7153473|-0.6377106
1468950248.016|0.0360718|-0.6978455|-0.6425323
1468950248.035|0.0765076|-0.6747742|-0.6285706
1468950248.056|0.017807|-0.6907196|-0.5914764
1468950248.077|0.0148163|-0.7056885|-0.5665131
1468950248.098|0.0398407|-0.6875153|-0.5578156
1468950248.119|0.0491333|-0.6850128|-0.575058
1468950248.14|0.0832214|-0.6776581|-0.6075287
1468950248.16|0.1013641|-0.6765137|-0.6308899
1468950248.181|0.1096344|-0.6565552|-0.6647797
1468950248.202|0.1425629|-0.6407623|-0.6969452
1468950248.224|0.1617126|-0.6262512|-0.7057953
1468950248.245|0.1714478|-0.6278534|-0.6658325
1468950248.266|0.1691895|-0.616272|-0.662674
1468950248.285|0.1360931|-0.6070099|-0.6851654
1468950248.306|0.1379395|-0.5719452|-0.6853943
1468950248.328|0.1143188|-0.5756073|-0.66539
1468950248.349|0.0893097|-0.597641|-0.6658325
1468950248.37|0.0470734|-0.6037903|-0.6912842
1468950248.391|0.025528|-0.6049957|-0.6972504
1468950248.412|0.0101318|-0.5867004|-0.6761322
1468950248.433|0.0359344|-0.5697632|-0.6702881
1468950248.454|0.0279236|-0.5449524|-0.6883392
1468950248.475|0.0177155|-0.5296326|-0.7693481
1468950248.495|-0.0349884|-0.5446014|-0.8629608
1468950248.517|-0.0876007|-0.6672516|-1.0620422
1468950248.538|-0.1555481|-0.5278625|-0.645874
1468950248.559|-0.0898438|-0.5464935|-0.7671204
1468950248.579|-0.128006|-0.546051|-0.8338776
1468950248.601|-0.1514282|-0.5288544|-0.9475403
1468950248.622|-0.1780701|-0.5138397|-0.9434967
1468950248.643|-0.2333374|-0.4488678|-0.9424744
1468950248.663|-0.2176514|-0.4624481|-0.9477386
1468950248.685|-0.2342224|-0.4461975|-0.9954224
1468950248.727|-0.2177124|-0.3971405|-1.0170288
1468950248.769|-0.1711273|-0.3682404|-1.1368103
1468950248.812|-0.1131134|-0.2646027|-1.0546112
1468950248.852|-0.053833|-0.2692871|-1.1024933
1468950248.873|-0.0905609|-0.274704|-1.1503754
1468950248.895|-0.0322266|-0.2324829|-1.151123
1468950248.916|-0.0234833|-0.2377472|-1.097702
1468950248.936|-0.0205231|-0.2436523|-1.0866394
1468950248.957|-0.0419312|-0.2373047|-1.1048431
1468950248.978|-0.0444641|-0.2277222|-1.0858612
1468950248.999|-0.0228119|-0.2152557|-1.0282898
1468950249.02|-0.0317535|-0.2213745|-1.0153503
1468950249.041|-0.0481873|-0.2169342|-1.0101624
1468950249.061|-0.0490875|-0.2143707|-0.9924164
1468950249.083|-0.0657196|-0.2211456|-0.9594116
1468950249.104|-0.0670166|-0.2290802|-0.9523621
1468950249.125|-0.0592194|-0.2201385|-0.9515839
1468950249.146|-0.0563965|-0.2244873|-0.9586945
1468950249.168|-0.0635986|-0.226944|-0.9639282
1468950249.187|-0.056778|-0.2401276|-0.9545288
1468950249.208|-0.0565033|-0.2423248|-0.950531
1468950249.229|-0.0539703|-0.243042|-0.9635468
1468950249.25|-0.0414734|-0.2432556|-0.9765167
1468950249.271|-0.0370483|-0.2464905|-0.9736938
1468950249.292|-0.039856|-0.2553864|-0.9626465
1468950249.314|-0.0403442|-0.2565918|-0.9557953
1468950249.335|-0.0340271|-0.2607422|-0.9770813
1468950249.356|-0.027832|-0.2637024|-0.9846649
1468950249.377|-0.0318146|-0.2597961|-0.9817963
1468950249.398|-0.0405121|-0.2619934|-0.9811249
1468950249.419|-0.0464478|-0.2784729|-0.980545
1468950249.44|-0.0166626|-0.2998199|-0.92836
1468950249.461|-0.0034027|-0.3014221|-0.9087219
1468950249.481|-0.0162964|-0.3061066|-0.9274597
1468950249.503|-0.0332336|-0.3165588|-0.9722748
1468950249.524|-0.0467377|-0.3095245|-0.9743652
1468950249.545|-0.0410156|-0.3102112|-0.9568634
1468950249.566|-0.0586548|-0.3178101|-0.946106
1468950249.587|-0.0660553|-0.3132477|-0.9148865
1468950249.608|-0.052124|-0.3124542|-0.8928528
1468950249.63|-0.045929|-0.2783203|-0.9209747
1468950249.65|0.001297|-0.3249207|-0.9464722
1468950249.671|-0.0110168|-0.3412781|-0.939743
1468950249.693|0.0097351|-0.3465576|-0.9347687
1468950249.714|0.0311584|-0.299057|-0.9594574
1468950249.735|0.0701904|-0.2879639|-0.94841
1468950249.755|0.0856171|-0.2832642|-0.9450073
1468950249.776|0.088974|-0.2868652|-0.9604187
1468950249.797|0.0823669|-0.2886047|-1.0167084
1468950249.818|0.0702667|-0.2897644|-1.0209808
1468950249.839|0.0598145|-0.276413|-0.9970398
1468950249.86|0.0668488|-0.2718811|-0.974762
1468950249.88|0.0700531|-0.2733765|-0.9764404
1468950249.901|0.0520172|-0.282135|-0.9755859
1468950249.922|0.0293884|-0.284317|-0.9659576
1468950249.942|0.0258179|-0.2804565|-0.9543762
1468950249.963|0.0282745|-0.2824402|-0.95224
1468950249.984|0.0370483|-0.2774048|-0.9368286
1468950250.007|0.0424957|-0.2749634|-0.9242706
1468950250.026|0.0518799|-0.2688751|-0.9315338
1468950250.046|0.0490112|-0.2756958|-0.9495544
1468950250.067|0.0462036|-0.2844238|-0.9708862
1468950250.089|0.0486145|-0.284256|-0.96521
1468950250.11|0.0582886|-0.287262|-0.984848
1468950250.131|0.08078|-0.293869|-1.0160217
1468950250.151|0.0699921|-0.2788849|-0.9833221
1468950250.172|0.0773621|-0.2756653|-0.9374237
1468950250.193|0.0652618|-0.2824554|-0.9209442
1468950250.215|0.0593872|-0.2779388|-0.9308624
1468950250.236|0.0713959|-0.2809143|-0.9689026
1468950250.257|0.0745087|-0.279541|-0.9665527
1468950250.279|0.0791321|-0.2776184|-0.9397888
1468950250.299|0.1185303|-0.2841797|-0.9553375
1468950250.32|0.0873871|-0.2678375|-1.0056763
1468950250.343|0.0880432|-0.2758789|-1.0369263
1468950250.363|0.0864563|-0.2632751|-0.9569244
1468950250.382|0.0632782|-0.2799377|-0.8890381
1468950250.404|0.044632|-0.2918243|-0.9281616
1468950250.425|0.0696869|-0.2996674|-1.0075989
1468950250.446|0.0550842|-0.3022766|-0.9984131
1468950250.467|0.0502625|-0.2980194|-0.9156647
1468950250.488|0.0315704|-0.3067474|-0.8186188
1468950250.509|0.0864716|-0.3296204|-0.9120178
1468950250.529|0.0954285|-0.2994232|-1.0765686
1468950250.55|0.0332794|-0.3237|-1.0426025
1468950250.571|0.0101471|-0.283432|-0.9589386
1468950250.591|0.0557098|-0.3227997|-0.8451233
1468950250.613|0.0608215|-0.3095093|-0.9261017
1468950250.632|0.0339661|-0.3066101|-0.9545288
1468950250.654|0.0345917|-0.3195343|-0.9673767
1468950250.677|0.0377502|-0.3041992|-0.8762512
1468950250.696|0.0865173|-0.3005371|-0.911087
1468950250.717|0.131012|-0.2862549|-1.0295563
1468950250.738|0.0433044|-0.3422546|-1.1268463
1468950250.759|0.0024567|-0.3120117|-0.9825439
1468950250.78|0.0609894|-0.2866058|-0.8886108
1468950250.8|0.0819702|-0.3321686|-0.8172302
1468950250.821|0.058548|-0.3197784|-0.8815155
1468950250.846|0.0429535|-0.3198242|-0.9434814
1468950250.863|0.0369263|-0.331955|-0.944519
1468950250.884|0.0170593|-0.2967377|-0.9322815
1468950250.905|0.0620422|-0.3599091|-0.9992828
1468950250.925|0.0364075|-0.3320923|-1.1104889
1468950250.947|0.0417633|-0.3411713|-1.0504913
1468950250.968|0.009613|-0.3065796|-0.9446564
1468950250.99|0.0539551|-0.3442383|-0.8722076
1468950251.01|0.0641327|-0.3406067|-0.8778687
1468950251.03|0.0888519|-0.3368073|-0.8808441
1468950251.051|0.0580597|-0.3272095|-0.8877106
1468950251.072|0.0279694|-0.305069|-0.9013367
1468950251.092|0.05867|-0.2915344|-0.852478
1468950251.114|0.1069183|-0.350235|-1.0158844
1468950251.135|0.031311|-0.3977509|-1.1360016
1468950251.157|0.0195312|-0.3567352|-1.014267
1468950251.177|0.021759|-0.3326111|-0.8968201
1468950251.198|0.0912476|-0.3535004|-0.9235077
1468950251.219|0.1067963|-0.3308716|-0.996109
1468950251.239|0.0681|-0.3370514|-0.936203
1468950251.261|0.0259094|-0.344696|-0.8550568
1468950251.281|0.0041351|-0.3553772|-0.8322449
1468950251.303|0.0427094|-0.3628693|-0.9021759
1468950251.324|0.0380402|-0.3520203|-0.9326019
1468950251.346|0.0365448|-0.3798523|-0.9375305
1468950251.366|0.0549011|-0.3599243|-0.9177246
1468950251.387|0.0415192|-0.355896|-0.8952789
1468950251.407|0.0308533|-0.369812|-0.8552094
1468950251.429|0.0549316|-0.3458252|-0.8987122
1468950251.449|0.1117249|-0.3808136|-1.0796814
1468950251.47|0.0303192|-0.2985687|-1.1504669
1468950251.491|0.0359497|-0.3979645|-0.8289032
1468950251.513|0.0445557|-0.3811493|-0.8642426
1468950251.533|0.0596466|-0.3769684|-0.9464569
1468950251.555|0.0658112|-0.3631897|-0.9394684
1468950251.576|0.0609894|-0.3553314|-0.9008942
1468950251.597|0.0548248|-0.3471222|-0.8795776
1468950251.618|0.0673828|-0.3503418|-0.9630127
1468950251.639|0.0489502|-0.34935|-0.9361115
1468950251.659|0.0652618|-0.341629|-0.9667511
1468950251.68|0.0601349|-0.3466797|-0.9464569
1468950251.701|0.0621338|-0.3419647|-0.9346161
1468950251.722|0.0696716|-0.3421326|-0.9364929
1468950251.743|0.0643616|-0.3382263|-0.9185028
1468950251.764|0.0722351|-0.3430634|-0.9521027
1468950251.785|0.0706329|-0.3447571|-0.9920654
1468950251.806|0.0711517|-0.3439789|-1.0012512
1468950251.827|0.0534668|-0.3487854|-0.9256897
1468950251.849|0.0796204|-0.348175|-0.8788147
1468950251.87|0.0958252|-0.3456573|-0.8742676
1468950251.89|0.1075287|-0.3405151|-0.8964081
1468950251.91|0.1061859|-0.3379517|-0.9228821
1468950251.932|0.0954132|-0.3432922|-0.9614868
1468950251.952|0.0830383|-0.342514|-0.9676666
1468950251.973|0.0838623|-0.3463593|-0.969574
1468950251.995|0.0828552|-0.3434296|-0.9726257
1468950252.015|0.0905609|-0.3355255|-0.9550629
1468950252.036|0.0948944|-0.337616|-0.9430084
1468950252.058|0.0940247|-0.3404388|-0.947998
1468950252.079|0.0821838|-0.338913|-0.9595947
1468950252.1|0.0831604|-0.3384247|-0.964325
1468950252.121|0.07341|-0.3414154|-0.951355
1468950252.142|0.0787811|-0.3402252|-0.9239197
1468950252.163|0.085968|-0.3404541|-0.9090118
1468950252.187|0.092926|-0.3380585|-0.937088
1468950252.213|0.09552|-0.3433838|-0.9416351
1468950252.226|0.0842133|-0.3543091|-0.9235382
1468950252.247|0.0857086|-0.3582306|-0.9140778
1468950252.267|0.0914001|-0.3664093|-0.9377747
1468950252.287|0.0890808|-0.361557|-0.932785
1468950252.308|0.0935059|-0.3631134|-0.9370422
1468950252.329|0.083847|-0.3590851|-0.9259338
1468950252.35|0.0909729|-0.3618774|-0.9275818
1468950252.37|0.0840454|-0.359375|-0.9160004
1468950252.392|0.0926208|-0.3580475|-0.9320374
1468950252.413|0.0788879|-0.3507233|-0.9374695
1468950252.434|0.0868835|-0.3472748|-0.945694
1468950252.455|0.0825043|-0.3491211|-0.9395752
1468950252.475|0.0764008|-0.3411255|-0.9265289
1468950252.496|0.0771637|-0.3416138|-0.9295959
1468950252.518|0.0829926|-0.3419647|-0.9281616
1468950252.539|0.0793152|-0.3500519|-0.9308319
1468950252.56|0.0782166|-0.3570404|-0.9263916
1468950252.581|0.0857849|-0.3547516|-0.9362793
1468950252.601|0.0846405|-0.3568878|-0.9393768
1468950252.622|0.0924225|-0.3582458|-0.9381866
1468950252.644|0.0897064|-0.3656311|-0.9410858
1468950252.665|0.081665|-0.3614655|-0.9190979
1468950252.686|0.0816498|-0.3619843|-0.9138947
1468950252.707|0.0814972|-0.3604431|-0.9302063
1468950252.727|0.0805817|-0.3621063|-0.9339905
1468950252.748|0.075943|-0.3588257|-0.9422607
1468950252.77|0.072052|-0.3594666|-0.9408569
1468950252.791|0.0710754|-0.354248|-0.9221497
1468950252.812|0.0703583|-0.3513031|-0.9311218
1468950252.833|0.0730133|-0.349411|-0.9358063
1468950252.854|0.06633|-0.3459167|-0.9320221
1468950252.875|0.0668793|-0.3490601|-0.9284973
1468950252.896|0.0640106|-0.3492126|-0.9353638
1468950252.917|0.066452|-0.3583679|-0.942749
1468950252.939|0.0716705|-0.3546753|-0.9360962
1468950252.959|0.0761261|-0.3559418|-0.9417725
1468950252.98|0.0770874|-0.35672|-0.9375153
1468950253.002|0.0766449|-0.3605652|-0.9323273
1468950253.023|0.0773163|-0.3599701|-0.9595032
1468950253.044|0.07724|-0.3637085|-0.9363708
1468950253.065|0.0816498|-0.3642578|-0.9394226
1468950253.085|0.0794525|-0.3597412|-0.9202423
1468950253.105|0.0735321|-0.3582001|-0.9129486
1468950253.127|0.0720978|-0.3564453|-0.92099
1468950253.148|0.0692444|-0.3585358|-0.92453
1468950253.169|0.066864|-0.3608856|-0.9228973
1468950253.19|0.0692749|-0.3585052|-0.9290314
1468950253.211|0.0688629|-0.3603973|-0.9323425
1468950253.231|0.0683899|-0.3613434|-0.9321289
1468950253.253|0.0715637|-0.3631439|-0.9264526
1468950253.273|0.0657501|-0.3629761|-0.9314423
1468950253.294|0.0665741|-0.3567505|-0.932312
1468950253.315|0.0632935|-0.3600159|-0.9363861
1468950253.335|0.0669403|-0.3610687|-0.9335327
1468950253.357|0.0650635|-0.3629456|-0.9354553
1468950253.377|0.0680542|-0.3592377|-0.9243011
1468950253.398|0.0625153|-0.3598022|-0.9297485
1468950253.419|0.0645905|-0.3624573|-0.9394684
1468950253.44|0.0649872|-0.3617706|-0.9302521
1468950253.461|0.06604|-0.3639526|-0.9331055
1468950253.482|0.0668945|-0.3603668|-0.9302368
1468950253.503|0.066925|-0.3625641|-0.9273987
1468950253.524|0.0637665|-0.3622437|-0.9274139
1468950253.545|0.0559082|-0.3579712|-0.9295349
1468950253.566|0.0619202|-0.3621216|-0.9406586
1468950253.587|0.0566711|-0.3562469|-0.94133
1468950253.609|0.0565033|-0.3620453|-0.9326324
1468950253.63|0.0578613|-0.35849|-0.929306
1468950253.651|0.0578918|-0.361145|-0.9260101
1468950253.671|0.0600433|-0.3580627|-0.9306946
1468950253.693|0.0588531|-0.3589783|-0.9326019
1468950253.714|0.0603485|-0.3585052|-0.937561
1468950253.735|0.0602264|-0.3568878|-0.9247742
1468950253.756|0.0601654|-0.3652954|-0.9253235
1468950253.777|0.0623779|-0.3636169|-0.9338074
1468950253.797|0.0614319|-0.362381|-0.9402008
1468950253.819|0.0600128|-0.3637695|-0.9425659
1468950253.84|0.0574341|-0.3594055|-0.9361572
1468950253.861|0.0610352|-0.3609772|-0.9248047
1468950253.882|0.0605927|-0.3599854|-0.9307098
1468950253.903|0.0582733|-0.3565826|-0.9278717
1468950253.924|0.0547028|-0.3608398|-0.9229279
1468950253.944|0.0526581|-0.3567505|-0.9210358
1468950253.965|0.0600739|-0.3585052|-0.9354248
1468950253.986|0.0601349|-0.3609009|-0.9368591
1468950254.007|0.0609131|-0.3626404|-0.9328613
1468950254.028|0.062973|-0.3672333|-0.934082
1468950254.049|0.0593719|-0.3661346|-0.9442444
1468950254.07|0.0642548|-0.3672028|-0.9456482
1468950254.091|0.0678253|-0.3634338|-0.9474945
1468950254.112|0.0656891|-0.3670197|-0.9425812
1468950254.133|0.0623779|-0.3680267|-0.9177551
1468950254.155|0.0647278|-0.3683777|-0.9071198
1468950254.176|0.0544281|-0.3675385|-0.9312592
1468950254.196|0.0551605|-0.3663483|-0.9335938
1468950254.218|0.0583496|-0.3683472|-0.932663
1468950254.238|0.0552368|-0.3647461|-0.9170532
1468950254.259|0.058609|-0.3621521|-0.9203339
1468950254.28|0.0562134|-0.3620758|-0.9257812
1468950254.301|0.0536652|-0.3660889|-0.9295807
1468950254.321|0.0528564|-0.3646698|-0.9239197
1468950254.343|0.0582886|-0.3676605|-0.9243927
1468950254.364|0.0549164|-0.3699951|-0.922287
1468950254.385|0.0610046|-0.3674469|-0.9307556
1468950254.407|0.062027|-0.3686829|-0.933136
1468950254.427|0.0648651|-0.3761749|-0.9343719
1468950254.448|0.0648651|-0.3769379|-0.9308167
1468950254.469|0.0684509|-0.3740997|-0.9312744
1468950254.49|0.0757904|-0.3747406|-0.9357452
1468950254.512|0.0731812|-0.3799896|-0.9303436
1468950254.533|0.0697021|-0.3797302|-0.9187622
1468950254.554|0.0636444|-0.3783569|-0.9258728
1468950254.575|0.0605011|-0.378006|-0.931778
1468950254.596|0.0608673|-0.371048|-0.9333801
1468950254.618|0.062973|-0.3687134|-0.9291077
1468950254.638|0.0615387|-0.3713531|-0.9241791
1468950254.659|0.0543976|-0.3714752|-0.914032
1468950254.68|0.0571289|-0.3717499|-0.9189911
1468950254.701|0.0582275|-0.3738861|-0.9303589
1468950254.722|0.0593719|-0.3712921|-0.9270325
1468950254.743|0.0621796|-0.3697052|-0.9213257
1468950254.764|0.059082|-0.371048|-0.9234619
1468950254.784|0.0652771|-0.3745422|-0.9272614
1468950254.805|0.0617065|-0.3713989|-0.9149628
1468950254.826|0.0661621|-0.3724213|-0.9237061
1468950254.847|0.070343|-0.3729553|-0.9303131
1468950254.869|0.0657654|-0.3721008|-0.9369354
1468950254.889|0.0628357|-0.3722992|-0.9333954
1468950254.91|0.0601959|-0.3699188|-0.9149475
1468950254.931|0.0693359|-0.3653107|-0.9153595
1468950254.952|0.0697784|-0.3681183|-0.9323883
1468950254.972|0.0677032|-0.3704376|-0.9416351
1468950254.994|0.0649414|-0.3670044|-0.9416351
1468950255.015|0.0678864|-0.3682861|-0.93927
1468950255.036|0.0661316|-0.3687897|-0.9288788
1468950255.057|0.0697174|-0.3676758|-0.9243622
1468950255.077|0.0684204|-0.3630524|-0.9285889
1468950255.097|0.0709991|-0.3679047|-0.9328766
1468950255.119|0.0714569|-0.3662262|-0.9361725
1468950255.14|0.0681915|-0.3645172|-0.9269409
1468950255.161|0.0704498|-0.3681641|-0.9253235
1468950255.182|0.0754547|-0.3701477|-0.9364166
1468950255.203|0.066452|-0.3644867|-0.9238586
1468950255.224|0.0672607|-0.3644562|-0.9319
1468950255.245|0.0696259|-0.361618|-0.9311829
1468950255.266|0.0674896|-0.3649597|-0.9288483
1468950255.287|0.0709076|-0.3672333|-0.9227142
1468950255.308|0.072052|-0.3724976|-0.9312592
1468950255.329|0.0718231|-0.3700562|-0.9392853
1468950255.35|0.0689697|-0.364975|-0.9314423
1468950255.371|0.0710602|-0.3623962|-0.9269409
1468950255.392|0.0659332|-0.3618164|-0.9255066
1468950255.413|0.067276|-0.3644562|-0.933548
1468950255.434|0.0621185|-0.3633881|-0.9314423
1468950255.455|0.0616302|-0.3624115|-0.9333344
1468950255.476|0.0665436|-0.3663635|-0.9300232
1468950255.497|0.0701447|-0.3662567|-0.923645
1468950255.518|0.0664978|-0.3639679|-0.9307098
1468950255.539|0.0667725|-0.3646851|-0.9316711
1468950255.56|0.0639191|-0.3682556|-0.9291077
1468950255.58|0.0660858|-0.3661346|-0.9305115
1468950255.601|0.0662384|-0.3627777|-0.9302673
1468950255.622|0.066864|-0.3670807|-0.9371338
1468950255.643|0.0587921|-0.3560791|-0.9314117
1468950255.664|0.0693054|-0.3683319|-0.9366608
1468950255.685|0.0616913|-0.3647919|-0.9345245
1468950255.706|0.0673981|-0.3628387|-0.9217377
1468950255.727|0.0697784|-0.3634033|-0.9143982
1468950255.748|0.0694275|-0.3672028|-0.9231873
1468950255.77|0.0647583|-0.3725891|-0.9291382
1468950255.791|0.06633|-0.3683167|-0.9260406
1468950255.812|0.0686951|-0.3657227|-0.9255219
1468950255.832|0.0729675|-0.3674316|-0.9397125
1468950255.854|0.0662231|-0.3721313|-0.9310303
1468950255.875|0.0739594|-0.3686523|-0.9404144
1468950255.896|0.0695801|-0.370285|-0.9333649
1468950255.916|0.0589752|-0.3657379|-0.9276886
1468950255.937|0.0588226|-0.3828735|-0.9164734
1468950255.958|0.0984344|-0.3387146|-0.9257507
1468950255.979|0.0809937|-0.3705444|-0.9307251
1468950256.001|0.0575714|-0.3757935|-0.9332123
1468950256.022|0.0615082|-0.3653717|-1.0106506
1468950256.043|0.0392456|-0.3851776|-0.9928741
1468950256.064|0.0874329|-0.3713837|-0.8415985
1468950256.084|0.0794678|-0.3942871|-0.8412933
1468950256.105|0.0912323|-0.3949432|-0.9547577
1468950256.126|0.0623627|-0.4090424|-0.9873199
1468950256.147|0.066864|-0.4010315|-0.9269714
1468950256.168|0.0410461|-0.3880463|-0.8593292
1468950256.189|0.0635071|-0.3832855|-0.8556976
1468950256.21|0.1201935|-0.3703461|-0.9051208
1468950256.231|0.0487518|-0.3999329|-1.0175476
1468950256.252|0.0259094|-0.3532715|-0.9633942
1468950256.273|0.0391846|-0.3818359|-0.891449
1468950256.294|0.0731354|-0.3821716|-0.8795166
1468950256.314|0.053421|-0.4029694|-0.9092865
1468950256.334|0.0656891|-0.4200134|-0.9741364
1468950256.356|0.0398865|-0.4405518|-0.9374695
1468950256.376|0.0637054|-0.3980408|-0.8356934
1468950256.398|0.0412292|-0.3874969|-0.9219818
1468950256.419|0.1190186|-0.3969421|-1.0625153
1468950256.44|0.0567322|-0.3758087|-1.0211487
1468950256.461|0.0049896|-0.4122162|-0.8702087
1468950256.482|0.0251312|-0.3833008|-0.8262329
1468950256.503|0.0929413|-0.4053497|-0.8545685
1468950256.524|0.0770416|-0.4395905|-0.8638458
1468950256.545|0.0457306|-0.4353485|-0.8508911
1468950256.565|0.036911|-0.4658051|-0.875
1468950256.586|0.0351257|-0.3476562|-0.8789215
1468950256.607|0.1430359|-0.4075012|-0.8845062
1468950256.628|0.0519104|-0.3906097|-0.8746796
1468950256.649|0.0557251|-0.4169312|-1.0183411
1468950256.67|0.0263977|-0.3599396|-0.9804535
1468950256.691|0.0818634|-0.3966217|-0.8623657
1468950256.712|0.0623474|-0.3967285|-0.8553162
1468950256.732|0.0696869|-0.4020233|-0.9796753
1468950256.754|0.0529327|-0.4154053|-0.9743805
1468950256.776|0.0271606|-0.4035339|-0.8755493
1468950256.796|0.0381775|-0.3607635|-0.8199005
1468950256.817|0.0877991|-0.409317|-0.9028473
1468950256.838|0.0727692|-0.3924713|-1.0337524
1468950256.858|0.0205231|-0.3952332|-1.0613251
1468950256.88|0.0147858|-0.3661804|-0.9285126
1468950256.9|0.0520782|-0.3968964|-0.7759094
1468950256.921|0.0904388|-0.3939667|-0.811264
1468950256.942|0.086319|-0.4219818|-0.9622955
1468950256.963|0.0437927|-0.4394836|-0.9745636
1468950256.984|0.0498352|-0.3944702|-0.9118195
1468950257.005|0.0892487|-0.3840637|-0.8140259
1468950257.026|0.1058807|-0.3491211|-0.8080597
1468950257.047|0.0927582|-0.3884277|-0.9178162
1468950257.068|0.0364227|-0.3940582|-1.0799408
1468950257.088|0.0382385|-0.4057617|-1.0558929
1468950257.109|0.0367432|-0.3908844|-0.8948059
1468950257.13|0.0892487|-0.375412|-0.8120728
1468950257.151|0.0963593|-0.4081573|-0.8822632
1468950257.172|0.070694|-0.4068604|-0.9338379
1468950257.194|0.0507812|-0.4054108|-0.9426422
1468950257.215|0.0517426|-0.3999939|-0.9234467
1468950257.235|0.061142|-0.3867493|-0.9197693
1468950257.256|0.076355|-0.3807831|-0.9282227
1468950257.277|0.0715637|-0.3749542|-0.922287
1468950257.298|0.0654755|-0.387619|-0.9119873
1468950257.319|0.0632782|-0.3856049|-0.9174194
1468950257.34|0.0695343|-0.3951569|-0.9113159
1468950257.361|0.0727386|-0.3956909|-0.915802
1468950257.382|0.0743103|-0.3899231|-0.9193115
1468950257.403|0.0746765|-0.3795319|-0.9338837
1468950257.424|0.0723877|-0.3751526|-0.9355164
1468950257.445|0.0661163|-0.3786316|-0.9308319
1468950257.466|0.0812988|-0.3847351|-0.9279938
1468950257.487|0.0694885|-0.3838501|-0.9100494
1468950257.507|0.0757141|-0.3863525|-0.920929
1468950257.529|0.0752563|-0.3850861|-0.9296722
1468950257.55|0.0765381|-0.3808441|-0.9185181
1468950257.571|0.080246|-0.387558|-0.9405365
1468950257.592|0.0686646|-0.3837433|-0.9291992
1468950257.613|0.068634|-0.3787994|-0.9085999
1468950257.633|0.0749054|-0.3846741|-0.9152374
1468950257.654|0.0806122|-0.3822021|-0.9062347
1468950257.675|0.0804291|-0.3833771|-0.909317
1468950257.696|0.0737457|-0.3836212|-0.9275208
1468950257.717|0.0765228|-0.3872833|-0.9289856
1468950257.738|0.0860596|-0.4003143|-0.9628448
1468950257.758|0.086319|-0.3949432|-0.9812622
1468950257.779|0.0927277|-0.3717346|-0.9363708
1468950257.801|0.0646057|-0.4010315|-0.9184723
1468950257.822|0.0809326|-0.3864594|-0.8712769
1468950257.842|0.0683441|-0.3748474|-0.8794861
1468950257.863|0.0766754|-0.3787231|-0.9095306
1468950257.884|0.0786743|-0.3873596|-0.9244843
1468950257.905|0.0764771|-0.3953705|-0.8973541
1468950257.925|0.0791321|-0.3969116|-0.8907318
1468950257.946|0.0747528|-0.3988495|-0.9160461
1468950257.968|0.0812225|-0.4011078|-0.9302368
1468950257.989|0.0790863|-0.38797|-0.9471893
1468950258.01|0.0825958|-0.3869324|-0.9315491
1468950258.03|0.0828094|-0.3852539|-0.929657
1468950258.051|0.0771332|-0.3854065|-0.9187927
1468950258.072|0.0735016|-0.3791351|-0.9078827
1468950258.094|0.0810852|-0.3782959|-0.9180145
1468950258.114|0.0818024|-0.3785706|-0.9132996
1468950258.135|0.0760651|-0.3847351|-0.9069672
1468950258.156|0.0835419|-0.3877258|-0.9242401
1468950258.176|0.0830536|-0.383316|-0.935791
1468950258.198|0.0833435|-0.3859558|-0.9355621
1468950258.219|0.0837097|-0.3843536|-0.9244385
1468950258.24|0.0861053|-0.3856354|-0.9149933
1468950258.261|0.0810394|-0.3869781|-0.9161835
1468950258.282|0.0856781|-0.387085|-0.9178314
1468950258.303|0.0837097|-0.3884888|-0.9124298
1468950258.324|0.0839081|-0.3870697|-0.9102783
1468950258.345|0.0859222|-0.3865662|-0.9230347
1468950258.366|0.084137|-0.3930206|-0.9228516
1468950258.387|0.0843048|-0.3869934|-0.9308319
1468950258.408|0.0839844|-0.3865204|-0.9230347
1468950258.429|0.0835724|-0.3822479|-0.9118958
1468950258.45|0.0823364|-0.3817291|-0.912384
1468950258.471|0.0823059|-0.3766174|-0.9246216
1468950258.492|0.0787506|-0.3813782|-0.9216003
1468950258.513|0.0787811|-0.3840332|-0.9161835
1468950258.534|0.0808105|-0.3845062|-0.9256134
1468950258.555|0.0841217|-0.3809967|-0.9241943
1468950258.576|0.0872955|-0.3817902|-0.921814
1468950258.597|0.0853882|-0.3817139|-0.9291534
1468950258.617|0.0843658|-0.3824615|-0.9215851
1468950258.637|0.0821075|-0.380249|-0.9177856
1468950258.659|0.0834503|-0.3855591|-0.9194794
1468950258.68|0.0824432|-0.3814087|-0.9282074
1468950258.701|0.0853271|-0.3807831|-0.9234772
1468950258.722|0.0773163|-0.3835144|-0.9171295
1468950258.743|0.084549|-0.3815308|-0.9137878
1468950258.764|0.0866089|-0.3824768|-0.9263153
1468950258.785|0.0825348|-0.3857422|-0.9265747
1468950258.806|0.0794983|-0.3811188|-0.9256134
1468950258.827|0.0809174|-0.3789825|-0.9255829
1468950258.848|0.0761414|-0.3723907|-0.9243774
1468950258.869|0.0766449|-0.3760681|-0.9142456
1468950258.89|0.0760345|-0.3719635|-0.9120941
1468950258.911|0.0739746|-0.3752594|-0.9208527
1468950258.932|0.0758057|-0.378891|-0.9244232
1468950258.953|0.0773621|-0.3839874|-0.9202118
1468950258.973|0.0805664|-0.3763733|-0.9192047
1468950258.994|0.0772705|-0.3791504|-0.9246521
1468950259.015|0.0776825|-0.3782196|-0.9180298
1468950259.036|0.0862885|-0.3818054|-0.9175568
1468950259.057|0.0843964|-0.3812103|-0.9289246
1468950259.077|0.0879517|-0.3843689|-0.9395447
1468950259.097|0.0861359|-0.381485|-0.9305573
1468950259.118|0.0775604|-0.3800964|-0.9267883
1468950259.139|0.0765076|-0.3781738|-0.9229889
1468950259.16|0.0764923|-0.3760071|-0.9270172
1468950259.181|0.0749359|-0.3764954|-0.9137726
1468950259.202|0.0757599|-0.3781738|-0.9211121
1468950259.224|0.0764313|-0.3740845|-0.9243927
1468950259.245|0.0730591|-0.3727417|-0.935257
1468950259.266|0.0688477|-0.3707733|-0.9295807
1468950259.287|0.073822|-0.3739777|-0.9329071
1468950259.308|0.0755768|-0.3744659|-0.9409485
1468950259.329|0.0678711|-0.3820648|-0.9272919
1468950259.35|0.0670624|-0.3808746|-0.9211578
1468950259.371|0.0690613|-0.3804169|-0.9272919
1468950259.392|0.0615845|-0.3848267|-0.9226074
1468950259.413|0.0545349|-0.3950195|-0.9210358
1468950259.433|0.0544586|-0.3943329|-0.9144135
1468950259.454|0.0469513|-0.3941498|-0.917984
1468950259.475|0.0508118|-0.3886261|-0.9328156
1468950259.496|0.052475|-0.3793335|-0.9235382
1468950259.517|0.0518188|-0.3708801|-0.9270325
1468950259.538|0.0509186|-0.364624|-0.9220276
1468950259.559|0.0529175|-0.366333|-0.9255676
1468950259.58|0.0513306|-0.3644257|-0.9135132
1468950259.6|0.0580444|-0.3742828|-0.9022217
1468950259.622|0.0579071|-0.3847504|-0.9188385
1468950259.644|0.0571136|-0.389267|-0.9269104
1468950259.664|0.0657043|-0.3901367|-0.9365845
1468950259.685|0.0659027|-0.3911438|-0.9283142
1468950259.706|0.0633698|-0.384079|-0.9339447
1468950259.727|0.0592041|-0.3842316|-0.932312
1468950259.747|0.0572205|-0.3842163|-0.9259186
1468950259.768|0.0546722|-0.379364|-0.9251862
1468950259.789|0.0547028|-0.3800964|-0.9263916
1468950259.81|0.0551147|-0.3776703|-0.9251709
1468950259.831|0.0519562|-0.3778534|-0.9261475
1468950259.852|0.0506897|-0.3776093|-0.919281
1468950259.873|0.0525665|-0.3834229|-0.9221497
1468950259.894|0.0556946|-0.3815613|-0.9242554
1468950259.915|0.0492096|-0.386261|-0.92099
1468950259.935|0.0469208|-0.3816223|-0.9207306
1468950259.957|0.0498352|-0.3799896|-0.9264069
1468950259.977|0.0552368|-0.3800659|-0.9332428
1468950259.998|0.0541229|-0.3759766|-0.9265747
1468950260.019|0.0529327|-0.3761749|-0.9301453
1468950260.04|0.0464325|-0.3720093|-0.9180756
1468950260.06|0.0493774|-0.3749695|-0.9124146
1468950260.081|0.0566711|-0.3717194|-0.9232483
1468950260.102|0.0578766|-0.3707733|-0.9263153
1468950260.124|0.0621185|-0.3737335|-0.9289246
1468950260.145|0.0582733|-0.3770294|-0.9249268
1468950260.166|0.0646667|-0.3783417|-0.9313202
1468950260.187|0.0606689|-0.3753967|-0.9279785
1468950260.208|0.0669098|-0.3724213|-0.9267578
1468950260.229|0.06633|-0.3779297|-0.9272766
1468950260.25|0.06633|-0.3774414|-0.9296417
1468950260.271|0.0652008|-0.3807678|-0.9339294
1468950260.292|0.0598755|-0.3823395|-0.9290009
1468950260.313|0.0574493|-0.3822937|-0.9301758
1468950260.334|0.0511475|-0.3847961|-0.9254913
1468950260.355|0.0421906|-0.3762207|-0.9223633
1468950260.375|0.0407257|-0.3764191|-0.9261627
1468950260.397|0.036972|-0.3720093|-0.9216309
1468950260.417|0.0335693|-0.3721619|-0.9218903
1468950260.438|0.0340424|-0.3712311|-0.9207001
1468950260.46|0.0430756|-0.3709259|-0.9272919
1468950260.48|0.0359039|-0.375061|-0.9325256
1468950260.501|0.0340424|-0.3781433|-0.9337463
1468950260.521|0.0292206|-0.3826141|-0.9281158
1468950260.542|0.0245972|-0.3801117|-0.9328308
1468950260.563|0.0247498|-0.380661|-0.9179382
1468950260.584|0.0285034|-0.3845673|-0.9200897
1468950260.605|0.030426|-0.3824158|-0.9250336
1468950260.626|0.0300598|-0.3862762|-0.926712
1468950260.647|0.0302582|-0.3877716|-0.9179688
1468950260.668|0.031601|-0.3800507|-0.9276123
1468950260.689|0.0260468|-0.3781891|-0.9354248
1468950260.71|0.0165253|-0.3775177|-0.933548
1468950260.731|0.0125732|-0.3796692|-0.9172668
1468950260.752|0.0048676|-0.3764496|-0.901886
1468950260.773|0.0066071|-0.3764648|-0.9080353
1468950260.794|0.0126648|-0.3702545|-0.9254913
1468950260.815|0.024704|-0.3750763|-0.9285431
1468950260.835|0.0367889|-0.374176|-0.9233093
1468950260.856|0.0414886|-0.3672943|-0.9246521
1468950260.877|0.0501556|-0.3609619|-0.9305115
1468950260.898|0.0552979|-0.3612823|-0.9356995
1468950260.919|0.0549774|-0.3625793|-0.921524
1468950260.94|0.0592957|-0.3666992|-0.930542
1468950260.961|0.080246|-0.366394|-0.9392242
1468950260.982|0.0744019|-0.3655548|-0.9399414
1468950261.003|0.0756073|-0.3643494|-0.9436951
1468950261.024|0.0760345|-0.3737488|-0.9402466
1468950261.045|0.0574951|-0.360321|-0.9434967
1468950261.066|0.0572052|-0.3559875|-0.9458313
1468950261.087|0.025238|-0.3474579|-0.9243317
1468950261.109|0.0150604|-0.3493805|-0.9224701
1468950261.13|0.0118561|-0.3658905|-0.9290009
1468950261.15|0.0044098|-0.3707886|-0.9257202
1468950261.172|-0.0042725|-0.380661|-0.9371643
1468950261.192|-0.0106964|-0.385788|-0.9384155
1468950261.213|-0.0086823|-0.3884735|-0.9398193
1468950261.234|-0.0210876|-0.3980408|-0.9434662
1468950261.255|-0.0159302|-0.3988647|-0.9467926
1468950261.276|0.0007019|-0.394928|-0.9396362
1468950261.297|0.0071259|-0.3882446|-0.9085999
1468950261.319|0.0147552|-0.3868256|-0.8917694
1468950261.34|0.0227966|-0.3850098|-0.9014282
1468950261.36|0.0413971|-0.3779602|-0.9067688
1468950261.381|0.038147|-0.3759766|-0.9037018
1468950261.402|0.037735|-0.3670349|-0.9095459
1468950261.423|0.035553|-0.3647919|-0.917099
1468950261.444|0.0330963|-0.3610992|-0.924408
1468950261.465|0.0295563|-0.3634033|-0.9308014
1468950261.485|0.0149384|-0.3606262|-0.9353333
1468950261.506|0.0121155|-0.363678|-0.9374847
1468950261.528|0.0045929|-0.3676605|-0.927597
1468950261.549|0.0210419|-0.3769379|-0.9231262
1468950261.569|0.0318756|-0.3635101|-0.9163971
1468950261.591|0.0352631|-0.3714905|-0.9232941
1468950261.611|0.0334778|-0.3809509|-0.9470062
1468950261.633|0.0326538|-0.3867035|-0.9494171
1468950261.654|0.035614|-0.3827362|-0.9358978
1468950261.675|0.0482635|-0.3813019|-0.9415131
1468950261.696|0.0541077|-0.3799896|-0.9443512
1468950261.717|0.0498657|-0.3747406|-0.9157104
1468950261.738|0.0372467|-0.3650818|-0.9133148
1468950261.759|0.0542145|-0.3601074|-0.9253082
1468950261.779|0.0465393|-0.3551483|-0.9229279
1468950261.822|0.0432587|-0.3591614|-0.9241333
1468950261.843|0.0410004|-0.3557281|-0.9250641
1468950261.864|0.0443573|-0.3644562|-0.9255829
1468950261.885|0.0479736|-0.3695221|-0.9388428
1468950261.906|0.0516815|-0.3700562|-0.94664
1468950261.927|0.0473938|-0.3713531|-0.953064
1468950261.969|0.0285797|-0.3697968|-0.9440918
1468950261.99|0.0286865|-0.3654633|-0.940506
1468950262.011|0.0230713|-0.3562775|-0.9307709
1468950262.032|0.0315704|-0.3492889|-0.9205475
1468950262.053|0.0348053|-0.3435974|-0.9160004
1468950262.074|0.0437012|-0.3397369|-0.9136047
1468950262.097|0.0437927|-0.3298187|-0.9251251
1468950262.138|0.0498352|-0.3448029|-0.9389191
1468950262.158|0.064621|-0.3545074|-0.9377594
1468950262.179|0.0531311|-0.3565826|-0.954834
1468950262.2|0.0705719|-0.3619537|-0.9652252
1468950262.221|0.0648041|-0.3590393|-0.9486694
1468950262.241|0.0626678|-0.3769379|-0.9646301
1468950262.263|0.0609131|-0.3544769|-0.929718
1468950262.284|0.0084076|-0.3778229|-0.8832245
1468950262.305|0.0511932|-0.3758545|-0.8904266
1468950262.326|0.0425415|-0.3652344|-0.9071503
1468950262.346|0.0892639|-0.3725891|-0.9926605
1468950262.367|0.0764465|-0.3631287|-0.9985504
1468950262.388|0.078125|-0.3514862|-0.9320526
1468950262.409|0.0835419|-0.3595581|-0.8795929
1468950262.451|0.085907|-0.3457031|-0.9165955
1468950262.494|0.0500031|-0.364624|-0.9685974
1468950262.536|0.0073242|-0.3506775|-0.9237061
1468950262.577|0.0074615|-0.3436737|-0.9307404
1468950262.641|0.0061188|-0.3292847|-0.9620819
1468950262.682|0.0328522|-0.362854|-0.9532776
1468950262.723|0.0565643|-0.358551|-0.8160706
1468950262.766|0.0615234|-0.386795|-1.0101013
1468950262.808|0.0346832|-0.3419647|-0.905838
1468950262.829|0.1023407|-0.3557434|-0.9052734
1468950262.85|0.0888672|-0.3770905|-0.9555817
1468950262.872|0.0762787|-0.3421936|-1.0449829
1468950262.892|0.0128784|-0.3524933|-1.0144806
1468950262.913|0.0074768|-0.3197937|-0.9421692
1468950262.934|0.0037689|-0.3323975|-0.8590546
1468950262.955|0.0377655|-0.3479919|-0.8730164
1468950262.976|0.0516663|-0.3629761|-0.965744
1468950262.997|0.0109406|-0.3899841|-0.9596558
1468950263.017|0.0602264|-0.329361|-0.9461212
1468950263.037|0.0202942|-0.367691|-0.8483734
1468950263.059|0.122345|-0.3258667|-0.9102325
1468950263.079|0.0752106|-0.3296509|-1.0044708
1468950263.1|0.0384979|-0.3621063|-1.0352936
1468950263.121|-0.0023499|-0.3161469|-0.9048157
1468950263.142|0.0625916|-0.3286438|-0.9073181
1468950263.162|0.0641479|-0.3515778|-0.9462738
1468950263.184|0.0528564|-0.3408661|-0.9696198
1468950263.205|0.0349731|-0.3511658|-0.9482117
1468950263.246|0.0094147|-0.3033142|-0.9259796
1468950263.267|0.0265808|-0.3419342|-0.9262085
1468950263.288|0.0868378|-0.3310089|-0.9250183
1468950263.309|0.066803|-0.3520966|-0.8067627
1468950263.33|0.1060181|-0.3882599|-0.8676758
1468950263.351|0.2525787|-0.4151154|-0.8119354
1468950263.372|0.2603149|-0.3923035|-0.7434387
1468950263.393|0.2874451|-0.3518982|-0.8627167
1468950263.415|0.3652802|-0.3132782|-0.9951172
1468950263.436|0.3207092|-0.2695465|-1.0285034
1468950263.456|0.3253937|-0.2746277|-0.9502716
1468950263.478|0.3823242|-0.2930756|-0.9280396
1468950263.499|0.4256897|-0.292572|-0.9789734
1468950263.52|0.444931|-0.2499695|-1.0240173
1468950263.541|0.4582214|-0.292511|-1.0410614
1468950263.604|0.2199402|-0.255722|-0.608551
1468950263.625|0.2175446|-0.2224731|-0.8960419
1468950263.646|0.3563538|-0.2818451|-1.1807251
1468950263.667|0.2372131|-0.3365326|-1.305069
1468950263.688|0.043396|-0.2344055|-1.1490479
1468950263.709|0.0034943|-0.1875458|-1.0606384
1468950263.73|-0.0056763|-0.2363434|-0.9742432
1468950263.751|-0.0105591|-0.2092133|-0.9946289
1468950263.772|-0.0401154|-0.1472015|-1.1453552
1468950263.793|-0.0431824|-0.1438599|-1.2711182
1468950263.814|-0.0529022|-0.2517853|-1.190094
1468950263.835|-0.232666|-0.1485596|-1.1709137
1468950263.856|-0.1742401|-0.2246094|-1.2750702
1468950263.876|-0.1071167|-0.2164307|-1.0963593
1468950263.896|-0.1080322|-0.3110809|-0.96698
1468950263.917|-0.2613983|-0.0982819|-1.0900269
1468950263.938|-0.077774|-0.1524048|-0.9944
1468950263.959|0.0170746|-0.3321991|-0.9561768
1468950263.98|-0.1961823|-0.4062347|-1.0754395
1468950264.001|-0.2039032|-0.4095612|-1.00383
1468950264.022|-0.1240387|-0.3720551|-0.8733521
1468950264.044|-0.1146851|-0.4125366|-0.7563324
1468950264.065|-0.1408081|-0.4431458|-0.6722107
1468950264.086|-0.1897736|-0.468277|-0.5758209
1468950264.107|-0.2793427|-0.5058136|-0.6065674
1468950264.128|-0.1174316|-0.5720978|-0.626236
1468950264.149|-0.0558624|-0.4134369|-0.5476685
1468950264.17|-0.0261841|-0.4062347|-0.4362183
1468950264.191|-0.0236664|-0.476181|-0.4551086
1468950264.212|-0.0184784|-0.4359894|-0.5328369
1468950264.233|0.0100403|-0.3057861|-0.6292877
1468950264.255|0.1390686|0.0268402|-1.1051788
1468950264.275|-0.034668|-0.1236725|-1.0645599
1468950264.297|-0.0870056|-0.2728882|-1.005188
1468950264.317|-0.0183105|-0.1786346|-1.0637207
1468950264.339|-0.0771637|-0.0772858|-1.1556091
1468950264.36|-0.1607361|-0.0410461|-1.0092468
1468950264.381|-0.076889|-0.0725708|-0.9004974
1468950264.402|0.0086212|-0.0190582|-0.868454
1468950264.423|-0.0258179|0.0284729|-0.8965912
1468950264.443|-0.0305481|-0.0155945|-0.906601
1468950264.465|0.0077972|-0.141922|-1.0624542
1468950264.486|0.0027161|-0.1485443|-1.1119232
1468950264.507|-0.0334778|-0.0435944|-1.0169678
1468950264.528|-0.0379944|0.0332489|-0.9771881
1468950264.549|0.0021057|-0.0235443|-1.0947418
1468950264.569|-0.0081482|-0.0880127|-1.051239
1468950264.591|-0.0920715|-0.0173645|-0.9996643
1468950264.612|-0.2176971|0.0078583|-0.9192047
1468950264.632|-0.1448822|0.0139923|-1.0267792
1468950264.653|-0.0009766|0.0066223|-1.1044769
1468950264.674|0.0074615|-0.0304108|-1.1432648
1468950264.695|-0.0590668|0.0342712|-0.9904938
1468950264.717|-0.0099487|0.082016|-0.9448853
1468950264.737|0.033432|-0.0008087|-0.9271393
1468950264.759|0.0693665|-0.0454559|-0.9108124
1468950264.78|0.0390472|-0.009079|-0.8349609
1468950264.8|0.0311584|0.0162201|-0.7674561
1468950264.821|0.3954773|0.3462372|-3.1494446
1468950264.843|-0.1515503|0.0166779|-0.5752411
1468950264.864|0.1227417|0.2576294|-1.1111908
1468950264.885|-0.0425568|0.0966797|-1.0902557
1468950264.906|-0.0054474|0.1017761|-1.1641235
1468950264.926|-0.0165558|0.0125275|-1.0160522
1468950264.947|-0.0452728|-0.0484009|-0.77565
1468950264.969|-0.0255432|0.0080872|-1.0028839
1468950264.99|-0.0166779|0.0381317|-1.0849304
1468950265.032|-0.0160828|0.0071259|-0.9960175
1468950265.053|-0.0223389|-0.0060272|-0.9296722
1468950265.074|-0.0192261|0.0069733|-1.0000458
1468950265.095|-0.021225|0.0209045|-1.0382385
1468950265.116|-0.0210114|0.00914|-0.9938812
1468950265.137|-0.0202789|0.0042419|-0.9785461
1468950265.158|-0.0223694|0.0102386|-1.0144348
1468950265.179|-0.0182648|0.012558|-1.0141602
1468950265.201|-0.0207214|0.0096588|-1.0012054
1468950265.221|-0.0163879|0.0119934|-1.0049744
1468950265.242|-0.0168152|0.0100861|-1.0085144
1468950265.263|-0.0182343|0.0062256|-1.0000305
1468950265.284|-0.0186005|0.0130005|-1.0035248
1468950265.306|-0.0222168|0.0111389|-1.0026093
1468950265.327|-0.0184631|0.006485|-1.0007324
1468950265.348|-0.0172272|0.008667|-1.0097046
1468950265.369|-0.0187836|0.0105896|-1.0063782
1468950265.39|-0.0171204|0.0110168|-1.0018921
1468950265.41|-0.01651|0.0098724|-1.0144348
1468950265.431|-0.0191193|0.0105133|-0.9898529
1468950265.451|-0.0168457|0.0051117|-1.0203705
1468950265.472|-0.0188751|0.0124969|-0.9985657
1468950265.493|-0.0163269|0.0098114|-1.0063934
1468950265.514|-0.0223694|0.0087738|-1.0090179
1468950265.535|-0.0187073|0.0077362|-1.0070953
1468950265.556|-0.0187988|0.0105743|-1.003067
1468950265.577|-0.0155792|0.0088348|-1.0061493
1468950265.598|-0.0153656|0.0083313|-0.9997864
1468950265.619|-0.0180054|0.0098724|-1.0090027
1468950265.64|-0.021225|0.0101471|-1.0035553
1468950265.66|-0.0194702|0.0084381|-1.0038147
1468950265.682|-0.0165405|0.0093689|-1.0092316
1468950265.703|-0.0167694|0.0079041|-1.0054474
1468950265.724|-0.0170898|0.0105286|-1.0037842
1468950265.745|-0.0172882|0.0105743|-1.0087433
1468950265.765|-0.0158539|0.0112762|-1.0099335
1468950265.786|-0.0155487|0.0086212|-1.0090027
1468950265.807|-0.0185394|0.0108337|-1.0063782
1468950265.829|-0.0183411|0.010788|-0.9992828
1468950265.85|-0.0169067|0.0129547|-1.0037689
1468950265.871|-0.0197296|0.0079498|-1.0016785
1468950265.892|-0.0173492|0.0115204|-1.003067
1468950265.913|-0.0182343|0.0089111|-1.0078125
1468950265.934|-0.019989|0.0089264|-1.0023956
1468950265.955|-0.0172577|0.0086517|-1.0066376
1468950265.976|-0.0187378|0.0086823|-1.0063934
1468950265.997|-0.0188141|0.0105591|-1.000473
1468950266.018|-0.021698|0.0111389|-1.0059357
1468950266.039|-0.0184937|0.0096436|-1.0073395
1468950266.06|-0.0184784|0.0079346|-1.0035553
1468950266.081|-0.0204163|0.0084839|-1.0073547
1468950266.102|-0.0177307|0.0074615|-1.0083008
1468950266.123|-0.0185394|0.0093842|-1.0014343
1468950266.145|-0.0197754|0.0115967|-1.0075836
1468950266.165|-0.019989|0.0098877|-1.0035706
1468950266.186|-0.0187683|0.0098724|-1.0047455
1468950266.207|-0.0163116|0.0090942|-1.0052032
1468950266.228|-0.0188293|0.0120544|-1.0054321
1468950266.248|-0.0179901|0.0084229|-1.0052032
1468950266.27|-0.0171051|0.0120239|-1.0070801
1468950266.291|-0.0163727|0.0107574|-1.00354
1468950266.333|-0.0158234|0.0090942|-1.0068665
1468950266.523|-0.0193176|0.0115662|-1.0016632
1468950266.584|-0.0185242|0.0096283|-1.0042572
1468950266.669|-0.0175323|0.0091248|-1.0059357
1468950266.732|-0.0183411|0.0112915|-1.002121
1468950266.774|-0.0177612|0.0081635|-1.0052032
1468950266.795|-0.0175781|0.0115509|-1.0075684
1468950266.817|-0.0160217|0.0071716|-1.0054626
1468950266.838|-0.0177917|0.0101013|-1.0082703
1468950266.857|-0.0197906|0.0101166|-1.0023804
1468950266.878|-0.0182953|0.0110626|-1.005188
1468950266.899|-0.0187378|0.0079498|-1.0042572
1468950266.922|-0.0158081|0.0081329|-1.0068665
1468950266.941|-0.0153503|0.009552|-1.0063934
1468950266.962|-0.0166168|0.0100555|-1.002121
1468950266.984|-0.0197296|0.0089264|-1.0068817
1468950267.004|-0.0173035|0.0105591|-1.0068512
1468950267.025|-0.0165863|0.0105438|-1.0047302
1468950267.046|-0.0194397|0.0099182|-1.013031
1468950267.068|-0.0175476|0.0086365|-1.0014343
1468950267.088|-0.0180817|0.0122681|-1.0051727
1468950267.109|-0.0199127|0.0077667|-1.0078278
1468950267.13|-0.0194244|0.0075073|-1.00737
1468950267.151|-0.0175323|0.0093842|-1.0085297
1468950267.173|-0.0168304|0.0103149|-1.0059204
1468950267.194|-0.0175171|0.0086517|-1.0047455
1468950267.214|-0.01651|0.0079193|-1.0082855
1468950267.234|-0.0206757|0.008728|-1.0040588
1468950267.254|-0.0175934|0.0103149|-1.0023651
1468950267.275|-0.0155029|0.0064545|-1.0083008
1468950267.297|-0.0161285|0.0100403|-1.0018921
1468950267.318|-0.0189056|0.0065308|-1.007843
1468950267.339|-0.0165253|0.0076752|-1.0068665
1468950267.36|-0.0172882|0.0108185|-1.0092163
1468950267.381|-0.0152893|0.0086212|-1.0099487
1468950267.402|-0.0173492|0.0112915|-1.0040283
1468950267.423|-0.0183411|0.0127563|-1.0068359
1468950267.444|-0.0182037|0.0059967|-1.0016785
1468950267.465|-0.0196686|0.0045776|-0.9988861
1468950267.486|-0.0189514|0.0077209|-1.0059509
1468950267.508|-0.0192413|0.0106201|-1.0073395
1468950267.549|-0.0175018|0.008667|-1.0073395
1468950267.591|-0.0182495|0.0086517|-1.0033112
1468950267.654|-0.0185089|0.0101318|-1.0082703
1468950267.696|-0.0192871|0.0093842|-1.0002594
1468950267.716|-0.0182953|0.0115662|-1.0082703
1468950267.738|-0.0192108|0.0074921|-1.0045319
1468950267.759|-0.0173187|0.0105438|-1.0028381
1468950267.78|-0.0192413|0.0103912|-1.0073395
1468950267.801|-0.0190277|0.0088806|-1.0002594
1468950267.821|-0.017746|0.0091553|-1.0108948
1468950267.842|-0.0163269|0.0098114|-1.0054474
1468950267.863|-0.0190735|0.0105591|-0.9978943
1468950267.884|-0.0174866|0.008194|-1.0101776
1468950267.905|-0.0162811|0.0078888|-1.0054474
1468950267.926|-0.0182648|0.0098572|-1.0047455
1468950267.947|-0.0197144|0.0084534|-1.0059509
1468950267.967|-0.0157776|0.0071716|-1.0050049
1468950267.989|-0.0187836|0.0103607|-1.005188
1468950268.01|-0.0175934|0.0112915|-1.0056763
1468950268.031|-0.0231323|0.0217133|-1.0450897
1468950268.053|-0.0263214|0.0095367|-1.0005188
1468950268.073|-0.0157623|-0.0101624|-0.9519196
1468950268.094|-0.0139771|0.0020905|-1.0054932
1468950268.115|-0.016983|-0.0096588|-0.9533234
1468950268.136|-0.0250092|0.0144653|-1.0314331
1468950268.157|-0.0171204|0.0303345|-1.0646515
1468950268.178|-0.0195007|0.0006104|-0.9726715
1468950268.2|-0.0195923|0.004715|-0.9759521
1468950268.221|-0.0171814|0.0148315|-1.0389862
1468950268.242|-0.0258026|0.0173798|-1.032608
1468950268.263|-0.0125122|-0.0011444|-0.9925079
1468950268.284|-0.009964|0.0069427|-1.0368958
1468950268.305|-0.016449|-0.0027771|-0.9823608
1468950268.327|-0.0214844|0.0106354|-1.0011902
1468950268.347|-0.0164337|0.0133514|-1.0368652
1468950268.368|-0.0148926|0.0026855|-0.9787903
1468950268.389|-0.0249481|-0.0020294|-0.9506989
1468950268.41|-0.0175323|-0.0003662|-0.9757233
1468950268.431|-0.0166321|0.0058136|-1.0180054
1468950268.451|-0.0188751|-0.0034637|-0.9792938
1468950268.474|-0.0205383|0.0154877|-1.0148773
1468950268.493|-0.0202179|0.0128632|-1.0174866
1468950268.515|-0.020462|0.000885|-0.9778595
1468950268.536|-0.0147552|0.0081635|-1.0172577
1468950268.557|-0.0194092|0.0045776|-1.000061
1468950268.579|0.0449371|-0.0053253|-1.1297455
1468950268.599|0.0053101|-0.0118256|-1.0031738
1468950268.62|-0.007431|0.0106201|-1.0628662
1468950268.64|-0.0231628|0.0042877|-1.0166016
1468950268.662|-0.0594177|0.0146179|-0.9095459
1468950268.682|-0.0149689|0.0047913|-1.0125732
1468950268.704|-0.0166626|0.0084839|-1.0227051
1468950268.725|-0.0176544|-0.0037384|-0.980957
1468950268.746|-0.02005|0.0007477|-0.9998627
1468950268.766|-0.0192719|0.0045013|-0.9844513
1468950268.787|-0.0130005|0.0115967|-1.0373383
1468950268.808|-0.0185089|0.0047607|-0.9901123
1468950268.829|-0.0283508|0.0188904|-0.9865112
1468950268.851|-0.0266113|-0.0186005|-0.901413
1468950268.871|-0.0125427|0.0053711|-1.0447235
1468950268.892|-0.0171356|0.0072632|-1.0194092
1468950268.912|0.042923|-0.0135956|-1.0586395
1468950268.933|0.0003357|-0.0171509|-0.9705963
1468950268.954|-0.0120239|-0.002182|-1.0256195
1468950268.975|-0.011261|0.0132751|-1.0451202
1468950268.996|-0.0175018|0.0054932|-1.0000305
1468950269.017|-0.015564|0.0088501|-1.0085297
1468950269.038|-0.01651|0.0076904|-1.0073395
1468950269.06|-0.0186768|0.0048218|-1.0026398
1468950269.081|-0.0181732|0.0065155|-1.0080719
1468950269.102|-0.017807|0.0095825|-1.0028534
1468950269.122|-0.0177307|0.0064697|-1.0033264
1468950269.143|-0.0174866|0.0079346|-1.0080566
1468950269.164|-0.0179596|0.0055237|-1.0014496
1468950269.185|-0.0176697|0.0043182|-1.0061798
1468950269.206|-0.0167999|0.0086212|-1.0035553
1468950269.227|-0.0167999|0.0103455|-1.0103912
1468950269.248|-0.0189514|0.0072327|-1.0042877
1468950269.27|-0.0175781|0.0105438|-1.0037842
1468950269.291|-0.0184784|0.0089264|-1.0070953
1468950269.311|-0.0167542|0.0062103|-1.0035706
1468950269.332|-0.0132751|0.0035095|-1.004776
1468950269.353|-0.0163116|0.0090942|-1.0066376
1468950269.396|-0.0189056|0.0062866|-1.0087891
1468950269.417|-0.0180206|0.009613|-1.0054474
1468950269.437|-0.0180206|0.0084076|-1.0023804
1468950269.458|-0.0175629|0.0093689|-1.0045013
1468950269.479|-0.0157623|0.005722|-1.0035706
1468950269.5|-0.0158234|0.0086212|-1.0045013
1468950269.521|-0.0184479|0.0074921|-1.0075989
1468950269.542|-0.0180054|0.0084076|-1.0033112
1468950269.563|-0.0158234|0.0083618|-1.0028534
1468950269.583|-0.0180817|0.0120392|-1.006134
1468950269.605|-0.0165558|0.0083771|-1.0033112
1468950269.626|-0.0187225|0.0079498|-1.0063934
1468950269.647|-0.0167389|0.0062256|-1.0057068
1468950269.667|-0.0184784|0.0084381|-1.0068665
1468950269.688|-0.0212555|0.0121002|-1.0061493
1468950269.71|-0.0172577|0.0079041|-1.0028534
1468950269.731|-0.0141296|0.0075989|-1.0016632
1468950269.751|-0.0160522|0.0066833|-1.0023956
1468950269.772|-0.0180054|0.0074463|-1.0019226
1468950269.793|-0.0182343|0.0089111|-1.0082855
1468950269.814|-0.0153503|0.009552|-1.0054474
1468950269.835|-0.0170135|0.0081635|-1.0075836
1468950269.856|-0.0168304|0.0098267|-1.0042572
1468950269.877|-0.0168152|0.0093536|-1.0047455
1468950269.898|-0.018692|0.0055542|-1.0045166
1468950269.919|-0.0165405|0.0091248|-1.0078125
1468950269.94|-0.0182343|0.008667|-1.0063934
1468950269.961|-0.0155792|0.0073853|-1.0019226
1468950269.982|-0.0175476|0.0091095|-1.0033112
1468950270.003|-0.0177155|0.0072174|-1.0083008
1468950270.025|-0.016037|0.0071716|-1.0042725
1468950270.045|-0.0175323|0.0088806|-1.0049896
1468950270.066|-0.0184326|0.0057983|-1.0040588
1468950270.086|-0.0155029|0.0064545|-1.0071106
1468950270.107|-0.0187378|0.008194|-1.0059357
1468950270.128|-0.0206451|0.0075226|-1.0050201
1468950270.149|-0.0163269|0.0093384|-1.0052032
1468950270.17|-0.0136108|0.0088043|-1.0070953
1468950270.191|-0.0179596|0.0077209|-1.0080566
1468950270.212|-0.0177765|0.007431|-1.0023956
1468950270.234|-0.0180206|0.0084076|-1.0023804
1468950270.254|-0.0172119|0.0062408|-1.0068817
1468950270.276|-0.0170441|0.0074158|-1.0021515
1468950270.297|-0.0145721|0.0076294|-1.0059357
1468950270.318|-0.0164948|0.0059662|-1.0033264
1468950270.339|-0.0193939|0.0058136|-1.006424
1468950270.36|-0.0167847|0.0069275|-1.0023956
1468950270.381|-0.0172577|0.0086517|-1.0056915
1468950270.402|-0.0177612|0.0081635|-1.0054474
1468950270.423|-0.0160522|0.0081329|-1.0059357
1468950270.444|-0.0153351|0.0088348|-1.0066376
1468950270.465|-0.0172729|0.0086365|-1.0035553
1468950270.486|-0.0181885|0.0069885|-1.0071106
1468950270.507|-0.0182343|0.0081787|-1.0063934
1468950270.527|-0.0177002|0.0055237|-1.0057068
1468950270.548|-0.015274|0.0069275|-1.0071106
1468950270.569|-0.0179443|0.0072327|-1.0087738
1468950270.59|-0.0191956|0.0077362|-1.0061646
1468950270.611|-0.0147858|0.0069122|-1.0078278
1468950270.632|-0.0194702|0.0089264|-1.0066528
1468950270.653|-0.0157928|0.0076599|-1.0066376
1468950270.674|-0.0177307|0.006958|-1.0047607
1468950270.695|-0.013504|0.0044861|-1.0076141
1468950270.716|-0.0186615|0.0050812|-1.0066681
1468950270.738|-0.0181732|0.006012|-1.0047607
1468950270.759|-0.0153198|0.0074005|-1.0042725
1468950270.78|-0.0187073|0.0069885|-1.0052185
1468950270.801|-0.0182343|0.0079346|-1.0040436
1468950270.822|-0.0202332|0.0103912|-1.0049896
1468950270.843|-0.0134277|0.0095062|-1.0040436
1468950270.864|-0.0192108|0.0086975|-1.0066528
1468950270.885|-0.0189819|0.0081787|-1.0033264
1468950270.906|-0.0160828|0.0095673|-1.0068665
1468950270.927|-0.0153351|0.0081024|-1.0030823
1468950270.948|-0.0191803|0.0072479|-1.004776
1468950270.969|-0.0211792|0.0089569|-1.0057068
1468950270.99|-0.0164948|0.0062256|-1.0061646
1468950271.011|-0.0184631|0.0069885|-1.0042725
1468950271.032|-0.0187073|0.0067596|-1.0057068
1468950271.053|-0.0165558|0.0083771|-1.0035553
1468950271.074|-0.0165558|0.0091095|-1.0052032
1468950271.095|-0.017746|0.0074463|-1.0047607
1468950271.116|-0.0177765|0.0083923|-1.0026093
1468950271.137|-0.0165253|0.0079041|-1.0047455
1468950271.158|-0.0140686|0.0064087|-1.0054626
1468950271.18|-0.0189514|0.0072174|-1.0026398
1468950271.2|-0.0167694|0.0076752|-1.0059357
1468950271.222|-0.0167389|0.0067291|-1.0080719
1468950271.243|-0.0145416|0.0069122|-1.0073547
1468950271.263|-0.0170593|0.0090942|-1.0033112
1468950271.284|-0.0170288|0.0091248|-1.0070953
1468950271.305|-0.0189819|0.0089111|-1.0064087
1468950271.326|-0.0174408|0.0045624|-1.0040741
1468950271.347|-0.0175018|0.0084229|-1.0078125
1468950271.368|-0.016098|0.0100555|-1.0059204
1468950271.389|-0.0167847|0.0076752|-1.0040436
1468950271.41|-0.019165|0.0065308|-1.0059662
1468950271.431|-0.0164795|0.0059814|-1.0061646
1468950271.452|-0.0197144|0.0077209|-1.0038147
1468950271.472|-0.0191956|0.0079651|-1.0052185
1468950271.493|-0.0151062|0.0076294|-1.0019073
1468950271.536|-0.0177155|0.0057678|-1.0040588
1468950271.578|-0.0157928|0.0078888|-1.0054474
1468950271.62|-0.0172119|0.0072174|-1.0080719
1468950271.662|-0.0153198|0.0066681|-1.0023956
1468950271.683|-0.0171967|0.0057678|-1.0066528
1468950271.704|-0.0179901|0.0089111|-1.0073395
1468950271.725|-0.0172119|0.0057526|-1.0030975
1468950271.746|-0.0147858|0.0071564|-1.0078278
1468950271.767|-0.0186615|0.0053101|-1.004776
1468950271.788|-0.0162811|0.0071564|-1.0028687
1468950271.809|-0.0174561|0.0069733|-1.0094757
1468950271.83|-0.018692|0.0062714|-1.0050049
1468950271.85|-0.018219|0.0077057|-1.0047455
1468950271.872|-0.0174713|0.0055237|-1.0045166
1468950271.892|-0.0169983|0.0074463|-1.0073547
1468950271.913|-0.0150604|0.0074158|-1.0071106
1468950271.934|-0.0155334|0.0061798|-1.0038147
1468950271.955|-0.0163269|0.009079|-1.0035553
1468950271.976|-0.016098|0.0100555|-1.0056763
1468950271.997|-0.0184479|0.0079651|-1.0073395
1468950272.018|-0.0155945|0.0102997|-1.0077972
1468950272.039|-0.016098|0.009079|-1.0021362
1468950272.06|-0.0167999|0.0081482|-1.0045013
1468950272.081|-0.0158081|0.0083771|-1.0061493
1468950272.102|-0.0184479|0.0072327|-1.0059509
1468950272.124|-0.0155487|0.0061798|-1.0023956
1468950272.145|-0.0167694|0.0071869|-1.0045166
1468950272.166|-0.0158081|0.0074158|-1.0045166
1468950272.187|-0.016037|0.0061951|-1.0023956
1468950272.207|-0.0162811|0.0074158|-1.0061646
1468950272.228|-0.0170288|0.0083923|-1.0066376
1468950272.249|-0.0158081|0.0078888|-1.0045013
1468950272.271|-0.0174866|0.0067291|-1.0047607
1468950272.291|-0.020462|0.0089264|-1.0026245
1468950272.313|-0.0153503|0.009079|-1.0042572
1468950272.333|-0.0152893|0.0066833|-1.0057068
1468950272.354|-0.018692|0.0050659|-1.0009918
1468950272.376|-0.0160217|0.0079041|-1.0085297
1468950272.397|-0.0172424|0.0079193|-1.0054474
1468950272.418|-0.01828|0.0098419|-1.0037994
1468950272.439|-0.0180206|0.0098572|-1.0052032
1468950272.46|-0.0141144|0.0085754|-1.0068665
1468950272.481|-0.0170593|0.0103302|-1.0075684
1468950272.502|-0.0160675|0.0081329|-1.0040436
1468950272.523|-0.0152283|0.004776|-1.0071259
1468950272.544|-0.0160675|0.0093536|-1.0075836
1468950272.565|-0.0162964|0.0088654|-1.0073395
1468950272.586|-0.0175323|0.0091248|-1.0068665
1468950272.606|-0.0037689|0.0108948|-1.1335297
1468950272.627|0.0054169|-0.0176086|-0.9987335
1468950272.648|-0.0113678|0.0092316|-1.0529633
1468950272.67|-0.0162506|-0.0045319|-0.9698486
1468950272.693|-0.0218658|0.0153503|-1.0302429
1468950272.712|-0.0209351|0.0031128|-0.9851685
1468950272.733|-0.0187225|0.0067444|-1.0030975
1468950272.754|-0.018692|0.0116425|-1.0224609
1468950272.779|-0.0047455|0.0177917|-1.1557159
1468950272.796|0.0087128|-0.0228882|-0.9689636
1468950272.817|-0.0119476|0.0140839|-1.0571747
1468950272.838|-0.0110168|-0.0023499|-0.9951172
1468950272.861|-0.023819|0.0212708|-1.0500641
1468950272.88|-0.0238953|-0.0059052|-0.9485779
1468950272.901|-0.0215302|0.0139618|-1.0394745
1468950272.924|-0.0180206|0.0005951|-0.9757233
1468950272.943|-0.0171051|0.0016785|-1.005249
1468950272.964|-0.0136871|-0.0052338|-0.9837952
1468950272.984|-0.0101776|0.0148163|-1.0687408
1468950273.005|-0.0177307|-0.0020752|-0.9762115
1468950273.026|-0.0171051|0.0063171|-1.0222473
1468950273.047|-0.0184021|0.004837|-1.0052338
1468950273.068|-0.0406494|0.0162048|-0.9236755
1468950273.089|-0.074646|-0.0010223|-0.8361511
1468950273.11|-0.0268097|0.0051727|-0.9880219
1468950273.13|-0.0088043|0.0059814|-0.9931488
1468950273.151|-0.0066376|-0.0110168|-0.967041
1468950273.172|-0.0061188|0.0075073|-1.0666809
1468950273.192|-0.0128632|0.0024719|-0.9915466
1468950273.214|-0.0157013|0.0101624|-1.0267181
1468950273.234|-0.0162506|0.0067139|-1.0078278
1468950273.255|-0.0076904|0.0098267|-1.0940857
1468950273.276|0.0008698|-0.0105286|-0.9996338
1468950273.297|-0.0167847|-0.0013733|-0.9736023
1468950273.318|-0.0205841|0.0153809|-1.0397034
1468950273.339|-0.0160065|-0.0028381|-0.9747925
1468950273.359|-0.0169678|0.0086823|-1.0139618
1468950273.38|-0.0145111|0.0049896|-1.0066681
1468950273.401|-0.01474|0.0045013|-1.006424
1468950273.422|0.1268768|-0.0001373|-1.4243011
1468950273.443|-0.0362701|0.0086365|-0.9664917
1468950273.464|-0.0180206|0.0027924|-0.9830475
1468950273.485|-0.0149689|0.0011292|-0.9990997
1468950273.507|-0.0273285|0.0178528|-1.0236206
1468950273.527|-0.0333862|-0.0080872|-0.9065552
1468950273.548|-0.0208588|0.0119476|-1.0248413
1468950273.57|-0.0189514|0.0023651|-0.9882507
1468950273.591|-0.0175629|0.0046387|-1.0222626
1468950273.612|-0.0150909|0.0056915|-0.9976654
1468950273.633|-0.0149384|0.0021362|-1.0088043
1468950273.654|-0.0153656|0.0006866|-1.0078735
1468950273.675|0.0552979|-0.0231781|-1.022522
1468950273.696|-0.0039978|-0.0253601|-0.9496155
1468950273.717|-0.0185547|0.0271454|-1.0939789
1468950273.738|-0.0160522|-0.0055542|-0.959198
1468950273.759|-0.0168762|0.0058289|-1.0198975
1468950273.78|-0.0158997|0.0038452|-1.0121002
1468950273.801|-0.0181122|-0.0002747|-0.993927
1468950273.822|-0.0186157|0.0051117|-1.0113831
1468950273.842|-0.0186005|0.0007172|-0.9986572
1468950273.863|-0.0143127|0.0083618|-1.0127869
1468950273.884|-0.019104|0.0046234|-1.0071411
1468950273.906|-0.014801|0.0066681|-1.0050049
1468950273.926|-0.015976|0.006958|-1.0113678
1468950273.948|-0.0177155|0.0062408|-1.0047607
1468950273.968|-0.0167389|0.0062256|-1.0052185
1468950273.989|-0.0164948|0.0067291|-1.0083008
1468950274.01|-0.0183868|0.0041199|-1.0040741
1468950274.031|-0.0194092|0.0060272|-1.0028839
1468950274.052|-0.018219|0.0074615|-1.0057068
1468950274.073|-0.0187531|0.008194|-1.0040436
1468950274.094|-0.0181885|0.0067596|-1.0080719
1468950274.116|-0.0156097|0.0083313|-1.0000153
1468950274.136|-0.0206604|0.0084839|-1.0066528
1468950274.177|-0.0166931|0.0055237|-1.009964
1468950274.198|-0.0177307|0.0062256|-1.0030975
1468950274.219|-0.0162354|0.005249|-1.0045319
1468950274.24|-0.0145569|0.0076447|-1.0070953
1468950274.261|-0.0155182|0.0069275|-1.0071106
1468950274.282|-0.0174866|0.0064697|-1.0026245
1468950274.324|-0.0193481|0.003891|-1.0057373
1468950274.345|-0.018158|0.0045776|-1.0042877
1468950274.366|-0.0177307|0.0067291|-1.0057068
1468950274.387|-0.0171814|0.006012|-1.0071106
1468950274.408|-0.0167542|0.0064545|-1.0033264
1468950274.429|-0.0164795|0.0057526|-1.0047607
1468950274.45|-0.0172424|0.006958|-1.0040588
1468950274.471|-0.0179291|0.0048218|-1.0045319
1468950274.492|-0.0172424|0.0076904|-1.0061493
1468950274.513|-0.016037|0.0074158|-1.0054626
1468950274.534|-0.0184479|0.0067596|-1.0061646
1468950274.555|-0.0151215|0.0100555|-1.0089874
1468950274.576|-0.0191803|0.0057983|-1.0014648
1468950274.597|-0.0143433|0.007843|-1.0049896
1468950274.619|-0.0147705|0.0049744|-1.0031128
1468950274.639|-0.0159607|0.0047913|-1.00737
1468950274.66|-0.0174713|0.0079498|-1.0101776
1468950274.681|-0.0181732|0.0040741|-0.9998169
1468950274.702|-0.0130615|0.0056915|-1.0078278
1468950274.723|-0.0179291|0.0065155|-1.0071106
1468950274.744|-0.0162964|0.0088654|-1.0080566
1468950274.765|-0.0184631|0.0062561|-1.0023956
1468950274.786|-0.0165863|0.0105438|-1.005188
1468950274.807|-0.0142822|0.0042419|-1.0040741
1468950274.827|-0.015564|0.0078583|-1.0033112
1468950274.848|-0.0157928|0.0083923|-1.0070953
1468950274.869|-0.0153198|0.0081177|-1.0054474
1468950274.891|-0.0179596|0.0067444|-1.0064087
1468950274.911|-0.0168152|0.0081329|-1.0021362
1468950274.933|-0.0174561|0.0055237|-1.0068817
1468950274.955|-0.014801|0.0061646|-1.0028687
1468950274.974|-0.016037|0.0069122|-1.0033264
1468950274.995|-0.0167084|0.0059967|-1.0075989
1468950275.016|0.0433655|-0.0140839|-1.1515656
1468950275.037|0.0361176|0.0583038|-1.2645569
1468950275.058|0.0059662|0.071991|-1.273056