1468512544.194
1468512544.212
1468512544.346
1468512544.578
1468512544.795
1468512544.978
1468512545.162
1468512545.296
1468512545.379
1468512545.513
1468512545.662
1468512546.929
1468512547.346
1468512547.412
1468512547.528
1468512547.629
1468512547.812
1468512547.912
1468512548.029
1468512548.162
1468512548.295
1468512548.394
1468512548.629
1468512549.112
1468512549.96
1468512556.016
1468512556.251
1468512556.402
1468512556.668
1468512556.768
1468512556.885
1468512557.035
1468512557.349
1468512559.285
1468512559.401
1468512559.534
1468512559.635
1468512559.751
1468512559.901
1468512560.018
1468512560.135
1468512561.85
1468512570.001
1468512570.066
1468512570.37
1468512570.501
1468512570.615
1468512570.732
1468512570.885
1468512571.018
1468512571.234
1468512571.499
1468512576.734
1468512576.868
1468512577.015
1468512577.234
1468512577.385
1468512577.615
1468512577.801
1468512577.935
1468512578.117
1468512578.417
1468512578.949
1468512579.701
1468512579.985
1468512580.168
1468512580.318
1468512580.651
1468512581.301
1468512589.468