1468437912.723
1468437914.058
1468437914.89
1468437915.406
1468437915.875
1468437917.275
1468437919.024
1468437922.106
1468437922.991
1468437923.707
1468437924.607
1468437925.575
1468437926.841
1468437927.491
1468437929.224
1468437932.492
1468437933.208
1468437933.991
1468437935.039
1468437935.507
1468437941.208
1468437941.358
1468437941.476
1468437941.675
1468437941.824
1468437941.941
1468437942.108
1468437942.257
1468437942.408
1468437942.491
1468437942.641
1468437942.807
1468437943.124
1468437943.474
1468437943.624
1468437943.774
1468437943.941
1468437944.024
1468437944.174
1468437945.657
1468437945.807
1468437945.924
1468437946.191
1468437946.275
1468437946.459
1468437946.591
1468437946.957
1468437947.089
1468437947.256
1468437947.341
1468437947.539
1468437947.641
1468437947.757
1468437948.457
1468437948.772
1468437949.441
1468437949.654
1468437949.673
1468437950.59
1468437951.39
1468437951.891
1468437952.407
1468437953.874
1468437953.991
1468437954.124
1468437954.274
1468437954.407
1468437954.707
1468437954.974
1468437955.324
1468437957.124
1468437957.274
1468437957.407
1468437957.557
1468437957.692
1468437957.956
1468437958.891
1468437959.188
1468437960.891
1468437961.122
1468437961.158
1468437961.741
1468437961.922
1468437962.506
1468437962.807
1468437963.091
1468437963.224
1468437964.624
1468437964.891
1468437965.091
1468437965.289
1468437965.658
1468437965.874
1468437966.824
1468437967.008
1468437967.108
1468437967.258
1468437967.474
1468437968.191
1468437968.658
1468437969.091
1468437969.541
1468437970.222
1468437971.507
1468437972.322
1468437973.724
1468437974.441
1468437975.557