1468943673.181|-0.0050201|-0.3348541|-0.7091675
1468943673.201|-0.1196136|-0.2716064|-0.970047
1468943673.224|-0.4219513|-0.1848145|-0.821991
1468943673.244|-0.2266388|-0.0543518|-0.7518005
1468943673.265|0.1066589|-0.0396729|-0.8406982
1468943673.287|0.1964874|-0.2895508|-1.0960846
1468943673.307|0.0633545|-0.0474091|-1.0198212
1468943673.327|-0.0869141|-0.0593262|-1.143219
1468943673.348|-0.386734|-0.0934906|-1.1567535
1468943673.368|-0.3161469|-0.0348816|-0.6410217
1468943673.389|-0.2835846|-0.1296234|-0.7389832
1468943673.411|0.1548309|-0.4646301|-0.575882
1468943673.432|-0.1538696|0.1814117|-0.5157013
1468943673.453|-0.3500366|0.0095215|-0.8065338
1468943673.473|-0.4182434|0.2186127|-0.6222839
1468943673.494|-0.8797913|0.128952|-0.746048
1468943673.516|-0.8206177|0.3513947|-0.8096161
1468943673.537|-0.3631287|0.300354|-0.8126068
1468943673.557|-0.7351074|0.3175507|-0.722641
1468943673.579|-1.0096283|0.2213135|-0.3634644
1468943673.627|-1.1624451|0.4914093|-0.7891998
1468943673.598|-0.9296417|0.3353271|-0.4308014
1468943673.689|-1.0289459|0.5655212|-0.28479
1468943673.711|-1.0582275|0.7193604|-0.3322601
1468943673.724|-0.9903717|0.7620239|-0.4079285
1468943673.744|-0.9255676|0.8694458|-0.4398804
1468943673.764|-1.0528564|0.900177|-0.2456818
1468943673.785|-0.9680481|0.911377|-0.1746826
1468943673.806|-0.8688354|0.9363556|-0.3641052
1468943673.827|-0.9558563|0.9229889|-0.5282593
1468943673.848|-0.9410248|0.8042908|-0.6148376
1468943673.869|-0.8151703|0.8773193|-0.6750183
1468943673.891|-0.7375946|0.9763489|-0.5289917
1468943673.911|-0.6912689|0.9673004|-0.1740723
1468943673.933|-0.6796875|1.0072479|-0.0886688
1468943673.954|-0.6004333|1.0097809|-0.03125
1468943673.975|-0.559906|1.1034851|0.0493927
1468943673.995|-0.4949036|1.0324554|0.0634918
1468943674.016|-0.3167114|0.9845581|0.1889343
1468943674.037|-0.3213959|0.876297|0.3146515
1468943674.059|-0.2710419|0.8285065|0.1243744
1468943674.079|-0.1723785|0.8035126|-0.028244
1468943674.1|-0.0397491|0.8690948|-0.022995
1468943674.121|-0.1103516|0.9059448|0.0392609
1468943674.141|-0.2220764|0.8856964|0.1589355
1468943674.162|-0.3316956|0.804245|0.2904968
1468943674.186|-0.4127197|0.7862244|0.3608398
1468943674.205|-0.4842377|0.8481598|0.2653351
1468943674.225|-0.5063782|1.0033569|0.063736
1468943674.288|-0.4122772|1.2167511|-0.0281525
1468943674.309|-0.4120789|1.261322|0.0040588
1468943674.33|-0.4006042|1.3426819|0.0349121
1468943674.352|-0.266037|1.3202667|0.0216064
1468943674.373|-0.1737671|1.2214661|-0.012146
1468943674.394|-0.1660461|1.0830231|-0.0641479
1468943674.456|-0.4351196|0.733902|-0.0447845
1468943674.477|-0.4936676|0.7622681|0.0264282
1468943674.519|-0.4756927|0.7692566|0.281601
1468943674.543|-0.4171295|0.7060699|0.251297
1468943674.563|-0.4115448|0.7083282|0.109726
1468943674.602|-0.4174347|0.8598785|-0.1107635
1468943674.671|-0.4408569|0.7527924|0.2903442
1468943674.686|-0.4723358|0.7685089|0.2227478
1468943674.707|-0.5031891|0.7885284|0.254715
1468943674.729|-0.5514221|0.7539368|0.3160706
1468943674.75|-0.5323944|0.7125549|0.3749237
1468943674.771|-0.4433441|0.8356476|0.4691467
1468943674.792|-0.4227448|0.8344421|0.3793488
1468943674.813|-0.4811401|0.9084778|0.2125549
1468943674.834|-0.5205536|0.9449005|0.1283112
1468943674.855|-0.5604401|0.9768677|0.165329
1468943674.876|-0.5651093|0.9252319|0.1725159
1468943674.897|-0.6412506|0.9597778|0.2385254
1468943674.917|-0.6699982|1.0502014|0.2237091
1468943674.938|-0.6973572|1.0478363|0.1465454
1468943674.959|-0.7068329|0.9464722|0.066864
1468943674.981|-0.7618561|0.8300171|-0.0170441
1468943675.002|-0.7972412|0.7695618|-0.0364532
1468943675.023|-0.8015289|0.7972412|0.031311
1468943675.043|-0.7132111|0.8457336|0.1349487
1468943675.064|-0.5786896|0.8683167|0.2163239
1468943675.085|-0.541214|0.8684692|0.2104797
1468943675.105|-0.5275879|0.853302|0.1546173
1468943675.125|-0.5528717|0.839386|0.0672302
1468943675.146|-0.5580902|0.8269348|-0.0165558
1468943675.167|-0.5402069|0.7926788|-0.0259552
1468943675.187|-0.4996643|0.7457428|0.0385895
1468943675.208|-0.4588318|0.7111816|0.0836182
1468943675.23|-0.4009247|0.7035522|0.1023865
1468943675.251|-0.365799|0.6966705|0.072403
1468943675.271|-0.3533936|0.7055206|0.0781555
1468943675.292|-0.3361206|0.7111511|0.1255341
1468943675.313|-0.3129578|0.70047|0.1843719
1468943675.334|-0.3198853|0.7222748|0.2320251
1468943675.355|-0.3495026|0.782074|0.2347107
1468943675.376|-0.4161987|0.9060822|0.2138977
1468943675.397|-0.4403687|1.0819702|0.163269
1468943675.417|-0.4730835|1.098999|0.125
1468943675.438|-0.5597382|1.0957489|0.050766
1468943675.458|-0.661438|1.0643921|-0.0066681
1468943675.48|-0.7597961|1.0715332|0.0585938
1468943675.501|-0.725769|1.0052643|0.1764374
1468943675.522|-0.6867371|0.963089|0.2644348
1468943675.543|-0.6486511|0.9641571|0.1676178
1468943675.565|-0.6265259|0.8613129|0.0965118
1468943675.585|-0.6221771|0.8135986|0.0507965
1468943675.606|-0.6207581|0.8285217|0.0414581
1468943675.627|-0.5967102|0.8287659|0.0791016
1468943675.648|-0.5746155|0.8278961|0.1540985
1468943675.669|-0.5650482|0.8148499|0.2192993
1468943675.69|-0.5595245|0.7750244|0.2230377
1468943675.711|-0.5349274|0.7284088|0.1989136
1468943675.732|-0.4823456|0.707077|0.1918182
1468943675.753|-0.464447|0.7142029|0.1767731
1468943675.774|-0.4238281|0.6994781|0.1557312
1468943675.795|-0.3828278|0.6819458|0.1557007
1468943675.816|-0.3409424|0.7115936|0.151062
1468943675.837|-0.3008118|0.7434387|0.1466217
1468943675.858|-0.2689362|0.752182|0.1796417
1468943675.879|-0.2245789|0.7395782|0.2408905
1468943675.9|-0.2091675|0.7085876|0.2605896
1468943675.921|-0.2581635|0.7439728|0.2339783
1468943675.941|-0.3503571|0.8281403|0.1676788
1468943675.962|-0.482132|1.0033875|0.1430054
1468943675.983|-0.5402527|1.0188293|0.1977997
1468943676.005|-0.6342468|1.0152435|0.22995
1468943676.025|-0.8155823|1.1799469|0.2700958
1468943676.046|-0.806366|1.2637939|0.1995392
1468943676.067|-0.7460632|1.1869049|0.1109772
1468943676.088|-0.7405853|1.0200653|0.0261383
1468943676.109|-0.875|0.8676605|-0.0234375
1468943676.13|-0.8723907|0.8748627|0.0666656
1468943676.151|-0.746109|0.8906097|0.2042236
1468943676.173|-0.5864868|0.8673859|0.2947693
1468943676.194|-0.4918976|0.8576965|0.3178711
1468943676.215|-0.4617767|0.824295|0.2276611
1468943676.236|-0.4582367|0.7858582|0.0595398
1468943676.257|-0.4758606|0.773468|0.0163727
1468943676.278|-0.4667053|0.6958618|0.0123138
1468943676.299|-0.4103241|0.6018524|-0.0541077
1468943676.32|-0.4697571|0.7396851|0.0584869
1468943676.341|-0.37323|0.6298828|0.0397797
1468943676.362|-0.3977051|0.6604004|0.0616608
1468943676.383|-0.3377686|0.7267761|0.1336823
1468943676.404|-0.304718|0.7318726|0.1188965
1468943676.425|-0.3000946|0.7645416|0.1110992
1468943676.446|-0.3328094|0.8079224|0.0924072
1468943676.467|-0.3922424|0.8869476|0.0871124
1468943676.488|-0.4621582|1.0053253|0.0974426
1468943676.509|-0.4791565|1.116333|0.102417
1468943676.551|-0.6189423|1.0462799|0.0604553
1468943676.572|-0.7224426|1.1154938|0.0987244
1468943676.593|-0.6986237|1.0968475|0.1617889
1468943676.614|-0.6780701|1.037323|0.2389679
1468943676.636|-0.6687317|0.9428253|0.1898804
1468943676.657|-0.7395477|0.8628235|0.0546112
1468943676.677|-0.7289429|0.832016|0.0662689
1468943676.699|-0.6731415|0.797348|0.1598053
1468943676.72|-0.6468506|0.7727661|0.2393494
1468943676.741|-0.6586151|0.7837067|0.3193054
1468943676.762|-0.6400299|0.7777405|0.3226318
1468943676.783|-0.5713196|0.7296753|0.2543793
1468943676.804|-0.5214081|0.7159119|0.1837311
1468943676.825|-0.4837341|0.7072754|0.1116638
1468943676.846|-0.4171448|0.7478027|0.0823059
1468943676.867|-0.3626556|0.7554016|0.050827
1468943676.888|-0.3302612|0.753479|0.0487518
1468943676.909|-0.2915802|0.7265625|0.0647583
1468943676.93|-0.2826843|0.7026062|0.0570526
1468943676.951|-0.261673|0.7031708|0.0393677
1468943676.972|-0.2989197|0.7020416|0.0501404
1468943676.993|-0.3308868|0.7106323|0.1066284
1468943677.014|-0.369278|0.7357483|0.160141
1468943677.035|-0.4393158|0.8035736|0.1805115
1468943677.056|-0.5070496|0.9702148|0.1982727
1468943677.077|-0.490509|1.0259094|0.1507111
1468943677.181|-0.693161|1.1083527|0.0048828
1468943677.203|-0.8324127|0.9786072|0.0149841
1468943677.224|-0.8884888|0.9616547|0.0934601
1468943677.245|-0.8142853|0.9290466|0.2267456
1468943677.266|-0.7061005|0.8977203|0.3310852
1468943677.287|-0.6239319|0.8907776|0.3506317
1468943677.308|-0.5585632|0.8791199|0.2242432
1468943677.329|-0.4658203|0.8900146|0.1382446
1468943677.35|-0.3996429|0.7892761|-0.017807
1468943677.371|-0.3540802|0.7356415|-0.0279999
1468943677.392|-0.3231812|0.6919556|0.0088959
1468943677.413|-0.3057709|0.6637268|0.0453796
1468943677.434|-0.2832336|0.6760101|0.0847626
1468943677.454|-0.2805176|0.6962433|0.1147003
1468943677.475|-0.251236|0.7196655|0.1595917
1468943677.495|-0.246933|0.7298584|0.1717529
1468943677.516|-0.2932281|0.768219|0.1593781
1468943677.537|-0.3673248|0.8767548|0.1379395
1468943677.558|-0.3988342|0.9881134|0.1350708
1468943677.579|-0.4221039|1.062027|0.1222839
1468943677.6|-0.4385376|1.0870056|0.0606995
1468943677.621|-0.5761414|1.1219635|-0.0188141
1468943677.642|-0.6936035|1.2116241|0.0342102
1468943677.663|-0.6718903|1.1315155|0.0847778
1468943677.684|-0.6186829|0.9736328|0.0604248
1468943677.705|-0.648941|0.8696594|-0.0245361
1468943677.726|-0.728775|0.8573608|-0.0063629
1468943677.747|-0.7123108|0.8504944|0.0917358
1468943677.767|-0.6269684|0.8828735|0.258606
1468943677.789|-0.6015625|0.921875|0.2846985
1468943677.81|-0.55896|0.9200897|0.2115173
1468943677.831|-0.5280762|0.8722076|0.1292267
1468943677.852|-0.4961243|0.8050385|0.0945587
1468943677.873|-0.467926|0.7518768|0.0651703
1468943677.893|-0.4385681|0.7169189|0.0529633
1468943677.914|-0.3924713|0.6976318|0.0938568
1468943677.934|-0.3697662|0.6923523|0.1349945
1468943677.956|-0.3151703|0.6967468|0.1673279
1468943677.976|-0.3087463|0.7048492|0.1574707
1468943677.997|-0.3272247|0.7116089|0.1378479
1468943678.018|-0.3540649|0.7106171|0.1186218
1468943678.039|-0.4202118|0.7520599|0.1570435
1468943678.059|-0.4347076|0.8093414|0.1630859
1468943678.08|-0.4637604|0.9024963|0.181366
1468943678.206|-0.7215424|0.9891357|0.1137085
1468943678.227|-0.6478577|1.0250702|0.198761
1468943678.248|-0.553772|1.0094452|0.2116699
1468943678.269|-0.5437164|0.9702759|0.1601105
1468943678.29|-0.6307068|0.9463196|0.0947266
1468943678.311|-0.7058716|0.9299316|0.0546875
1468943678.331|-0.7333679|0.9168243|0.1013489
1468943678.352|-0.7398529|0.9042053|0.1998291
1468943678.373|-0.7269592|0.8995209|0.2159119
1468943678.394|-0.7070312|0.8768463|0.188385
1468943678.415|-0.6638489|0.8520355|0.1462402
1468943678.436|-0.6049194|0.8312531|0.0982513
1468943678.457|-0.5185852|0.8243713|0.0794983
1468943678.479|-0.3931122|0.8244934|0.0751038
1468943678.5|-0.3017426|0.8218536|0.0537872
1468943678.521|-0.2222595|0.8018036|0.0526886
1468943678.542|-0.1819916|0.7929535|0.0581512
1468943678.563|-0.176239|0.7728882|0.1006012
1468943678.584|-0.1990967|0.7422791|0.1707611
1468943678.605|-0.2725525|0.7624359|0.2127991
1468943678.626|-0.3587341|0.880127|0.1507416
1468943678.648|-0.3731689|0.9641876|0.0921783
1468943678.669|-0.3679504|1.0204315|0.0263824
1468943678.69|-0.3839569|1.0219727|-0.0194855
1468943678.711|-0.4945984|1.0636902|0.0190277
1468943678.731|-0.5581055|1.1195984|0.0849915
1468943678.751|-0.55513|1.07724|0.0790405
1468943678.772|-0.6062012|0.9472504|0.1347504
1468943678.792|-0.6685791|0.8834686|0.2289429
1468943678.812|-0.6776428|0.8302917|0.2760773
1468943678.834|-0.6737976|0.8365173|0.2614746
1468943678.855|-0.6363525|0.8525543|0.2099152
1468943678.876|-0.6087341|0.8520355|0.1903534
1468943678.897|-0.5709534|0.8451538|0.1974945
1468943678.918|-0.5069275|0.8068695|0.2084961
1468943678.939|-0.4572906|0.7285156|0.2194214
1468943678.96|-0.4528656|0.7038574|0.22258
1468943678.981|-0.4401703|0.6922607|0.2241974
1468943679.002|-0.4279022|0.687912|0.2223206
1468943679.022|-0.4003601|0.6868744|0.2124329
1468943679.043|-0.3735046|0.6997833|0.1549072
1468943679.064|-0.3930511|0.7226715|0.0928345
1468943679.085|-0.4028778|0.7500153|0.0523224
1468943679.106|-0.4172363|0.7341461|0.0727692
1468943679.126|-0.449295|0.7541504|0.1056824
1468943679.171|-0.5601349|0.8708038|0.1629333
1468943679.232|-0.6803894|1.0297546|0.176712
1468943679.253|-0.8049774|1.1222992|0.1638184
1468943679.274|-0.8317108|1.1627197|0.1335144
1468943679.295|-0.7871857|1.1516418|0.1283569
1468943679.316|-0.7250519|1.0588226|0.1392212
1468943679.337|-0.7097168|0.9385529|0.120697
1468943679.358|-0.6702728|0.7934113|0.1150818
1468943679.379|-0.6265411|0.7888947|0.1990967
1468943679.4|-0.5645752|0.8132019|0.2589874
1468943679.421|-0.4502869|0.826416|0.2823029
1468943679.442|-0.4072418|0.8774109|0.2808533
1468943679.463|-0.445343|0.9039154|0.1504517
1468943679.484|-0.5243835|0.9066772|0.0438995
1468943679.505|-0.5869293|0.8742218|-0.0125122
1468943679.526|-0.5735016|0.8107452|0.0192261
1468943679.547|-0.5370026|0.7650452|0.0965576
1468943679.568|-0.4868011|0.7552643|0.1479034
1468943679.589|-0.436676|0.7409668|0.1862183
1468943679.61|-0.3889008|0.7461853|0.181427
1468943679.632|-0.3522797|0.7887115|0.1267242
1468943679.653|-0.3228455|0.8010101|0.0803223
1468943679.674|-0.2931824|0.7940979|0.034256
1468943679.695|-0.2872162|0.8014374|0.0274506
1468943679.716|-0.3149109|0.8511353|0.0296173
1468943679.737|-0.3656006|0.921875|0.0547943
1468943679.757|-0.3981934|1.0040894|0.06073
1468943679.778|-0.3897095|1.0343628|0.0335236
1468943679.8|-0.4112854|1.0072937|0.0086975
1468943679.821|-0.4808197|1.0746307|0.029541
1468943679.842|-0.4618225|1.078064|0.0811462
1468943679.863|-0.4551392|1.0384674|0.1279602
1468943679.884|-0.4674377|0.9856567|0.1152649
1468943679.905|-0.5580292|0.8892212|0.0796204
1468943679.926|-0.6481934|0.8327637|0.1279449
1468943679.947|-0.7196503|0.832901|0.2253876
1468943679.968|-0.7675018|0.8317719|0.3288269
1468943679.989|-0.7749176|0.8265381|0.3963623
1468943680.01|-0.7830811|0.8675079|0.4195709
1468943680.031|-0.7402954|0.8396606|0.4105072
1468943680.052|-0.6012573|0.8009949|0.2621155
1468943680.073|-0.4956818|0.761795|0.1767731
1468943680.094|-0.453186|0.7414551|0.111496
1468943680.115|-0.4097137|0.7221375|0.0802612
1468943680.136|-0.3800659|0.7249451|0.105896
1468943680.157|-0.3202667|0.7064056|0.1331024
1468943680.178|-0.2896881|0.6946869|0.1782532
1468943680.199|-0.2858582|0.72258|0.1637878
1468943680.221|-0.2895508|0.7767029|0.1289215
1468943680.241|-0.299408|0.7937164|0.0902557
1468943680.263|-0.354248|0.8129883|0.0833893
1468943680.283|-0.4130096|0.8267365|0.0982208
1468943680.304|-0.4631348|0.8776703|0.1421967
1468943680.326|-0.5053253|0.9977417|0.1748199
1468943680.347|-0.508667|1.0256195|0.1426086
1468943680.368|-0.5516357|1.0137787|0.105545
1468943680.389|-0.7093201|1.1056519|0.1324921
1468943680.41|-0.7455139|1.1732635|0.1421051
1468943680.431|-0.6989288|1.1664429|0.1452332
1468943680.452|-0.6505737|0.9907379|0.1472321
1468943680.473|-0.7426147|0.9222107|0.1216888
1468943680.494|-0.8107452|0.9109192|0.1313782
1468943680.515|-0.784729|0.9048615|0.2184143
1468943680.536|-0.706604|0.8993988|0.2925568
1468943680.557|-0.6583252|0.9259949|0.2881317
1468943680.578|-0.5430756|0.9359894|0.1816254
1468943680.599|-0.502533|0.8851013|0.0820923
1468943680.62|-0.4792328|0.8368378|0.0083008
1468943680.641|-0.4555664|0.7860565|-0.0418549
1468943680.662|-0.4193115|0.7543182|-0.0095978
1468943680.683|-0.3778992|0.742569|0.0847321
1468943680.704|-0.3411407|0.7314148|0.1826324
1468943680.725|-0.2787628|0.7378845|0.2433472
1468943680.747|-0.2625732|0.7575073|0.1924744
1468943680.768|-0.2596588|0.7683716|0.1211548
1468943680.789|-0.2727203|0.7720795|0.0677032
1468943680.81|-0.3212128|0.8104706|0.0590973
1468943680.831|-0.3552399|0.8893127|0.0749207
1468943680.852|-0.3609314|1.0080872|0.1064606
1468943680.873|-0.3322754|0.9913025|0.0645752
1468943680.894|-0.3550415|0.9435425|0.0034637
1468943680.915|-0.4994507|1.0149384|0.077301
1468943680.936|-0.5070953|1.052887|0.309967
1468943680.957|-0.4424744|0.9567871|0.5298004
1468943680.978|-0.4706573|0.9459839|0.459198
1468943680.999|-0.5483246|1.0123749|-0.0140533
1468943681.02|-0.648407|0.9750061|-0.1750946
1468943681.041|-0.7063751|0.8747559|-0.0695496
1468943681.062|-0.6799469|0.8396149|0.0546112
1468943681.082|-0.6849823|0.8254089|0.1287384
1468943681.102|-0.7091827|0.8235168|0.1856384
1468943681.122|-0.706604|0.7569733|0.2492676
1468943681.143|-0.667038|0.6733093|0.2610779
1468943681.164|-0.6179047|0.6419067|0.1203308
1468943681.187|-0.5661163|0.673172|0.0821381
1468943681.227|-0.4172058|0.6728516|0.2028351
1468943681.249|-0.3871765|0.6710663|0.1891937
1468943681.27|-0.4040833|0.7033691|0.1018829
1468943681.291|-0.4552765|0.7493439|0.0375366
1468943681.312|-0.4888306|0.7403717|0.1033478
1468943681.333|-0.5341644|0.7413788|0.1507721
1468943681.354|-0.5939941|0.7559967|0.1407928
1468943681.375|-0.6449127|0.783371|0.1347046
1468943681.396|-0.6630859|0.8163757|0.1563873
1468943681.417|-0.6884918|0.8634338|0.1885529
1468943681.439|-0.6817474|0.8569794|0.148819
1468943681.459|-0.6995239|0.8501892|0.1425934
1468943681.48|-0.7540283|0.9073334|0.1683655
1468943681.501|-0.7238464|0.9734955|0.2206726
1468943681.522|-0.6573792|1.0166931|0.231308
1468943681.543|-0.6377563|1.0639343|0.2212677
1468943681.564|-0.6858215|0.9340668|0.0940247
1468943681.586|-0.7120056|0.8185272|0.0884399
1468943681.606|-0.7608337|0.7845459|0.1254425
1468943681.628|-0.747757|0.7842712|0.1703796
1468943681.653|-0.7210999|0.7934723|0.1839905
1468943681.669|-0.6855316|0.8230743|0.2147827
1468943681.69|-0.6674957|0.8455811|0.2026978
1468943681.711|-0.6455078|0.8367767|0.1809387
1468943681.732|-0.6155243|0.8099823|0.1184082
1468943681.752|-0.591095|0.7852783|0.0459442
1468943681.773|-0.5582733|0.7767944|0.0053101
1468943681.794|-0.5012512|0.7504272|0.0733643
1468943681.815|-0.4427643|0.7281799|0.1260681
1468943681.836|-0.39505|0.7379761|0.1199036
1468943681.857|-0.380188|0.8067169|0.0586853
1468943681.879|-0.3473511|0.7976227|0.0539856
1468943681.899|-0.3360291|0.7574615|0.0984192
1468943681.92|-0.3576965|0.7286835|0.1265411
1468943681.941|-0.3823547|0.7655487|0.1236572
1468943681.962|-0.3904114|0.847641|0.0970154
1468943681.983|-0.413681|0.9568634|0.1019592
1468943682.004|-0.412674|0.9668732|0.0653992
1468943682.026|-0.4636841|0.9477997|0.0218658
1468943682.047|-0.5655212|0.9925232|0.0420074
1468943682.068|-0.6006317|1.0883942|0.1172791
1468943682.088|-0.5308838|1.0536041|0.1311798
1468943682.11|-0.5317078|0.923111|0.0619507
1468943682.131|-0.6054535|0.8479614|-0.0202942
1468943682.152|-0.7323914|0.8081207|0.0497742
1468943682.173|-0.7561646|0.8210907|0.203949
1468943682.194|-0.7425079|0.8565063|0.3214722
1468943682.215|-0.6798248|0.8534241|0.3707886
1468943682.236|-0.6235504|0.8672333|0.3438416
1468943682.257|-0.5344696|0.856781|0.2567749
1468943682.278|-0.3971863|0.7694092|0.14328
1468943682.299|-0.3298187|0.7254181|0.080246
1468943682.32|-0.2781372|0.7100372|0.0415192
1468943682.341|-0.2689667|0.7284241|0.0258179
1468943682.362|-0.2809143|0.7245636|0.0782471
1468943682.383|-0.3434906|0.7106628|0.2061462
1468943682.404|-0.3980255|0.7143555|0.2384033
1468943682.425|-0.4711761|0.7781677|0.1627655
1468943682.447|-0.5153351|0.8156128|0.1307526
1468943682.468|-0.5423584|0.8284912|0.1269989
1468943682.488|-0.5937042|0.8072357|0.1366425
1468943682.51|-0.6507263|0.8130646|0.1381836
1468943682.531|-0.6991272|0.8720398|0.149826
1468943682.552|-0.7065125|0.9744415|0.2384644
1468943682.573|-0.6982269|1.0082397|0.2257233
1468943682.593|-0.6991577|0.9626923|0.1996155
1468943682.614|-0.7384644|0.9221497|0.116745
1468943682.635|-0.8245087|0.9743347|0.1147461
1468943682.656|-0.746582|0.9835815|0.1329803
1468943682.677|-0.6700592|1.04245|0.1851044
1468943682.698|-0.5465546|1.004776|0.1038513
1468943682.719|-0.5999603|0.9141235|0.04776
1468943682.74|-0.6603241|0.8454742|0.0471497
1468943682.761|-0.714798|0.8448639|0.1200562
1468943682.782|-0.6888733|0.8643341|0.2037048
1468943682.803|-0.6573792|0.8813629|0.2665558
1468943682.824|-0.6395264|0.9105988|0.2585144
1468943682.845|-0.55867|0.9019775|0.1277008
1468943682.866|-0.5340118|0.8960876|-0.002533
1468943682.888|-0.5506592|0.8848419|-0.0879822
1468943682.908|-0.5374451|0.8344421|-0.070343
1468943682.929|-0.4936981|0.7878265|0.0157166
1468943682.951|-0.4242554|0.7855072|0.0707245
1468943682.972|-0.337204|0.8244476|0.076889
1468943682.993|-0.3361816|0.798111|0.0502319
1468943683.014|-0.3570251|0.8386078|-0.0235138
1468943683.034|-0.2498627|0.8426056|0.0030365
1468943683.055|-0.2373962|0.8121185|0.0285797
1468943683.076|-0.2458954|0.8054199|0.0117493
1468943683.097|-0.2671051|0.8494415|0.0138855
1468943683.118|-0.2342529|0.9939728|0.0109558
1468943683.14|-0.1956329|1.0628815|-0.0395203
1468943683.161|-0.3022003|0.9744568|-0.1132202
1468943683.182|-0.2974243|1.0045776|-0.0948181
1468943683.203|-0.338913|1.1206818|-0.0444641
1468943683.224|-0.3116455|1.1237335|0.0426025
1468943683.245|-0.4577789|1.0392151|0.0839844
1468943683.266|-0.5483551|0.9512024|0.0542755
1468943683.287|-0.5982056|0.91745|0.0967407
1468943683.308|-0.6126862|0.9029083|0.1322784
1468943683.329|-0.6344452|0.9240723|0.1841583
1468943683.35|-0.6148682|0.9195557|0.1784973
1468943683.371|-0.6089325|0.9240417|0.2196808
1468943683.392|-0.5096436|0.8281403|0.2452698
1468943683.413|-0.4562988|0.7620239|0.2465973
1468943683.434|-0.4060516|0.7134705|0.2085876
1468943683.455|-0.3810883|0.6854401|0.172287
1468943683.476|-0.3659058|0.6876221|0.1527252
1468943683.497|-0.3384857|0.6898804|0.1523132
1468943683.517|-0.3147278|0.7286377|0.1363373
1468943683.538|-0.3076172|0.7782898|0.1317444
1468943683.558|-0.3386383|0.8031616|0.1056061
1468943683.581|-0.4141693|0.8204041|0.0731354
1468943683.6|-0.4948425|0.8261414|0.0521545
1468943683.621|-0.5686035|0.8346558|0.0713959
1468943683.642|-0.631012|0.8500214|0.113678
1468943683.663|-0.672348|0.9106293|0.1553497
1468943683.684|-0.687149|1.0009308|0.1970825
1468943683.705|-0.6658173|0.9772186|0.181839
1468943683.726|-0.6925812|0.954361|0.1572723
1468943683.747|-0.7953186|1.0678864|0.1785889
1468943683.768|-0.7400665|1.1115265|0.1976929
1468943683.79|-0.668869|1.1122894|0.1678619
1468943683.811|-0.6203308|1.0099182|0.1727295
1468943683.832|-0.7335052|0.8821869|0.0996857
1468943683.853|-0.7617035|0.8882904|0.1117096
1468943683.874|-0.7036285|0.9129181|0.1708984
1468943683.895|-0.6196442|0.9311218|0.1991272
1468943683.916|-0.5795288|0.947403|0.1794891
1468943683.937|-0.531189|0.9441223|0.0923462
1468943683.958|-0.4824982|0.8968811|-0.0049896
1468943683.979|-0.4508362|0.8321075|-0.0384674
1468943684|-0.428299|0.7761383|-0.0491943
1468943684.021|-0.3901215|0.7162323|-0.0263367
1468943684.042|-0.3825531|0.7391968|-0.0379791
1468943684.063|-0.3150787|0.7644806|-0.0024261
1468943684.084|-0.2602081|0.7282715|0.1605835
1468943684.104|-0.248703|0.6927338|0.3367462
1468943684.125|-0.2931824|0.6848145|0.2909546
1468943684.147|-0.3204193|0.716156|0.1551514
1468943684.168|-0.3720093|0.8032379|0.0461578
1468943684.189|-0.4506226|0.9366302|0.0305634
1468943684.21|-0.449707|1.0053558|0.0863647
1468943684.231|-0.4515991|1.0274658|0.1446686
1468943684.252|-0.501297|1.0063934|0.0583496
1468943684.273|-0.5851288|1.0567932|0.0230103
1468943684.294|-0.6187439|1.1704102|0.1036072
1468943684.315|-0.5488129|1.1496887|0.182373
1468943684.336|-0.4736328|1.0368042|0.2049713
1468943684.357|-0.4934998|0.8630676|0.1150665
1468943684.378|-0.5962219|0.7634583|0.0547638
1468943684.399|-0.5828552|0.7775421|0.1104736
1468943684.42|-0.5572968|0.8079071|0.1781311
1468943684.441|-0.5992126|0.8551636|0.2428741
1468943684.462|-0.6452026|0.8894806|0.2720642
1468943684.483|-0.638382|0.8677521|0.3076324
1468943684.504|-0.5764923|0.7623138|0.2912292
1468943684.525|-0.4939728|0.676178|0.2170868
1468943684.546|-0.4449921|0.664444|0.1367645
1468943684.568|-0.4146576|0.6719666|0.0848541
1468943684.589|-0.381424|0.6674042|0.0766754
1468943684.609|-0.3607025|0.6688538|0.1318054
1468943684.63|-0.3533936|0.6822662|0.1564941
1468943684.651|-0.3981171|0.7320709|0.1574249
1468943684.672|-0.4480591|0.7800903|0.1545563
1468943684.693|-0.5031128|0.8494415|0.1440277
1468943684.714|-0.523468|0.8707886|0.1013336
1468943684.737|-0.5664978|0.8722382|0.0969543
1468943684.755|-0.5980835|0.9043732|0.1616516
1468943684.776|-0.5766754|0.9545135|0.2346191
1468943684.797|-0.5213318|0.9668884|0.305069
1468943684.819|-0.5909271|0.9837189|0.3260498
1468943684.839|-0.7086945|1.1036987|0.3232574
1468943684.86|-0.6808624|1.1286774|0.2589722
1468943684.881|-0.6490173|1.1243896|0.2044067
1468943684.902|-0.6275787|0.9944916|0.1163177
1468943684.923|-0.7094269|0.8725586|0.0935364
1468943684.945|-0.7269135|0.799881|0.2279816
1468943684.966|-0.6753845|0.79039|0.260437
1468943684.986|-0.598877|0.816864|0.2532654
1468943685.007|-0.5504303|0.8400421|0.1620483
1468943685.029|-0.5206299|0.8672028|0.0885468
1468943685.049|-0.5013733|0.8514557|0.0676727
1468943685.07|-0.5286102|0.8644409|0.093689
1468943685.092|-0.5346527|0.7879944|0.0666962
1468943685.113|-0.5496674|0.7492065|0.0507812
1468943685.133|-0.5266876|0.7134247|0.0820312
1468943685.153|-0.4607239|0.6970978|0.1225128
1468943685.173|-0.4049225|0.7153778|0.1116791
1468943685.195|-0.3623505|0.7296753|0.0922546
1468943685.216|-0.3329468|0.7481384|0.0692902
1468943685.237|-0.3111115|0.7520447|0.059433
1468943685.258|-0.3731995|0.7721558|0.1125946
1468943685.279|-0.4156952|0.8414459|0.1531677
1468943685.3|-0.4495087|0.954483|0.1590576
1468943685.321|-0.4580231|1.0230713|0.1403656
1468943685.342|-0.4844055|1.0331116|0.1233521
1468943685.363|-0.5440979|1.0392609|0.1234741
1468943685.384|-0.6299438|1.2193146|0.1840668
1468943685.405|-0.5563812|1.2069244|0.1690216
1468943685.426|-0.5092926|1.0591736|0.1192017
1468943685.447|-0.5600891|0.8913879|0.0890808
1468943685.468|-0.6195831|0.7699585|0.1065521
1468943685.489|-0.6494446|0.7366791|0.2086029
1468943685.511|-0.6519012|0.7422638|0.3994141
1468943685.531|-0.635788|0.7546387|0.4544067
1468943685.552|-0.6528473|0.786911|0.4214783
1468943685.574|-0.5763397|0.8108215|0.3499603
1468943685.595|-0.5110779|0.7740326|0.2510529
1468943685.616|-0.4674072|0.7580414|0.179184
1468943685.637|-0.3965149|0.7439423|0.1329498
1468943685.658|-0.3222504|0.7267609|0.0698853
1468943685.679|-0.2972717|0.7075653|0.0409698
1468943685.7|-0.3158417|0.6867523|0.0556793
1468943685.721|-0.3586578|0.6781464|0.0871887
1468943685.743|-0.3915558|0.6887665|0.1323242
1468943685.763|-0.427948|0.6990814|0.1564026
1468943685.784|-0.4624329|0.7179565|0.1916962
1468943685.804|-0.496048|0.7346802|0.2141724
1468943685.826|-0.5456238|0.7675781|0.2050629
1468943685.846|-0.5940094|0.8461761|0.1877289
1468943685.868|-0.6209106|0.9325409|0.1639252
1468943685.889|-0.6338501|1.0110168|0.1559143
1468943685.91|-0.6270752|0.9918976|0.1520081
1468943685.931|-0.7122345|0.9603577|0.2009735
1468943685.952|-0.7737274|1.0357513|0.2578583
1468943685.973|-0.7050323|1.0843506|0.2827301
1468943685.994|-0.626297|1.0719147|0.2575378
1468943686.015|-0.6332092|0.9873352|0.1758575
1468943686.036|-0.6981201|0.8946075|0.107666
1468943686.057|-0.7383118|0.8516388|0.1221619
1468943686.078|-0.7186279|0.8831787|0.2236176
1468943686.099|-0.6287231|0.8731079|0.2991791
1468943686.12|-0.5812225|0.8680115|0.3347473
1468943686.141|-0.5445404|0.8466949|0.2051239
1468943686.162|-0.5270386|0.8452759|0.0715637
1468943686.183|-0.5106812|0.8196716|-0.0256958
1468943686.204|-0.4535217|0.7762146|-0.0565796
1468943686.225|-0.4182587|0.7427826|-0.0162811
1468943686.246|-0.3998718|0.7212677|0.0656281
1468943686.267|-0.363739|0.6892548|0.1501312
1468943686.289|-0.339859|0.6761169|0.2191315
1468943686.31|-0.3299103|0.6988525|0.2472229
1468943686.331|-0.3294067|0.7155304|0.2288971
1468943686.352|-0.3219757|0.7382202|0.131897
1468943686.373|-0.363327|0.7700043|0.0648804
1468943686.393|-0.422287|0.8204346|0.0534821
1468943686.415|-0.4485779|0.9047699|0.0889893
1468943686.436|-0.4594574|1.0041351|0.1288757
1468943686.457|-0.4442291|1.0640106|0.1134796
1468943686.478|-0.4854584|0.9891357|0.0736084
1468943686.499|-0.5803986|1.0033569|0.1498566
1468943686.52|-0.6190643|1.078537|0.2455444
1468943686.541|-0.5860596|1.1144867|0.2716217
1468943686.562|-0.5703125|1.0449829|0.2014618
1468943686.583|-0.5928192|0.9352722|0.069931
1468943686.606|-0.6710205|0.875885|-0.0193329
1468943686.625|-0.7346191|0.8525391|-0.0243835
1468943686.646|-0.7208557|0.8426971|0.0557098
1468943686.667|-0.7048492|0.8317413|0.2003632
1468943686.688|-0.6701355|0.8111877|0.3102264
1468943686.709|-0.5925446|0.765976|0.3503113
1468943686.73|-0.5039825|0.716156|0.2984314
1468943686.751|-0.4485168|0.6882935|0.1446991
1468943686.771|-0.4006195|0.6764679|0.0799713
1468943686.792|-0.3691101|0.681076|0.0767822
1468943686.813|-0.3375092|0.6963959|0.0951691
1468943686.835|-0.3217926|0.7171631|0.1057434
1468943686.857|-0.3192291|0.7383881|0.0888672
1468943686.877|-0.3325806|0.7556305|0.0617676
1468943686.898|-0.4188843|0.7413788|0.0754089
1468943686.92|-0.434433|0.7378845|0.1186218
1468943686.945|-0.4551849|0.7518768|0.1541138
1468943686.962|-0.4729156|0.7964172|0.1784821
1468943686.981|-0.4867249|0.8489685|0.1677094
1468943687.001|-0.5435333|0.9419098|0.1573181
1468943687.022|-0.603241|1.0275726|0.1724091
1468943687.042|-0.7052307|1.1896973|0.2378082
1468943687.063|-0.729599|1.3601379|0.2670593
1468943687.084|-0.6754761|1.2496033|0.1976471
1468943687.104|-0.6953125|1.0145721|0.1030579
1468943687.125|-0.8063965|0.841217|0.0559692
1468943687.146|-0.8622742|0.7574005|0.0907135
1468943687.167|-0.7854462|0.7694702|0.22052
1468943687.188|-0.6358032|0.7992096|0.342392
1468943687.208|-0.4890442|0.8153687|0.3986816
1468943687.23|-0.3982239|0.8510437|0.3674774
1468943687.251|-0.3881989|0.8639832|0.142746
1468943687.271|-0.4322968|0.8448944|0.0141449
1468943687.293|-0.4737701|0.8175049|-0.0476074
1468943687.314|-0.4959412|0.7891693|-0.0509186
1468943687.336|-0.4791412|0.7460327|-0.0128784
1468943687.356|-0.4567719|0.7154541|0.0862427
1468943687.377|-0.4378662|0.7165985|0.1595917
1468943687.398|-0.4232025|0.716156|0.1851501
1468943687.419|-0.3941803|0.7067566|0.2028961
1468943687.44|-0.378952|0.6959076|0.1829987
1468943687.462|-0.3900757|0.7347565|0.1151428
1468943687.482|-0.4075165|0.812973|0.0875092
1468943687.503|-0.4017487|0.9012146|0.1129608
1468943687.524|-0.3840027|1.0064392|0.1087646
1468943687.545|-0.3960724|1.0213623|0.0135498
1468943687.567|-0.4453125|0.9812164|-0.1102448
1468943687.587|-0.5714264|0.9976349|-0.1359711
1468943687.608|-0.657608|1.1083984|0.0283813
1468943687.629|-0.6002655|1.1344757|0.1859131
1468943687.65|-0.5213776|1.0171051|0.2167664
1468943687.671|-0.5799561|0.897171|0.1294861
1468943687.692|-0.6713867|0.8395081|0.0834808
1468943687.714|-0.7301025|0.8183899|0.1009216
1468943687.735|-0.7683868|0.8212433|0.1793365
1468943687.756|-0.7877045|0.8565063|0.2825928
1468943687.777|-0.730896|0.868576|0.3570709
1468943687.798|-0.5607452|0.8033447|0.3359985
1468943687.818|-0.4649963|0.7458038|0.2571259
1468943687.839|-0.3660583|0.7185364|0.1763306
1468943687.86|-0.2803955|0.7037506|0.1057587
1468943687.881|-0.2748718|0.6895142|0.0929108
1468943687.903|-0.3111115|0.6700287|0.0598145
1468943687.924|-0.3483429|0.657074|0.0735931
1468943687.943|-0.3946838|0.6842041|0.1422272
1468943687.965|-0.4196625|0.7218628|0.1797791
1468943687.986|-0.4372253|0.7549286|0.1834869
1468943688.007|-0.4837646|0.769165|0.187027
1468943688.028|-0.51651|0.7949066|0.1915894
1468943688.047|-0.563385|0.8274994|0.1820221
1468943688.069|-0.6114197|0.8924866|0.1953583
1468943688.09|-0.6257935|0.9856262|0.1990204
1468943688.111|-0.6159973|0.990097|0.174469
1468943688.132|-0.6674805|1.0338745|0.1592865
1468943688.152|-0.7227936|1.1399078|0.1721649
1468943688.174|-0.6945038|1.1927338|0.1570129
1468943688.195|-0.6109467|1.122467|0.085556
1468943688.216|-0.6080017|0.9614563|-0.0020294
1468943688.237|-0.7300873|0.8329773|0.0201721
1468943688.257|-0.7477417|0.8393402|0.1222992
1468943688.28|-0.6646576|0.8478088|0.2717438
1468943688.3|-0.5763092|0.8527679|0.3790894
1468943688.321|-0.522995|0.8638306|0.335083
1468943688.342|-0.522995|0.8742371|0.2271118
1468943688.363|-0.5588226|0.8699188|0.05159
1468943688.383|-0.5326843|0.797699|-0.0039062
1468943688.404|-0.5129395|0.7406769|0.0058899
1468943688.425|-0.4807892|0.7105103|0.0258636
1468943688.446|-0.4433136|0.7100067|0.0599976
1468943688.467|-0.3929596|0.7149048|0.1058044
1468943688.488|-0.3409882|0.6999969|0.162323
1468943688.508|-0.3000946|0.6900635|0.1871643
1468943688.529|-0.298233|0.6989288|0.1366577
1468943688.551|-0.3301544|0.7290192|0.0805206
1468943688.572|-0.3754425|0.7917175|0.0559998
1468943688.593|-0.445755|0.8713684|0.0743408
1468943688.614|-0.5102234|0.9547882|0.0818481
1468943688.635|-0.5439911|1.0016327|0.0941315
1468943688.655|-0.5724945|0.9898529|0.0750732
1468943688.676|-0.6311493|0.9597015|0.1141968
1468943688.697|-0.6709137|1.0641327|0.233963
1468943688.718|-0.5995483|1.091095|0.2976837
1468943688.739|-0.5328217|1.0500031|0.2796173
1468943688.76|-0.5276337|0.9418488|0.1431885
1468943688.781|-0.5774536|0.8538666|0.0225983
1468943688.802|-0.6437073|0.8354034|0.0657959
1468943688.824|-0.6288757|0.8412018|0.1855011
1468943688.844|-0.635849|0.8567505|0.3297882
1468943688.865|-0.6646423|0.87146|0.3997955
1468943688.885|-0.6139679|0.810379|0.4129944
1468943688.907|-0.5551758|0.7443237|0.3280487
1468943688.928|-0.5171204|0.6845398|0.2343597
1468943688.949|-0.4608154|0.6658173|0.1714783
1468943688.97|-0.4008789|0.6803741|0.1721954
1468943688.992|-0.3460236|0.6950226|0.1684113
1468943689.012|-0.3012543|0.7003937|0.1456299
1468943689.037|-0.2935638|0.7160645|0.1069946
1468943689.054|-0.302948|0.724411|0.0661316
1468943689.075|-0.3233185|0.7347565|0.0588226
1468943689.096|-0.3918457|0.7499237|0.0708008
1468943689.118|-0.4295654|0.7712402|0.1117554
1468943689.139|-0.4736938|0.7911987|0.1663818
1468943689.16|-0.5439301|0.8507538|0.2063446
1468943689.181|-0.5791168|0.9417114|0.2066345
1468943689.202|-0.5688019|1.0028229|0.1621857
1468943689.223|-0.6203308|0.9930878|0.1234283
1468943689.243|-0.7588348|1.105484|0.1914673
1468943689.264|-0.7703247|1.1448669|0.2080383
1468943689.285|-0.7292023|1.1350861|0.1974182
1468943689.306|-0.7004852|1.0395508|0.1334839
1468943689.327|-0.7445068|0.9555359|0.105835
1468943689.348|-0.7926483|0.9035034|0.1417694
1468943689.369|-0.7300415|0.8488007|0.2675476
1468943689.39|-0.6477203|0.8599854|0.3132324
1468943689.411|-0.6122131|0.881012|0.277771
1468943689.432|-0.5469666|0.8688202|0.166275
1468943689.453|-0.4945374|0.8329163|0.089798
1468943689.474|-0.4675903|0.7886047|0.0339966
1468943689.495|-0.4673767|0.7445984|-0.0201874
1468943689.516|-0.4531403|0.7147369|0.022171
1468943689.537|-0.4197998|0.6971741|0.1105804
1468943689.558|-0.4036407|0.7052002|0.1721039
1468943689.58|-0.376297|0.7276154|0.1834717
1468943689.599|-0.3790894|0.7659607|0.1737823
1468943689.62|-0.3958282|0.7963257|0.1396637
1468943689.641|-0.3884583|0.7736816|0.0657806
1468943689.662|-0.4181061|0.8038483|0.0335083
1468943689.684|-0.4374237|0.886261|0.0874786
1468943689.706|-0.4462585|0.9935608|0.1186981
1468943689.725|-0.4017944|1.0439148|0.0942993
1468943689.746|-0.3903503|1.0088654|0.0354767
1468943689.767|-0.4704742|0.9238434|0.02948
1468943689.788|-0.6018066|1.0186462|0.1707001
1468943689.808|-0.5784149|1.0779724|0.2735443
1468943689.831|-0.5059967|0.9690399|0.1930542
1468943689.85|-0.5894165|0.9029388|0.0739594
1468943689.872|-0.6768799|0.8982697|0.049118
1468943689.893|-0.6769867|0.8824921|0.0787964
1468943689.914|-0.6410065|0.8784027|0.1601868
1468943689.935|-0.6417389|0.8953094|0.243988
1468943689.956|-0.5887909|0.8624573|0.3245087
1468943689.977|-0.4946594|0.7820587|0.308136
1468943689.998|-0.4503174|0.6987457|0.2282257
1468943690.019|-0.4317169|0.6669922|0.1427155
1468943690.04|-0.4056396|0.6511688|0.1154938
1468943690.06|-0.3633881|0.655365|0.1435242
1468943690.081|-0.2703857|0.6440735|0.1606903
1468943690.103|-0.2457886|0.6782532|0.1451569
1468943690.123|-0.2736969|0.7123871|0.1287842
1468943690.144|-0.3569794|0.7377777|0.1325073
1468943690.165|-0.4467163|0.7550812|0.1494293
1468943690.186|-0.509903|0.7592773|0.167511
1468943690.207|-0.5616302|0.7718658|0.1861267
1468943690.228|-0.6187439|0.8254395|0.2135315
1468943690.249|-0.6739502|0.9444122|0.2357483
1468943690.269|-0.6587219|1.0057983|0.2515564
1468943690.289|-0.6338348|0.964859|0.2021637
1468943690.311|-0.7077484|1.0093231|0.1935272
1468943690.33|-0.7883453|1.1356506|0.2055511
1468943690.351|-0.7120972|1.1662903|0.1877441
1468943690.372|-0.6346283|1.0882874|0.1474609
1468943690.394|-0.6461945|0.9248199|0.0890961
1468943690.416|-0.7516479|0.8307953|0.1186829
1468943690.436|-0.7450104|0.8247375|0.1950073
1468943690.456|-0.6969452|0.8286896|0.2965851
1468943690.477|-0.6662292|0.8867645|0.3308563
1468943690.498|-0.6141815|0.9063873|0.2639771
1468943690.519|-0.5757599|0.8986359|0.1498413
1468943690.541|-0.5460968|0.8622742|0.0302887
1468943690.563|-0.5389862|0.7884064|-0.0444183
1468943690.582|-0.5175018|0.7394409|-0.0643311
1468943690.603|-0.4798126|0.728653|0.0037689
1468943690.624|-0.4342499|0.7207489|0.081604
1468943690.644|-0.3998871|0.7302704|0.1396942
1468943690.665|-0.3529205|0.7516937|0.1683197
1468943690.686|-0.3395386|0.7664032|0.1502533
1468943690.707|-0.3416748|0.7375336|0.0658875
1468943690.728|-0.3792114|0.7508545|0.0701447
1468943690.749|-0.3861542|0.8090515|0.1040802
1468943690.771|-0.387558|0.8946075|0.1195526
1468943690.79|-0.3823395|0.9841309|0.0861511
1468943690.811|-0.3592529|1.0102997|-0.0015411
1468943690.832|-0.3975067|0.995697|-0.0440521
1468943690.853|-0.5473328|1.0832062|0.0554352
1468943690.874|-0.5500793|1.1838837|0.180481
1468943690.897|-0.5389252|1.0977325|0.0912628
1468943690.917|-0.5382843|0.9424896|-0.0322418
1468943690.936|-0.6465302|0.8929749|-0.0333405
1468943690.957|-0.70755|0.8886108|0.0513306
1468943690.978|-0.7039337|0.9097137|0.1890869
1468943690.999|-0.6849823|0.9295044|0.3315887
1468943691.019|-0.5042725|0.8701782|0.3786926
1468943691.041|-0.3310547|0.7112732|0.2657318
1468943691.062|-0.2591553|0.6764832|0.218399
1468943691.083|-0.2816467|0.6875305|0.1325989
1468943691.104|-0.3225555|0.7098236|0.1366577
1468943691.125|-0.350647|0.713501|0.2467957
1468943691.146|-0.3871765|0.7225647|0.3273773
1468943691.167|-0.4584351|0.7642059|0.2993622
1468943691.188|-0.4989014|0.7898254|0.2641907
1468943691.209|-0.5190887|0.8042755|0.249588
1468943691.23|-0.5106964|0.7938232|0.2343903
1468943691.25|-0.5090332|0.7907104|0.1797791
1468943691.273|-0.5225525|0.8109589|0.1335297
1468943691.292|-0.5030365|0.8578491|0.1426697
1468943691.314|-0.4881897|0.9741364|0.2016449
1468943691.335|-0.4830933|1.0399475|0.1912384
1468943691.356|-0.4987793|1.0585785|0.1450043
1468943691.376|-0.5614929|1.0448456|0.0910797
1468943691.397|-0.6676178|1.1360779|0.1150818
1468943691.418|-0.653656|1.1533508|0.1112213
1468943691.439|-0.6068878|1.0998688|0.068161
1468943691.461|-0.5883942|0.8843842|0.0253754
1468943691.482|-0.6320038|0.8026428|0.0677185
1468943691.503|-0.6513367|0.7913361|0.1574249
1468943691.523|-0.6130219|0.7976227|0.2195129
1468943691.544|-0.5608826|0.8077393|0.2724304
1468943691.565|-0.5578918|0.8451843|0.2753143
1468943691.586|-0.5986786|0.9003906|0.1878662
1468943691.607|-0.6243134|0.9055786|0.0830994
1468943691.628|-0.6220703|0.8599854|0.0530243
1468943691.65|-0.5979614|0.7811432|0.0355072
1468943691.671|-0.5925293|0.7468719|0.0329285
1468943691.692|-0.5553589|0.7627258|0.0210724
1468943691.713|-0.4839783|0.7643585|0.0947876
1468943691.734|-0.3778229|0.7743683|0.1710205
1468943691.753|-0.3095398|0.7769318|0.1693115
1468943691.775|-0.2688751|0.7639618|0.1315002
1468943691.796|-0.2640533|0.7510681|0.0448914
1468943691.817|-0.3075104|0.7842712|-0.0062866
1468943691.838|-0.3364563|0.8452454|0.0037689
1468943691.86|-0.367981|0.9340363|0.0388031
1468943691.88|-0.3834839|1.0454102|0.0087891
1468943691.902|-0.426239|1.0196838|-0.0467987
1468943691.922|-0.494751|0.9499207|-0.026886
1468943691.943|-0.6290283|1.0689545|0.1407166
1468943691.964|-0.610611|1.1113129|0.2462769
1468943691.985|-0.5930481|1.1065826|0.2923737
1468943692.006|-0.6240387|0.9976807|0.1849213
1468943692.028|-0.6608582|0.9087982|0.0837555
1468943692.049|-0.6542664|0.8463287|0.04599
1468943692.07|-0.5996857|0.8213959|0.0755005
1468943692.091|-0.543457|0.7954712|0.1541901
1468943692.112|-0.5658264|0.8087921|0.2792969
1468943692.133|-0.5886536|0.7754822|0.3536987
1468943692.154|-0.5758667|0.69664|0.3846436
1468943692.175|-0.5450439|0.6640015|0.3298798
1468943692.196|-0.487381|0.6837769|0.2554626
1468943692.216|-0.4299774|0.6934204|0.1882935
1468943692.238|-0.374588|0.7063446|0.1495056
1468943692.259|-0.3365479|0.7116699|0.1153717
1468943692.28|-0.3270721|0.7413788|0.0503387
1468943692.301|-0.336319|0.7681427|0.0325317
1468943692.322|-0.33638|0.7666168|0.0441132
1468943692.342|-0.3895874|0.7632446|0.0893402
1468943692.363|-0.4407806|0.7687683|0.1247101
1468943692.385|-0.4957123|0.7969666|0.1682587
1468943692.405|-0.5349884|0.8509979|0.2136841
1468943692.429|-0.5632324|0.9417419|0.2284241
1468943692.448|-0.5693665|0.9570007|0.187149
1468943692.467|-0.5899963|0.9382172|0.1417999
1468943692.487|-0.6847839|1.0130615|0.1669159
1468943692.507|-0.7300415|1.1899261|0.203949
1468943692.528|-0.6225586|1.2031708|0.1546631
1468943692.549|-0.5832825|1.074173|0.0484314
1468943692.57|-0.6929016|0.965271|-0.0041199
1468943692.591|-0.8188629|0.9551392|0.031189
1468943692.613|-0.7891388|0.9287109|0.180954
1468943692.634|-0.7137756|0.90979|0.3094025
1468943692.655|-0.6270142|0.8673553|0.383316
1468943692.676|-0.6237335|0.841568|0.2822113
1468943692.698|-0.5751801|0.793808|0.140625
1468943692.717|-0.5261536|0.7431793|0.0455933
1468943692.738|-0.4715271|0.7229156|0.0531616
1468943692.759|-0.3833923|0.7167206|0.0873871
1468943692.781|-0.3399353|0.7342529|0.13797
1468943692.801|-0.2920074|0.7529449|0.1741638
1468943692.822|-0.2650757|0.7732239|0.1861725
1468943692.843|-0.2602386|0.7715759|0.1599274
1468943692.885|-0.3947296|0.7471619|0.109787
1468943692.906|-0.5128174|0.8811646|0.1416168
1468943692.926|-0.522995|0.9939423|0.1426086
1468943692.946|-0.4943542|1.0594177|0.1019745
1468943692.968|-0.4966278|1.0538025|0.0340881
1468943692.989|-0.5421906|1.0376587|-0.0032349
1468943693.01|-0.6226349|1.0832214|0.0493469
1468943693.031|-0.5753021|1.0632782|0.1233215
1468943693.056|-0.5220184|0.9956665|0.1355286
1468943693.072|-0.4880371|0.8748932|0.1307678
1468943693.093|-0.4763489|0.747879|0.1367798
1468943693.114|-0.5126953|0.7265167|0.1913757
1468943693.135|-0.5131836|0.7729187|0.2437286
1468943693.156|-0.4937134|0.8395844|0.2926941
1468943693.179|-0.4962158|0.8643188|0.3597565
1468943693.198|-0.5307922|0.8881073|0.32341
1468943693.22|-0.541214|0.8421631|0.2289734
1468943693.24|-0.5095825|0.7929688|0.1150055
1468943693.261|-0.4758911|0.7451782|0.0450134
1468943693.284|-0.4410858|0.7135773|0.0080109
1468943693.303|-0.3822327|0.6875153|0.0524445
1468943693.324|-0.3529816|0.6867828|0.115387
1468943693.345|-0.3018799|0.7050171|0.1834869
1468943693.366|-0.3188934|0.7356873|0.1862793
1468943693.387|-0.344635|0.7663422|0.1847534
1468943693.409|-0.3771057|0.7817383|0.185257
1468943693.429|-0.4104156|0.7868958|0.1700745
1468943693.45|-0.4481506|0.8006439|0.1332092
1468943693.472|-0.5295715|0.8869476|0.120575
1468943693.493|-0.5756226|0.9674835|0.1425171
1468943693.513|-0.5780945|1.022934|0.1700745
1468943693.535|-0.5899048|1.0127716|0.1893768
1468943693.556|-0.6570435|1.0354309|0.1893616
1468943693.577|-0.7463989|1.1474304|0.2192078
1468943693.598|-0.7288513|1.1809845|0.204361
1468943693.619|-0.7017822|1.0422058|0.1384735
1468943693.641|-0.7548981|0.9039307|0.1295776
1468943693.66|-0.8112488|0.8398132|0.1656342
1468943693.682|-0.7945709|0.8351135|0.2628174
1468943693.703|-0.6918488|0.8469391|0.3759155
1468943693.724|-0.614212|0.8625946|0.411911
1468943693.745|-0.5751953|0.8995209|0.3075409
1468943693.766|-0.5652161|0.8972473|0.1406555
1468943693.787|-0.5798035|0.8921661|0.0207062
1468943693.808|-0.5596161|0.8392181|-0.0122223
1468943693.829|-0.5020905|0.7857971|0.0743103
1468943693.85|-0.4325409|0.749115|0.1243591
1468943693.871|-0.3872833|0.7486877|0.1530914
1468943693.892|-0.3287811|0.7841949|0.1513367
1468943693.913|-0.3154449|0.8138428|0.1262817
1468943693.934|-0.3141327|0.8091888|0.0943604
1468943693.955|-0.3477631|0.7888947|0.0697632
1468943693.976|-0.3895264|0.7753601|0.0733643
1468943693.999|-0.3937225|0.809845|0.0712128
1468943694.018|-0.4078522|0.9212036|0.0849457
1468943694.039|-0.4291077|0.9894867|0.0463562
1468943694.06|-0.4469147|0.9840546|0.003006
1468943694.081|-0.5137634|0.9745026|0.0001831
1468943694.101|-0.6087952|1.1288147|0.1035919
1468943694.122|-0.5229645|1.1411438|0.0972748
1468943694.142|-0.4776611|1.0457458|0.0220184
1468943694.164|-0.4936829|0.8755493|-0.0675812
1468943694.185|-0.6308899|0.8227997|-0.0198364
1468943694.206|-0.6322479|0.8386383|0.0854645
1468943694.226|-0.5967255|0.874054|0.2054291
1468943694.247|-0.5924072|0.9056549|0.3141632
1468943694.269|-0.6012421|0.8964844|0.3587494
1468943694.289|-0.5674591|0.8082886|0.3390808
1468943694.311|-0.5139923|0.714325|0.2768707
1468943694.332|-0.4594116|0.6500397|0.1940613
1468943694.355|-0.4147034|0.6563416|0.1783905
1468943694.373|-0.3858643|0.6750946|0.1967926
1468943694.395|-0.3502045|0.6922302|0.2199402
1468943694.416|-0.3532867|0.7228546|0.2116089
1468943694.437|-0.3752289|0.7523499|0.1888428
1468943694.458|-0.413681|0.7684021|0.1763306
1468943694.479|-0.459198|0.7898407|0.1824951
1468943694.5|-0.490448|0.8032074|0.1929016
1468943694.521|-0.5045013|0.8328705|0.1907043
1468943694.542|-0.5361786|0.8731842|0.2069702
1468943694.563|-0.5621948|0.9275208|0.2313995
1468943694.585|-0.5831299|0.9863434|0.2497101
1468943694.604|-0.5947723|0.9799042|0.195755
1468943694.626|-0.6740723|1.0124207|0.1986084
1468943694.646|-0.743103|1.1075897|0.228653
1468943694.668|-0.704422|1.1120758|0.1750946
1468943694.688|-0.6643372|1.0599976|0.2119598
1468943694.71|-0.6411743|0.9351196|0.1700287
1468943694.73|-0.7005615|0.8623962|0.1128845
1468943694.751|-0.7022095|0.86586|0.1956329
1468943694.772|-0.6461792|0.870285|0.2648468
1468943694.793|-0.5944824|0.8924255|0.2731628
1468943694.814|-0.6134186|0.9200897|0.2141876
1468943694.835|-0.6272278|0.928421|0.1466217
1468943694.856|-0.6368561|0.9069977|0.0989227
1468943694.877|-0.637558|0.8668823|0.0917816
1468943694.898|-0.5974884|0.7939606|0.0644379
1468943694.919|-0.5730286|0.7770233|0.0286865
1468943694.94|-0.5042114|0.7533112|0.0360413
1468943694.966|-0.4279327|0.7494354|0.0898743
1468943694.982|-0.3737793|0.7792053|0.1008453
1468943695.003|-0.3282776|0.8111725|0.0952606
1468943695.029|-0.2975006|0.8028717|0.0328674
1468943695.046|-0.3197784|0.8078461|0.0009613
1468943695.066|-0.3753052|0.8293762|-0.0191345
1468943695.088|-0.4063416|0.9063263|0.0254974
1468943695.109|-0.3710022|0.9909058|0.0755768
1468943695.13|-0.3317108|1.0217285|0.0886688
1468943695.151|-0.3208008|1.0016632|0.0578156
1468943695.172|-0.4051971|0.9474945|-0.0330505
1468943695.192|-0.4837341|0.9962769|0.0810089
1468943695.214|-0.4617615|0.9934082|0.2160339
1468943695.235|-0.4698334|0.9964142|0.2803345
1468943695.256|-0.4804382|0.9595184|0.2512207
1468943695.28|-0.5266571|0.8916168|0.1362152
1468943695.298|-0.6160431|0.8892059|0.0995636
1468943695.319|-0.6497955|0.9036255|0.1525421
1468943695.34|-0.6277466|0.8815613|0.2377777
1468943695.361|-0.6169434|0.8749237|0.3127136
1468943695.382|-0.5966949|0.8327484|0.3370667
1468943695.404|-0.5398102|0.7632446|0.3258362
1468943695.423|-0.4752197|0.6956329|0.2839355
1468943695.445|-0.4209442|0.6480408|0.227951
1468943695.466|-0.3894806|0.6490479|0.1784058
1468943695.487|-0.3656769|0.6732635|0.1332397
1468943695.51|-0.3451843|0.7141571|0.0907745
1468943695.529|-0.3308258|0.7497711|0.0721588
1468943695.55|-0.3557129|0.7866669|0.0664215
1468943695.571|-0.4208832|0.824585|0.0830536
1468943695.591|-0.490448|0.8249817|0.1223755
1468943695.612|-0.5303802|0.8217468|0.1761475
1468943695.637|-0.5627136|0.8215485|0.2113037
1468943695.654|-0.5806885|0.8629303|0.2451019
1468943695.675|-0.6043243|0.9372864|0.2438965
1468943695.696|-0.5973969|1.022644|0.2217865
1468943695.717|-0.5918427|1.0282745|0.1731567
1468943695.74|-0.6949921|1.0736389|0.1710815
1468943695.761|-0.7041779|1.125885|0.2002563
1468943695.78|-0.6663513|1.1108246|0.1572266
1468943695.802|-0.6294861|1.0327911|0.2579651
1468943695.822|-0.6199646|0.9182892|0.2162933
1468943695.843|-0.6743317|0.8574524|0.1675262
1468943695.864|-0.6929779|0.88414|0.2035828
1468943695.887|-0.5863495|0.9036407|0.2550507
1468943695.907|-0.5426636|0.9129486|0.2687073
1468943695.928|-0.5386505|0.9104156|0.2259216
1468943695.949|-0.5535889|0.8964691|0.1510773
1468943695.97|-0.5718994|0.874527|0.0976868
1468943695.991|-0.5671997|0.8377838|0.0683594
1468943696.012|-0.513382|0.7767639|0.052002
1468943696.033|-0.4662933|0.7537689|0.0692291
1468943696.054|-0.4235229|0.7459412|0.0973969
1468943696.075|-0.3791046|0.7542419|0.1138916
1468943696.096|-0.3427277|0.7619934|0.13414
1468943696.117|-0.3158112|0.7659607|0.1327972
1468943696.138|-0.3041687|0.7596893|0.0845795
1468943696.159|-0.3283081|0.7886658|0.0716858
1468943696.18|-0.3537445|0.8452606|0.0741425
1468943696.201|-0.3735504|0.9163055|0.0984802
1468943696.222|-0.3824463|0.9954071|0.0952148
1468943696.243|-0.3756256|1.037262|0.0602875
1468943696.264|-0.3770142|1.0254059|-0.0140228
1468943696.285|-0.5103302|1.0446472|0.0023193
1468943696.306|-0.5191803|1.0887909|0.1113434
1468943696.327|-0.49823|1.0936127|0.1573029
1468943696.348|-0.4771881|0.9924316|0.0985107
1468943696.369|-0.5231934|0.8862152|0.045166
1468943696.39|-0.6033478|0.8625793|0.0795441
1468943696.411|-0.6453705|0.8626862|0.1456299
1468943696.432|-0.6612244|0.8940125|0.2524414
1468943696.453|-0.672821|0.8966675|0.3023071
1468943696.473|-0.6669617|0.8616638|0.3462982
1468943696.495|-0.5889587|0.7860413|0.3589783
1468943696.516|-0.5063324|0.7144012|0.325592
1468943696.537|-0.4461823|0.6780396|0.259552
1468943696.558|-0.4062042|0.6638031|0.1881561
1468943696.579|-0.3199158|0.6876068|0.1443024
1468943696.6|-0.294281|0.705246|0.1066742
1468943696.621|-0.2888336|0.7420807|0.0736084
1468943696.642|-0.3406372|0.7648468|0.0353394
1468943696.663|-0.4150848|0.7881317|0.0372162
1468943696.684|-0.4471436|0.7828522|0.0822449
1468943696.704|-0.5039215|0.7777557|0.1534576
1468943696.726|-0.5449982|0.787384|0.1888885
1468943696.747|-0.5891266|0.8218231|0.2306213
1468943696.768|-0.6049194|0.8795776|0.245636
1468943696.789|-0.6132812|0.960144|0.2336273
1468943696.81|-0.6127167|1.0137787|0.1817474
1468943696.83|-0.633606|0.9838409|0.1070251
1468943696.852|-0.7565613|1.0692749|0.160965
1468943696.873|-0.7415619|1.1177368|0.2161713
1468943696.894|-0.6795959|1.1377411|0.2219238
1468943696.915|-0.6054077|1.0509796|0.2635956
1468943696.936|-0.6302032|0.9339142|0.1700439
1468943696.956|-0.6642456|0.8676147|0.1139526
1468943696.978|-0.6702271|0.884613|0.1495056
1468943696.999|-0.5509644|0.9194183|0.2179108
1468943697.02|-0.5131226|0.9273529|0.237442
1468943697.04|-0.5205383|0.9394073|0.2162323
1468943697.062|-0.5477448|0.9131165|0.1604309
1468943697.082|-0.5759583|0.8772125|0.1109161
1468943697.104|-0.575119|0.8299408|0.0808258
1468943697.124|-0.5542603|0.7941895|0.0692749
1468943697.146|-0.4633331|0.753006|0.0630798
1468943697.169|-0.420578|0.7495728|0.07901
1468943697.187|-0.3848724|0.7738647|0.1085663
1468943697.208|-0.3479004|0.7925873|0.1482849
1468943697.229|-0.326889|0.8028564|0.1663818
1468943697.25|-0.3112946|0.8088837|0.1423492
1468943697.271|-0.3162537|0.8092804|0.0846558
1468943697.293|-0.3338928|0.8479462|0.0758972
1468943697.314|-0.3493958|0.9047394|0.0906525
1468943697.335|-0.3332367|0.9881744|0.0718842
1468943697.356|-0.302124|1.0147705|0.0522766
1468943697.377|-0.286377|0.993042|-0.0052643
1468943697.398|-0.3742981|1.0246429|-0.0182648
1468943697.418|-0.4241333|1.1016235|0.1050415
1468943697.44|-0.4361572|1.1188965|0.1652069
1468943697.461|-0.4534454|1.0652313|0.1094513
1468943697.482|-0.5047455|0.9487305|0.014679
1468943697.503|-0.6046753|0.8881836|0.0121155
1468943697.524|-0.6786957|0.8843079|0.1074066
1468943697.545|-0.7256775|0.9004822|0.3048096
1468943697.566|-0.7235565|0.8909607|0.4156342
1468943697.587|-0.6994171|0.848526|0.4773407
1468943697.608|-0.6391602|0.7902222|0.4692841
1468943697.628|-0.5435028|0.7343445|0.3946838
1468943697.649|-0.4739838|0.7003174|0.3026581
1468943697.67|-0.4118195|0.6895294|0.2107697
1468943697.691|-0.3332367|0.6992493|0.133728
1468943697.712|-0.2916412|0.7076263|0.1026764
1468943697.734|-0.268631|0.7355499|0.0913544
1468943697.755|-0.2680511|0.7680969|0.0731506
1468943697.775|-0.3207092|0.7981567|0.0647125
1468943697.796|-0.3803864|0.8072662|0.0501862
1468943697.817|-0.4260406|0.7864838|0.0766296
1468943697.838|-0.5050659|0.7790222|0.1390533
1468943697.859|-0.547348|0.8204498|0.1713715
1468943697.88|-0.5771179|0.898407|0.2053986
1468943697.902|-0.5760193|1.0132599|0.2196808
1468943697.923|-0.5907593|1.0860443|0.2071533
1468943697.943|-0.6547699|1.1095123|0.1735535
1468943697.965|-0.7511139|1.2005615|0.1923828
1468943698.006|-0.7195129|1.0917206|0.1742096
1468943698.028|-0.7066803|0.9535828|0.2295685
1468943698.049|-0.7087555|0.858139|0.1856384
1468943698.07|-0.720047|0.8254852|0.1742706
1468943698.091|-0.6688232|0.8513031|0.2658386
1468943698.114|-0.5244293|0.8892212|0.3153992
1468943698.133|-0.4554138|0.9191589|0.319809
1468943698.154|-0.4508209|0.9362488|0.1998291
1468943698.175|-0.486618|0.9326172|0.0798645
1468943698.196|-0.5294495|0.8956757|0.0064392
1468943698.218|-0.5339203|0.8301849|-0.0055847
1468943698.237|-0.5167847|0.7711639|0.0339966
1468943698.259|-0.4487305|0.7307739|0.0691071
1468943698.28|-0.399292|0.7280579|0.1001892
1468943698.301|-0.3338165|0.7404633|0.116745
1468943698.322|-0.2816315|0.749588|0.1301727
1468943698.343|-0.2774658|0.765976|0.1043091
1468943698.364|-0.2514648|0.7345276|0.070816
1468943698.385|-0.2810364|0.7066803|0.0490417
1468943698.406|-0.3087463|0.7607117|0.0436554
1468943698.427|-0.34729|0.8639374|0.0622559
1468943698.448|-0.3699646|0.979187|0.1048279
1468943698.469|-0.3448334|1.0215149|0.0910034
1468943698.489|-0.3738098|1.0317841|-0.0049744
1468943698.51|-0.4896545|1.0940247|-0.0566254
1468943698.531|-0.5489807|1.1983643|-0.0220184
1468943698.552|-0.5449371|1.1364746|0.0215302
1468943698.573|-0.5690308|1.0249329|0.0183563
1468943698.594|-0.6320343|0.9130707|0.0150452
1468943698.615|-0.6861115|0.8472748|0.0437927
1468943698.636|-0.7220459|0.8443298|0.1176605
1468943698.657|-0.7383118|0.8887482|0.2077637
1468943698.678|-0.7015076|0.898941|0.3618317
1468943698.7|-0.6720886|0.8627319|0.4484253
1468943698.72|-0.611145|0.8164368|0.4404755
1468943698.741|-0.5301514|0.7808685|0.3146362
1468943698.762|-0.4765167|0.7426758|0.211441
1468943698.784|-0.4125214|0.716568|0.1509094
1468943698.805|-0.3598785|0.7080536|0.1235504
1468943698.826|-0.2888031|0.7308502|0.1071167
1468943698.847|-0.2652893|0.7327271|0.1112061
1468943698.868|-0.2781525|0.7463837|0.1275635
1468943698.889|-0.3085327|0.7710114|0.147522
1468943698.91|-0.3631439|0.7844086|0.1633148
1468943698.931|-0.4067535|0.7826385|0.1835175
1468943698.952|-0.4543762|0.7737274|0.2070007
1468943698.973|-0.5294952|0.8013|0.2190399
1468943698.994|-0.5804291|0.8668671|0.2259674
1468943699.015|-0.6118164|0.9857025|0.2163239
1468943699.036|-0.6163025|1.081665|0.1902466
1468943699.057|-0.6123657|1.0501709|0.116745
1468943699.078|-0.6901093|1.0118561|0.0983276
1468943699.099|-0.8222351|1.1012573|0.1638489
1468943699.12|-0.8031616|1.1457672|0.1734314
1468943699.141|-0.6554108|1.1125031|0.2542114
1468943699.162|-0.591568|0.9789429|0.2288513
1468943699.183|-0.6544647|0.8770294|0.1109619
1468943699.204|-0.7052307|0.8473663|0.0643005
1468943699.225|-0.6890869|0.8720398|0.1056366
1468943699.247|-0.5744171|0.913269|0.1535034
1468943699.268|-0.528595|0.9180145|0.1539001
1468943699.289|-0.5204773|0.9004059|0.1287231
1468943699.31|-0.5463715|0.8788605|0.0809937
1468943699.331|-0.5580444|0.8504791|0.0382233
1468943699.352|-0.5300446|0.8227539|0.0213013
1468943699.373|-0.4593658|0.7802429|0.031601
1468943699.394|-0.4112549|0.7798462|0.0388031
1468943699.415|-0.3755798|0.7866821|0.0557404
1468943699.436|-0.3344116|0.7896118|0.1047821
1468943699.457|-0.3195953|0.7833862|0.1291504
1468943699.478|-0.3084869|0.7597198|0.1486206
1468943699.499|-0.3145294|0.7425385|0.0955353
1468943699.52|-0.3401031|0.775528|0.0592957
1468943699.541|-0.3567963|0.8469391|0.0904694
1468943699.562|-0.3447266|0.9421997|0.1270905
1468943699.583|-0.3216095|1.0021973|0.0994263
1468943699.604|-0.3349457|1.0058136|0.0147858
1468943699.625|-0.3841248|0.981308|-0.0663452
1468943699.645|-0.4916077|1.0955048|0.0421906
1468943699.667|-0.4424438|1.0926666|0.1446686
1468943699.688|-0.4555206|1.0408173|0.1369476
1468943699.709|-0.5186005|0.9712677|0.0419769
1468943699.73|-0.594101|0.9050598|0.0061035
1468943699.751|-0.6532135|0.8823242|0.0564117
1468943699.772|-0.6724091|0.8913422|0.161377
1468943699.793|-0.6790924|0.8926239|0.2746277
1468943699.814|-0.692749|0.8848877|0.3392944
1468943699.835|-0.6726379|0.838623|0.3662262
1468943699.856|-0.5870514|0.7632599|0.3375549
1468943699.877|-0.4972839|0.7072296|0.2740326
1468943699.898|-0.4645538|0.6941681|0.1938782
1468943699.92|-0.408493|0.6954041|0.131134
1468943699.941|-0.3262939|0.7105255|0.1094666
1468943699.961|-0.2996826|0.7346497|0.1186981
1468943699.982|-0.300354|0.7595367|0.0973663
1468943700.003|-0.3729401|0.8014069|0.0827789
1468943700.044|-0.4662781|0.8149719|0.1394043
1468943700.065|-0.5036774|0.8036041|0.1725311
1468943700.086|-0.5681763|0.8237305|0.1850586
1468943700.107|-0.6041565|0.8716125|0.1980591
1468943700.128|-0.6202698|0.9423676|0.2138672
1468943700.149|-0.5978851|0.9997406|0.2282715
1468943700.17|-0.5870514|1.010437|0.2070923
1468943700.191|-0.6891785|1.1057892|0.207016
1468943700.212|-0.7127838|1.2397919|0.2095337
1468943700.233|-0.6352997|1.2038879|0.1650391
1468943700.255|-0.6240845|0.9803162|0.0465088
1468943700.276|-0.6847992|0.8262787|0.1010895
1468943700.297|-0.7529755|0.7884064|0.1370544
1468943700.318|-0.7343903|0.8293915|0.2281647
1468943700.339|-0.6485138|0.8922119|0.3179474
1468943700.36|-0.5301056|0.9651794|0.3495026
1468943700.381|-0.4812775|0.9855042|0.2532806
1468943700.402|-0.4895935|0.9626617|0.0944672
1468943700.423|-0.5168457|0.9255981|-0.0193176
1468943700.444|-0.5286865|0.8697357|-0.0483398
1468943700.465|-0.502121|0.8355408|-0.0170593
1468943700.486|-0.4441833|0.8053589|0.0391388
1468943700.507|-0.3481445|0.7784271|0.0909576
1468943700.528|-0.2952423|0.7614136|0.0876617
1468943700.549|-0.2752686|0.7563324|0.1006775
1468943700.57|-0.2636566|0.7355652|0.110733
1468943700.591|-0.2690277|0.70784|0.1020355
1468943700.612|-0.3031311|0.7299194|0.0725403
1468943700.633|-0.329361|0.8187561|0.1189575
1468943700.654|-0.345932|0.8905334|0.1272278
1468943700.675|-0.3454437|0.9599152|0.1026154
1468943700.696|-0.3411255|0.9692383|0.0438385
1468943700.717|-0.3668823|0.9297791|-0.0290527
1468943700.738|-0.4614868|0.9855499|-0.0374451
1468943700.759|-0.4929352|1.1144104|0.0647736
1468943700.78|-0.4625397|1.161911|0.1450958
1468943700.801|-0.509613|1.0472107|0.0649872
1468943700.822|-0.5812836|0.9474792|-0.020752
1468943700.843|-0.6815491|0.928009|-0.0088196
1468943700.864|-0.7165375|0.937912|0.0901794
1468943700.885|-0.7065582|0.9437561|0.1739349
1468943700.906|-0.6964874|0.9312744|0.2703552
1468943700.927|-0.651001|0.8718567|0.3580017
1468943700.948|-0.5509491|0.7870483|0.3765717
1468943700.969|-0.4768677|0.714798|0.3533325
1468943700.99|-0.4293518|0.6790466|0.317749
1468943701.012|-0.3794861|0.6756744|0.2892456
1468943701.032|-0.3356171|0.6936646|0.249527
1468943701.053|-0.2905121|0.7350159|0.1967316
1468943701.074|-0.252594|0.7763672|0.1273804
1468943701.096|-0.2726288|0.7818146|0.0916748
1468943701.116|-0.3233185|0.7924042|0.0743408
1468943701.137|-0.3878937|0.7981567|0.0784912
1468943701.158|-0.4284515|0.8090363|0.1013794
1468943701.179|-0.4664154|0.8283386|0.1141968
1468943701.2|-0.549408|0.9051666|0.2189941
1468943701.221|-0.6658478|0.9822693|0.2719574
1468943701.242|-0.6878052|1.0238495|0.2814026
1468943701.264|-0.6734619|0.9857635|0.2352905
1468943701.285|-0.6716309|0.9278564|0.1682434
1468943701.306|-0.7041779|0.9339905|0.1443176
1468943701.327|-0.6781006|1.0011902|0.1538544
1468943701.348|-0.6295013|1.1277466|0.2174835
1468943701.369|-0.5693359|1.1205444|0.1906281
1468943701.39|-0.6194611|1.0072479|0.1270905
1468943701.411|-0.7130127|0.8995514|0.0991669
1468943701.432|-0.7849426|0.8468475|0.1343079
1468943701.453|-0.7828522|0.838501|0.208725
1468943701.474|-0.7050476|0.8657074|0.2883148
1468943701.495|-0.6071777|0.933548|0.2840729
1468943701.516|-0.5148163|0.946167|0.1394501
1468943701.538|-0.444458|0.930191|0.0418854
1468943701.558|-0.4225464|0.8864136|0.0425873
1468943701.579|-0.3909454|0.8128967|0.0795135
1468943701.6|-0.3812103|0.7688446|0.0891724
1468943701.621|-0.3723907|0.7896118|0.0791626
1468943701.642|-0.3411102|0.8134613|0.0784607
1468943701.663|-0.3219452|0.8287964|0.099884
1468943701.685|-0.3359222|0.8275299|0.1265717
1468943701.706|-0.3631134|0.7927704|0.1298065
1468943701.727|-0.3335724|0.7599335|0.1187592
1468943701.748|-0.3250885|0.782196|0.1515961
1468943701.769|-0.2917938|0.8938293|0.0912018
1468943701.79|-0.3180237|0.994339|0.0667725
1468943701.811|-0.3595886|1.019577|0.0160065
1468943701.832|-0.4321442|0.9846039|-0.0245972
1468943701.853|-0.4942627|0.9595032|-0.0253906
1468943701.874|-0.5672913|1.0180817|0.036026
1468943701.895|-0.5222168|0.9873047|0.121521
1468943701.916|-0.5425873|0.9711609|0.1679382
1468943701.937|-0.5559235|0.9278717|0.1361389
1468943701.958|-0.5710754|0.87883|0.1038666
1468943701.979|-0.5843201|0.8721771|0.1408997
1468943702|-0.5677643|0.8659973|0.1945801
1468943702.021|-0.570343|0.8623657|0.260498
1468943702.042|-0.5852356|0.8531342|0.2991638
1468943702.063|-0.5644989|0.8327637|0.2879639
1468943702.085|-0.5366516|0.7975311|0.2809448
1468943702.105|-0.5058746|0.7617798|0.2767639
1468943702.126|-0.4950867|0.7312927|0.2633209
1468943702.147|-0.4803009|0.7133636|0.2247009
1468943702.167|-0.4538422|0.7192535|0.1772919
1468943702.188|-0.4345245|0.7442474|0.1463165
1468943702.209|-0.4267731|0.778244|0.1392517
1468943702.231|-0.4238434|0.803833|0.157608
1468943702.251|-0.4453888|0.8073883|0.1684723
1468943702.273|-0.4730225|0.7810364|0.1715393
1468943702.294|-0.5005798|0.7640991|0.1706238
1468943702.315|-0.5319672|0.7800751|0.1926575
1468943702.336|-0.5218658|0.8326416|0.1719818
1468943702.357|-0.5119934|0.9103699|0.1678314
1468943702.378|-0.5216675|0.9820251|0.1631012
1468943702.399|-0.5486145|1.000885|0.1667023
1468943702.42|-0.5973206|0.9691315|0.1436615
1468943702.441|-0.6490326|0.9667358|0.1801605
1468943702.462|-0.6766968|0.9795074|0.1997986
1468943702.483|-0.6718903|0.9832916|0.1962891
1468943702.504|-0.654068|1.0454865|0.1832886
1468943702.525|-0.595993|1.0386353|0.1427155
1468943702.546|-0.5650024|0.9392548|0.1113739
1468943702.567|-0.5961761|0.841156|0.101181
1468943702.588|-0.6546326|0.8217773|0.14534
1468943702.609|-0.6346893|0.8446808|0.2387085
1468943702.63|-0.6209564|0.9044189|0.3001251
1468943702.651|-0.6076965|0.9217377|0.2927094
1468943702.672|-0.6229248|0.9094543|0.2202454
1468943702.693|-0.6215057|0.8939514|0.1376495
1468943702.714|-0.5814056|0.8756409|0.0626678
1468943702.735|-0.5167084|0.8616028|0.033432
1468943702.756|-0.4140625|0.8521576|0.0237122
1468943702.777|-0.3704529|0.8463593|0.0268402
1468943702.798|-0.3312988|0.8462219|0.0257721
1468943702.82|-0.3153076|0.8231659|0.0412445
1468943702.84|-0.3031616|0.777359|0.0567932
1468943702.861|-0.2948608|0.7255096|0.0540924
1468943702.883|-0.3179321|0.7290192|0.0739288
1468943702.904|-0.3213501|0.7961731|0.1249542
1468943702.925|-0.3389435|0.884201|0.1560211
1468943702.946|-0.3490753|0.9679565|0.144043
1468943702.967|-0.350296|0.9756622|0.0514069
1468943702.988|-0.3996735|0.9593658|-0.0301361
1468943703.008|-0.4728394|0.9721069|-0.037796
1468943703.029|-0.5207977|1.0653229|0.1442719
1468943703.05|-0.5211487|1.0646057|0.196991
1468943703.071|-0.5609436|1.0652313|0.1481781
1468943703.092|-0.5993042|1.0219269|0.0818481
1468943703.113|-0.6099854|0.9404297|0.0744019
1468943703.134|-0.6199646|0.9057922|0.1188202
1468943703.155|-0.6157532|0.8975067|0.1693726
1468943703.176|-0.5769196|0.8738861|0.2931824
1468943703.197|-0.5543365|0.8604889|0.3735352
1468943703.218|-0.5247955|0.8479309|0.3990326
1468943703.239|-0.4773254|0.8079224|0.348999
1468943703.26|-0.4520264|0.7800293|0.2327881
1468943703.281|-0.4556885|0.7543182|0.1493988
1468943703.302|-0.430542|0.750824|0.1092377
1468943703.324|-0.4051056|0.7548218|0.1109924
1468943703.345|-0.3899536|0.7597504|0.1179352
1468943703.366|-0.3899078|0.7736206|0.1315002
1468943703.386|-0.4056854|0.7848206|0.1275024
1468943703.408|-0.4290924|0.7902069|0.1194458
1468943703.429|-0.4485626|0.7827454|0.1096649
1468943703.45|-0.4845428|0.7589264|0.1240845
1468943703.471|-0.5039978|0.7667694|0.1337738
1468943703.492|-0.5094604|0.7783966|0.1449432
1468943703.513|-0.5032501|0.8209991|0.1556396
1468943703.534|-0.4954071|0.8984528|0.1663666
1468943703.555|-0.5050812|0.9602966|0.1589508
1468943703.575|-0.5209808|0.9585266|0.1435394
1468943703.596|-0.6216278|0.936142|0.1171265
1468943703.617|-0.6822662|0.9741516|0.1456146
1468943703.638|-0.6731567|1.0132599|0.1697693
1468943703.663|-0.6252747|1.0751801|0.2750549
1468943703.682|-0.5742645|1.0705719|0.2950134
1468943703.702|-0.5898438|1.0101318|0.1900635
1468943703.723|-0.7101746|0.8862457|0.0529785
1468943703.745|-0.7479248|0.8827209|0.1086426
1468943703.765|-0.6660614|0.8990173|0.233551
1468943703.785|-0.5689545|0.9359894|0.2983551
1468943703.806|-0.4923401|0.9598541|0.2833557
1468943703.827|-0.4724579|0.9549866|0.2084351
1468943703.848|-0.5051575|0.9231873|0.1220703
1468943703.869|-0.5407104|0.8585663|0.0718689
1468943703.891|-0.4997711|0.8233337|0.1050873
1468943703.911|-0.435791|0.8016357|0.1703491
1468943703.933|-0.3786621|0.8009338|0.2016907
1468943703.954|-0.3257599|0.811142|0.1837006
1468943703.975|-0.3256836|0.8126678|0.1680908
1468943703.996|-0.3210144|0.8218842|0.1310577
1468943704.016|-0.3035889|0.826767|0.0916443
1468943704.037|-0.2749786|0.7883453|0.0902863
1468943704.058|-0.2810822|0.7687683|0.0901337
1468943704.08|-0.3089752|0.8016815|0.0787048
1468943704.1|-0.3235016|0.8592224|0.0844879
1468943704.121|-0.3303986|0.9386139|0.109375
1468943704.143|-0.3142853|0.9570312|0.1064758
1468943704.164|-0.3816071|0.9329224|0.0801239
1468943704.185|-0.4721832|1.003418|0.1418457
1468943704.206|-0.5326691|1.104248|0.2525482
1468943704.227|-0.5306549|1.1299744|0.293396
1468943704.248|-0.5457306|1.0944214|0.2037659
1468943704.269|-0.5439911|0.9468689|0.034668
1468943704.29|-0.7171478|0.9210205|-0.0382996
1468943704.311|-0.7186127|0.9453583|0.0519257
1468943704.331|-0.6412048|0.931488|0.2194061
1468943704.352|-0.5750427|0.8838043|0.3717499
1468943704.373|-0.5214996|0.8466339|0.450119
1468943704.394|-0.4712524|0.7908936|0.4039917
1468943704.416|-0.4477844|0.7520599|0.2749481
1468943704.437|-0.4256744|0.7411041|0.1082458
1468943704.457|-0.3884888|0.7160339|0.0561676
1468943704.5|-0.3276672|0.6955109|0.0826569
1468943704.521|-0.3323059|0.7170258|0.0825348
1468943704.605|-0.4371185|0.7505493|0.147049
1468943704.624|-0.4717865|0.7683868|0.1454315
1468943704.645|-0.487793|0.8015289|0.1349945
1468943704.666|-0.4973907|0.8501434|0.122757
1468943704.687|-0.5096436|0.917511|0.1220093
1468943704.708|-0.54422|0.984024|0.1535645
1468943704.729|-0.5594177|0.997406|0.1931152
1468943704.75|-0.6593323|1.0354462|0.2408752
1468943704.771|-0.709198|1.0877686|0.2441864
1468943704.792|-0.7238617|1.1106873|0.2462006
1468943704.813|-0.7039337|1.0939941|0.2312469
1468943704.834|-0.6863556|1.0009766|0.1852722
1468943704.855|-0.7012329|0.897049|0.1604156
1468943704.876|-0.7271576|0.8315582|0.1934509
1468943704.897|-0.651535|0.8640289|0.2872467
1468943704.918|-0.5579987|0.8964081|0.3269653
1468943704.939|-0.4768982|0.913147|0.3199463
1468943704.96|-0.4450378|0.9399261|0.2613525
1468943704.981|-0.4694366|0.9499817|0.1393738
1468943705.002|-0.5200958|0.9212952|0.0413971
1468943705.023|-0.5490112|0.8598175|0.0014496
1468943705.044|-0.5418854|0.8170319|0.064743
1468943705.065|-0.4777527|0.7897797|0.1268921
1468943705.086|-0.4441376|0.7714996|0.1757965
1468943705.107|-0.4155731|0.7672424|0.1760712
1468943705.129|-0.3941803|0.762619|0.190033
1468943705.15|-0.3735199|0.7695465|0.2010193
1468943705.171|-0.3639832|0.7924194|0.1532135
1468943705.192|-0.364212|0.8029785|0.1135559
1468943705.213|-0.3791351|0.8160248|0.118576
1468943705.234|-0.3726654|0.8261414|0.1356964
1468943705.255|-0.3939362|0.8930054|0.1365509
1468943705.276|-0.4093781|0.9702301|0.1056061
1468943705.297|-0.4035034|0.9825287|0.0243835
1468943705.318|-0.4309082|0.9659271|0.0001068
1468943705.339|-0.5157471|1.0955658|0.0861053
1468943705.36|-0.4661102|1.1266327|0.1493378
1468943705.381|-0.4308624|1.0406036|0.1247101
1468943705.402|-0.4841766|0.9504852|0.0542297
1468943705.423|-0.5093384|0.8691254|0.0339661
1468943705.444|-0.5252533|0.7659302|0.1133575
1468943705.465|-0.5653229|0.7990417|0.2061768
1468943705.486|-0.6021271|0.8495941|0.261734
1468943705.507|-0.5965271|0.8717041|0.288147
1468943705.528|-0.5458984|0.8573303|0.2938538
1468943705.549|-0.5131226|0.8392487|0.2550354
1468943705.569|-0.4801941|0.8187561|0.1686859
1468943705.59|-0.4365082|0.7980957|0.1104889
1468943705.611|-0.4200897|0.7653961|0.1315918
1468943705.632|-0.4235077|0.7281647|0.1871185
1468943705.653|-0.44664|0.7235107|0.2095032
1468943705.674|-0.4469452|0.7302551|0.1629791
1468943705.695|-0.4501038|0.7704315|0.129425
1468943705.716|-0.4449921|0.8126373|0.1290283
1468943705.737|-0.4646912|0.8177948|0.1455536
1468943705.758|-0.4902039|0.7940216|0.1531372
1468943705.779|-0.5043488|0.7709351|0.1701965
1468943705.8|-0.5205841|0.7639923|0.1840668
1468943705.821|-0.5454102|0.7773132|0.1800537
1468943705.842|-0.600296|0.8237|0.1899261
1468943705.863|-0.6724243|0.9505768|0.2411957
1468943705.885|-0.6796265|1.0035858|0.2576294
1468943705.905|-0.657135|0.9746552|0.2693024
1468943705.926|-0.6957245|0.95961|0.2754974
1468943705.948|-0.7422028|1.0033875|0.2385712
1468943705.968|-0.6769562|1.0243988|0.2244568
1468943705.989|-0.6173859|1.0367126|0.2840118
1468943706.01|-0.5763855|0.9965973|0.1881104
1468943706.031|-0.5719604|0.9479218|0.138382
1468943706.052|-0.5646973|0.8733978|0.1487579
1468943706.074|-0.553833|0.8505859|0.2335052
1468943706.094|-0.5174866|0.8736115|0.2779541
1468943706.115|-0.5055847|0.9124298|0.2532043
1468943706.136|-0.5184174|0.9601135|0.1565552
1468943706.157|-0.5376129|0.9720612|0.1147461
1468943706.177|-0.5395203|0.9395752|0.0797729
1468943706.198|-0.5325928|0.8784027|0.0614014
1468943706.22|-0.5364838|0.8146667|0.0299988
1468943706.24|-0.502533|0.7828217|0.0445099
1468943706.261|-0.4394379|0.7558289|0.1135254
1468943706.282|-0.3893585|0.7538452|0.1888123
1468943706.302|-0.3217926|0.7481537|0.2109375
1468943706.323|-0.280838|0.7654877|0.1693268
1468943706.344|-0.2739563|0.7721558|0.1038818
1468943706.365|-0.2831116|0.7787933|0.0689087
1468943706.386|-0.3135223|0.7974396|0.0803223
1468943706.407|-0.3789825|0.8409729|0.0851746
1468943706.428|-0.4791718|0.897049|0.0401459
1468943706.449|-0.6080933|0.9475555|-0.0120697
1468943706.47|-0.6935425|0.9634705|0.0218506
1468943706.491|-0.6738739|0.9023743|0.1240997
1468943706.512|-0.6925812|0.9197998|0.2381134
1468943706.533|-0.6341553|0.9413147|0.2906647
1468943706.554|-0.5432587|0.9203644|0.2281036
1468943706.575|-0.5047913|0.8721161|0.138031
1468943706.596|-0.5413818|0.7621613|0.0726471
1468943706.617|-0.5417786|0.6832886|0.1130066
1468943706.638|-0.5925293|0.6916046|0.2157745
1468943706.659|-0.6065521|0.7426605|0.3118286
1468943706.68|-0.5890961|0.8127289|0.3594055
1468943706.702|-0.5486298|0.8540344|0.3425293
1468943706.723|-0.5234375|0.8648071|0.2863922
1468943706.744|-0.4943542|0.8581085|0.1497803
1468943706.765|-0.4763184|0.8489685|0.0715179
1468943706.786|-0.4420166|0.8210144|0.0236359
1468943706.807|-0.4607086|0.7759399|0.0315704
1468943706.828|-0.515564|0.7333221|0.0923767
1468943706.849|-0.5434875|0.7183838|0.1704559
1468943706.87|-0.5647125|0.7167511|0.25737
1468943706.891|-0.5800934|0.7134705|0.3088531
1468943706.912|-0.5862122|0.721283|0.3592529
1468943706.933|-0.614624|0.7217865|0.3880157
1468943706.953|-0.6581116|0.7117004|0.3828735
1468943706.974|-0.654953|0.7299805|0.320816
1468943706.995|-0.6887512|0.740387|0.2205658
1468943707.016|-0.8310699|0.7985077|0.1461639
1468943707.036|-1.0037079|0.8348083|0.0998688
1468943707.057|-1.0448914|0.8132629|0.1185303
1468943707.078|-0.9779205|0.8442993|0.2037811
1468943707.099|-1.0202026|0.8256378|0.2288513
1468943707.121|-1.1757202|0.8024445|0.2646942
1468943707.142|-1.1965637|0.7680206|0.2672577
1468943707.163|-1.1612091|0.805481|0.2640533
1468943707.184|-1.160141|0.8439941|0.1574554
1468943707.205|-1.2484741|0.8347015|0.0968781
1468943707.226|-1.2502899|0.8042603|0.0420532
1468943707.247|-1.1862793|0.8209076|0.0799255
1468943707.268|-1.1356506|0.8600464|0.1112823
1468943707.289|-1.0368195|0.872467|0.1196594
1468943707.311|-0.8834686|0.8297729|-0.0055237
1468943707.331|-0.840332|0.7405701|-0.1053162
1468943707.352|-0.7808228|0.6672821|-0.3352203
1468943707.373|-0.6652222|0.5397034|-0.345993
1468943707.394|-0.6139069|0.4974976|-0.3092651
1468943707.415|-0.5198364|0.4022675|-0.2011566
1468943707.436|-0.4784698|0.292984|-0.2226105
1468943707.457|-0.3614197|0.1867065|-0.5065155
1468943707.478|-0.3480225|0.1377869|-0.691452
1468943707.499|-0.2528839|0.0392761|-0.651001
1468943707.52|-0.2955017|-0.0189514|-0.6916656
1468943707.541|-0.3927155|-0.0652771|-0.8118744
1468943707.562|-0.3945312|-0.0798492|-0.8183594
1468943707.583|-0.2265778|-0.0830078|-0.8411255
1468943707.604|-0.1453857|-0.0756378|-0.8968964
1468943707.626|-0.1539917|-0.0531311|-1.0284576
1468943707.646|-0.2670593|-0.0364075|-1.1804047
1468943707.667|-0.337204|0.0005341|-1.1812592
1468943707.688|-0.260025|0.0183716|-1.0518494
1468943707.709|-0.1690979|-0.0801086|-0.901947
1468943707.73|-0.1640472|-0.1521149|-0.8596497
1468943707.752|-0.2125702|-0.1526794|-0.8718262
1468943707.772|-0.2345886|-0.15242|-0.9208221
1468943707.793|-0.2396698|-0.22789|-0.8114166
1468943707.815|-0.1840515|-0.2691803|-0.7375641
1468943707.836|-0.1364288|-0.2732391|-0.6183014
1468943707.856|0.026062|-0.3183746|-0.5870056
1468943707.878|-0.0861816|-0.3317413|-0.9268646
1468943707.899|-0.0562897|-0.415451|-0.9595337