1469030951.311|-0.0116577|0.0195923|-1.0098572
1469030951.333|-0.0082855|0.0163269|-0.9968872
1469030951.353|-0.0092163|0.0176086|-1.0063171
1469030951.374|-0.0119476|0.0176392|-1.000412
1469030951.395|-0.0116425|0.0164337|-1.0037384
1469030951.417|-0.0113678|0.0149689|-1.0004272
1469030951.437|-0.0109558|0.0178833|-1.0041809
1469030951.459|-0.0097046|0.016861|-1.003006
1469030951.479|-0.0082855|0.0175629|-1.000885
1469030951.5|-0.0092468|0.0185547|-1.003006
1469030951.522|-0.0111389|0.0154572|-1.0004272
1469030951.541|-0.0106506|0.0149689|-1.0009003
1469030951.563|-0.0090027|0.0180817|-1.004425
1469030951.584|-0.0097656|0.0180664|-0.999939
1469030951.605|-0.0108948|0.0157013|-1.0046844
1469030951.626|-0.0092163|0.0171204|-1.0027771
1469030951.647|-0.0111542|0.0166626|-1.0027771
1469030951.668|-0.011673|0.0178833|-1.002533
1469030951.689|-0.0123444|0.0154877|-1.0034943
1469030951.71|-0.0067902|0.0167999|-1.0020599
1469030951.732|-0.0109406|0.0173798|-1.002533
1469030951.752|-0.0087433|0.0158691|-0.9992371
1469030951.773|-0.0123749|0.0171967|-1.005127
1469030951.794|-0.0109558|0.0181122|-1.003479
1469030951.815|-0.0140839|0.0164795|-1.0006714
1469030951.836|-0.010025|0.0180664|-0.9971008
1469030951.857|-0.0094757|0.0171204|-1.0023041
1469030951.878|-0.0067902|0.0165405|-1.0006409
1469030951.899|-0.0090179|0.0180664|-1.001358
1469030951.92|-0.0097809|0.019516|-1.0010986
1469030951.941|-0.0091858|0.0161438|-1.0034943
1469030951.962|-0.0106812|0.0168915|-1.0032349
1469030951.983|-0.0082245|0.0148926|-0.9989929
1469030952.004|-0.0101929|0.016861|-1.0006409
1469030952.025|-0.01091|0.0159302|-1.0027924
1469030952.047|-0.0109558|0.0161438|-0.99617
1469030952.068|-0.0099487|0.0173798|-1.0056152
1469030952.089|-0.010849|0.014267|-1.0051422
1469030952.109|-0.0087128|0.0151672|-1.0016022
1469030952.131|-0.0111389|0.016449|-1.0056305
1469030952.152|-0.009964|0.0171356|-1.002533
1469030952.173|-0.0135803|0.0169678|-1.0058746
1469030952.194|-0.0119019|0.0159607|-1.0013733
1469030952.215|-0.0099487|0.0156555|-1.0006561
1469030952.235|-0.0084229|0.0134888|-1.0013885
1469030952.256|-0.0084839|0.0161285|-1.0011292
1469030952.277|-0.0099487|0.0154266|-0.9999542
1469030952.298|-0.0111847|0.017395|-1.0020599
1469030952.319|-0.008316|0.0175323|-0.9973297
1469030952.34|-0.0085602|0.0197601|-1.0044098
1469030952.361|-0.0109711|0.0176239|-1.0018311
1469030952.382|-0.0095215|0.0182953|-0.9989777
1469030952.403|-0.0101929|0.016861|-1.0006409
1469030952.424|-0.0112|0.0171509|-0.9985199
1469030952.445|-0.0136414|0.0171967|-0.9999542
1469030952.467|-0.0097656|0.0185547|-1.0023041
1469030952.488|-0.0114136|0.0169067|-1.0011139
1469030952.509|-0.0124207|0.017395|-0.9985199
1469030952.53|-0.012085|0.0145264|-1.0030212
1469030952.551|-0.0126495|0.0171967|-1.0011292
1469030952.572|-0.0112457|0.0198059|-1.0008698
1469030952.593|-0.0097046|0.0166168|-1.002533
1469030952.614|-0.0100403|0.0192719|-0.9992065
1469030952.635|-0.0097351|0.0156403|-0.9980469
1469030952.656|-0.0140076|0.0136108|-1.0018768
1469030952.677|-0.0099792|0.016861|-0.9985199
1469030952.698|-0.0124359|0.0186157|-1.001358
1469030952.719|-0.0085144|0.0165863|-0.9997101
1469030952.739|-0.0104065|0.0161591|-1.0025482
1469030952.76|-0.0116882|0.0176392|-1.0023041
1469030952.781|-0.0104218|0.0168762|-1.003479
1469030952.802|-0.0101776|0.0166321|-1.002533
1469030952.823|-0.0133972|0.0181732|-1.0020752
1469030952.844|-0.0098267|0.0211945|-1.0018005
1469030952.866|-0.0107422|0.0176086|-0.998764
1469030952.887|-0.0123138|0.0140533|-1.0042114
1469030952.908|-0.0087585|0.0178223|-1.0027771
1469030952.929|-0.0109253|0.0154419|-0.9997253
1469030952.95|-0.0109558|0.0168762|-0.9994659
1469030952.971|-0.0082703|0.0170898|-1.0015869
1469030952.992|-0.0098572|0.0128021|-1.0032654
1469030953.013|-0.0119476|0.0178986|-1.0023041
1469030953.034|-0.0101624|0.0159302|-1.0044403
1469030953.055|-0.0106812|0.0161743|-1.0011292
1469030953.076|-0.0093994|0.0137482|-1.0023346
1469030953.098|-0.0091705|0.0161591|-1.0065765
1469030953.118|-0.0101318|0.0149689|-1.0044403
1469030953.14|-0.009613|0.0135193|-1.0056458
1469030953.161|-0.0084991|0.0171051|-1.002533
1469030953.182|-0.010437|0.0158997|-0.9994812
1469030953.203|-0.0101471|0.0154419|-1.0025482
1469030953.224|-0.0075531|0.0170593|-0.9982758
1469030953.245|-0.0119476|0.0188599|-1.0032196
1469030953.266|-0.0100403|0.0197754|-1.0022888
1469030953.286|-0.0110321|0.0202637|-1.0018158
1469030953.307|-0.0072784|0.0168152|-1.003479
1469030953.328|-0.0075073|0.0175781|-1.007019
1469030953.349|-0.008255|0.0156097|-0.9992371
1469030953.37|-0.0111084|0.014267|-1.0011292
1469030953.391|-0.012619|0.0169373|-1.0032501
1469030953.411|-0.0104523|0.0171356|-1.0011139
1469030953.433|-0.0097351|0.0176086|-1.004425
1469030953.454|-0.0121613|0.0171814|-1.0011139
1469030953.475|-0.0107269|0.0181122|-1.0015869
1469030953.496|-0.0114441|0.0193329|-1.0048981
1469030953.517|-0.0085907|0.0197296|-0.9992065
1469030953.538|-0.0250854|0.0434875|-1.0139771
1469030953.559|-0.0257416|0.0019226|-0.9211273
1469030953.58|-0.0082855|-0.0071411|-0.9173584
1469030953.601|-0.0121918|0.0236816|-1.052124
1469030953.622|-0.0128326|0.0174561|-1.0075226
1469030953.643|-0.010376|0.0127716|-0.9959564
1469030953.664|-0.0113983|0.0166626|-1.0037231
1469030953.685|-0.012619|0.01474|-0.9969025
1469030953.706|-0.0075531|0.0185089|-1.0027771
1469030953.727|-0.0097198|0.0158844|-0.9992371
1469030953.748|-0.0099792|0.0171356|-1.0023041
1469030953.769|-0.0101776|0.0171509|-1.0046692
1469030953.79|-0.0084686|0.0144348|-0.9994812
1469030953.811|-0.0098877|0.0132751|-1.0011444
1469030953.832|-0.0123444|0.0145264|-1.0018463
1469030953.853|-0.0060425|0.0151062|-1.001358
1469030953.874|-0.0101013|0.0130157|-1.0006714
1469030953.895|-0.0097504|0.0178375|-1.0018311
1469030953.916|-0.010025|0.0197754|-1.0029907
1469030953.94|0.024292|0.0464935|-1.3050842
1469030953.958|-0.0049591|-0.0144958|-0.9533234
1469030953.98|-0.0101166|0.001297|-0.9615021
1469030954.001|-0.0081482|0.0227814|-1.0353699
1469030954.022|-0.0096436|0.0102997|-0.9898224
1469030954.043|-0.0121307|0.0088654|-0.978241
1469030954.063|-0.0082703|0.0249023|-1.0266113
1469030954.084|-0.0094452|0.0105133|-0.9836731
1469030954.105|-0.0082703|0.0202484|-1.0115051
1469030954.127|-0.0087433|0.0151367|-0.9971161
1469030954.148|-0.0094147|0.0149384|-1.0013733
1469030954.169|-0.0096741|0.0142059|-0.998291
1469030954.19|-0.0101929|0.0171356|-1.003479
1469030954.21|-0.0116119|0.0149841|-1.0011292
1469030954.232|-0.0102386|0.0187988|-1.0003967
1469030954.253|-0.010376|0.0147095|-1.0034943
1469030954.274|-0.0070496|0.0192413|-1.0074921
1469030954.295|-0.0096436|0.0142365|-1.0044403
1469030954.316|-0.0108795|0.0154724|-1.0058746
1469030954.337|-0.0094604|0.0163727|-1.0006561
1469030954.357|-0.024765|0.0512085|-1.1195984
1469030954.378|0.004425|-0.0018158|-0.9792175
1469030954.4|-0.0060883|0.0083923|-1.0056763
1469030954.42|-0.0081482|0.0168915|-1.0157776
1469030954.441|-0.0111694|0.0144806|-0.9954529
1469030954.462|-0.0108795|0.0142517|-1.0018463
1469030954.483|-0.0102081|0.0163879|-0.9997253
1469030954.505|-0.0104065|0.0146942|-0.9997253
1469030954.525|-0.009903|0.015213|-1.0060883
1469030954.547|-0.0124512|0.0183563|-0.9982758
1469030954.568|-0.0111084|0.0132904|-0.9990082
1469030954.589|-0.0085144|0.0168304|-1.0001678
1469030954.61|-0.0109406|0.0164185|-1.0023193
1469030954.631|-0.0101929|0.0164032|-1.0011292
1469030954.652|-0.0121155|0.0159607|-1.0025482
1469030954.673|-0.0098877|0.0132599|-1.0004425
1469030954.694|-0.0090027|0.0180664|-1.003479
1469030954.715|-0.0094757|0.0171051|-1.0006409
1469030954.736|-0.0119171|0.016449|-1.0023193
1469030954.757|-0.0091705|0.0144501|-1.0006561
1469030954.778|-0.0112152|0.0190887|-1.0032196
1469030954.799|-0.012085|0.0142822|-1.0011292
1469030954.82|-0.0084839|0.0158844|-1.0020752
1469030954.841|-0.0102234|0.0178528|-1.0023041
1469030954.862|-0.0128326|0.0162201|-1.0032654
1469030954.884|-0.0111084|0.0152435|-1.0051422
1469030954.904|-0.0103912|0.015213|-1.0039825
1469030954.925|-0.0112|0.0176392|-1.001358
1469030954.947|-0.0096741|0.0156708|-1.0046844
1469030954.968|-0.0080414|0.0170746|-0.9989777
1469030954.989|-0.0106812|0.0161743|-1.0023193
1469030955.01|-0.0106354|0.0144958|-1.0027924
1469030955.031|-0.0121307|0.0169373|-1.0041809
1469030955.052|-0.0108948|0.0157013|-1.0046844
1469030955.073|-0.0121613|0.0181427|-1.0027771
1469030955.094|-0.0080719|0.0190125|-1.0013428
1469030955.115|-0.0131226|0.0176849|-1.0051422
1469030955.136|-0.009201|0.0151672|-0.9992371
1469030955.157|-0.0092926|0.0207214|-1.0027618
1469030955.178|-0.0118713|0.0145264|-1.0023193
1469030955.199|-0.0112305|0.0195465|-1.0003967
1469030955.22|-0.0128326|0.0155029|-1.0013885
1469030955.241|-0.0076904|0.0149231|-1.0051422
1469030955.262|-0.0108948|0.0154572|-1.0032501
1469030955.283|-0.0072784|0.0168152|-1.0037231
1469030955.305|-0.0101929|0.0161438|-0.9985352
1469030955.325|-0.010498|0.0190582|-1.0022888
1469030955.346|-0.0106812|0.0151978|-0.9999542
1469030955.368|-0.0087128|0.0158844|-1.0034943
1469030955.389|-0.011322|0.0130615|-1.0011444
1469030955.41|-0.009903|0.0142365|-1.0018463
1469030955.431|-0.0121002|0.0154877|-1.0025482
1469030955.452|-0.0102386|0.0178375|-0.998764
1469030955.473|-0.0086975|0.0154114|-1.0032501
1469030955.494|-0.011673|0.0176544|-1.0039673
1469030955.515|-0.0123749|0.0162048|-1.0013733
1469030955.536|-0.0106964|0.0173798|-1.0032349
1469030955.557|-0.01091|0.015686|-1.0034943
1469030955.578|-0.0080261|0.0180511|-1.0032349
1469030955.599|-0.0116272|0.0149689|-0.9987793
1469030955.62|-0.0107269|0.0181122|-1.0018311
1469030955.641|-0.0102539|0.0185547|-0.9989777
1469030955.662|-0.0099945|0.0176086|-1.0018311
1469030955.683|-0.0094147|0.0146942|-1.0016022
1469030955.704|-0.0084076|0.0130005|-1.0009155
1469030955.724|-0.0092316|0.0173492|-1.0011139
1469030955.745|-0.0114441|0.0186005|-1.0037231
1469030955.767|-0.0109406|0.0166473|-1.0023041
1469030955.787|-0.0116577|0.017395|-1.002533
1469030955.809|-0.0119171|0.0174255|-1.0039673
1469030955.83|-0.0106964|0.0166473|-1.0011139
1469030955.851|-0.0092316|0.0171204|-1.0015869
1469030955.872|-0.0106506|0.0144958|-1.0020752
1469030955.893|-0.0107269|0.0181122|-1.0018311
1469030955.914|-0.011673|0.0168915|-0.9994659
1469030955.935|-0.0097504|0.0183105|-1.0027771
1469030955.956|-0.0089722|0.0171204|-1.0046692
1469030955.977|-0.0079956|0.0165863|-1.0037231
1469030955.998|-0.0128174|0.0155029|-1.0032654
1469030956.019|-0.0115814|0.0137939|-1.0035095
1469030956.04|-0.0106354|0.0132751|-0.9983063
1469030956.061|-0.012146|0.0152283|-0.9980469
1469030956.082|-0.0104523|0.0171204|-1.000412
1469030956.103|-0.0087433|0.0163574|-1.0006561
1469030956.124|-0.0106506|0.0147095|-1.0006561
1469030956.146|-0.0111237|0.0149841|-1.0011292
1469030956.166|-0.0131226|0.0174255|-1.0025482
1469030956.187|-0.0114288|0.0181274|-1.0037231
1469030956.208|-0.0077972|0.017807|-1.0011139
1469030956.229|-0.0121155|0.0154724|-1.0006561
1469030956.25|-0.0077209|0.0144348|-1.0023193
1469030956.271|-0.0106964|0.0154266|-0.9971161
1469030956.292|-0.0114288|0.0176392|-1.0032349
1469030956.313|-0.0072632|0.0153809|-1.0013733
1469030956.334|-0.0077209|0.013443|-0.9964142
1469030956.356|-0.0096741|0.0144653|-1.0016022
1469030956.376|-0.0092316|0.0166016|-0.998764
1469030956.397|-0.0099335|0.0154419|-1.0011292
1469030956.418|-0.0116272|0.0144958|-1.0001831
1469030956.439|-0.0114594|0.0176239|-0.9997101
1469030956.46|-0.0102081|0.0176239|-1.0039673
1469030956.481|-0.0097198|0.0171204|-1.003479
1469030956.502|-0.0114288|0.0168915|-0.9985199
1469030956.523|-0.0096893|0.0168762|-1.005127
1469030956.544|-0.0090637|0.0202179|-1.0037079
1469030956.566|-0.0087585|0.0175781|-1.002533
1469030956.587|-0.0104218|0.0156708|-1.0018463
1469030956.607|-0.0125427|0.012619|-1.0014038
1469030956.629|-0.0084839|0.015625|-1.0006561
1469030956.65|-0.0101318|0.0137634|-1.0020905
1469030956.671|-0.0034943|0.0684814|-1.2974548
1469030956.692|0.0089569|-0.0194855|-0.9790955
1469030956.713|-0.0119476|0.0033875|-0.9867859
1469030956.734|-0.0070648|0.0172424|-1.0363464
1469030956.755|-0.0148621|0.0103455|-0.973526
1469030956.776|-0.0149231|0.032074|-1.035553
1469030956.797|-0.0133209|0.0025787|-0.9612885
1469030956.818|-0.0077209|0.0190887|-1.0176544
1469030956.839|-0.0087128|0.0144348|-0.998291
1469030956.86|-0.012619|0.0145111|-0.9964142
1469030956.881|-0.0113983|0.0157013|-1.0013733
1469030956.902|-0.0070343|0.0167999|-1.0015869
1469030956.922|-0.0072327|0.0141754|-1.0009003
1469030956.944|-0.0097046|0.0156555|-1.0011292
1469030956.965|-0.0084229|0.0134888|-1.0013885
1469030956.986|-0.0135498|0.0138397|-1.0018768
1469030957.007|-0.0111237|0.0154724|-1.0025482
1469030957.028|-0.0124054|0.0181427|-1.002533
1469030957.049|-0.0107117|0.0176239|-1.002533
1469030957.074|-0.0351868|0.065979|-1.13797
1469030957.09|-0.001358|-0.0089722|-0.9641571
1469030957.111|-0.0111694|0.0002441|-0.9823303
1469030957.133|-0.0061646|0.0220184|-1.0400848
1469030957.153|-0.0121155|0.0132751|-0.9940491
1469030957.174|-0.0106812|0.0215454|-1.0188293
1469030957.195|-0.008194|0.016861|-1.0091553
1469030957.216|-0.0101624|0.0142059|-0.9971161
1469030957.237|-0.0079651|0.0173645|-1.0103302
1469030957.258|-0.0116272|0.0132751|-0.9945374
1469030957.279|-0.011261|0.0217438|-1.0055847
1469030957.3|-0.0067749|0.0148468|-0.9971161
1469030957.321|-0.0081787|0.0141907|-1.0025482
1469030957.342|-0.0094147|0.0139618|-0.9992523
1469030957.363|-0.0114594|0.0195618|-1.0025177
1469030957.384|-0.0089722|0.0146484|-0.9971161
1469030957.406|-0.0095062|0.0178223|-1.0001678
1469030957.426|-0.0101624|0.0146942|-1.0001831
1469030957.448|-0.0103912|0.0151978|-1.0037384
1469030957.469|-0.0101776|0.0149231|-0.997345
1469030957.489|0.0328217|0.0496674|-1.3513947
1469030957.511|0.004364|-0.0097351|-0.9795227
1469030957.531|-0.0100403|0.0089111|-0.9962158
1469030957.552|-0.0095978|0.0164642|-1.0183868
1469030957.573|-0.0119629|0.0142059|-0.9855347
1469030957.594|-0.0089264|0.0159149|-1.0075226
1469030957.615|-0.009964|0.0117645|-0.9867401
1469030957.636|-0.0099335|0.0195923|-1.0143433
1469030957.657|-0.0101624|0.0137329|-0.9959564
1469030957.678|-0.0118561|0.0138092|-1.0013885
1469030957.699|-0.01091|0.0154419|-1.0004272
1469030957.72|-0.0075073|0.0163422|-1.0034943
1469030957.741|-0.0114594|0.0193176|-1.0025177
1469030957.762|-0.0079803|0.0153809|-1.0006561
1469030957.782|-0.0090942|0.0113373|-1.0016327
1469030957.803|-0.0119171|0.0174103|-1.0027771
1469030957.825|-0.0101166|0.0147247|-1.0046844
1469030957.845|-0.0106659|0.0159302|-1.0037384
1469030957.867|-0.0119476|0.0178986|-1.0023041
1469030957.888|-0.0128632|0.0164642|-1.0011444
1469030957.909|-0.0093842|0.0147095|-1.0046844
1469030957.93|-0.0092163|0.0163879|-1.0009003
1469030957.951|-0.0111389|0.0159454|-1.0037384
1469030957.971|-0.0110779|0.0128326|-1.0020905
1469030957.992|-0.0097046|0.0161438|-1.0013733
1469030958.014|-0.0079651|0.0153961|-1.0032501
1469030958.035|-0.0087738|0.0178223|-1.0015869
1469030958.056|-0.0106354|0.0147247|-1.0027924
1469030958.077|-0.01091|0.015213|-1.0016022
1469030958.098|-0.0097046|0.0158997|-1.0013733
1469030958.119|-0.0111542|0.0159454|-1.0020752
1469030958.14|-0.0101013|0.0135345|-1.0039978
1469030958.161|-0.0126495|0.0184021|-1.0056305
1469030958.182|-0.0114594|0.0186005|-1.001358
1469030958.203|-0.0090027|0.0173187|-1.0006409
1469030958.224|-0.0116425|0.0154572|-0.9999542
1469030958.245|-0.0115967|0.014267|-1.0011292
1469030958.266|-0.0111694|0.0164337|-1.0009003
1469030958.287|-0.0108032|0.0204926|-0.9994507
1469030958.308|-0.0113678|0.0140076|-0.9992523
1469030958.329|-0.0123444|0.0145264|-1.0009003
1469030958.35|-0.0077667|0.0165863|-1.000885
1469030958.371|-0.0101318|0.0142365|-1.0011292
1469030958.392|-0.0104675|0.0180969|-1.0011139
1469030958.414|-0.0089569|0.0151672|-1.0016022
1469030958.435|-0.0103912|0.0147095|-1.0020752
1469030958.456|-0.0104828|0.0180817|-0.9997101
1469030958.476|-0.0092316|0.0163727|-1.0001831
1469030958.498|-0.0133362|0.0155182|-1.0016174
1469030958.519|-0.0101929|0.0171356|-1.002533
1469030958.54|-0.0084534|0.0149231|-1.0020752
1469030958.561|-0.0087433|0.0171051|-1.0027771
1469030958.582|-0.0070038|0.0155945|-1.0027924
1469030958.603|-0.0106964|0.0166321|-1.000412
1469030958.624|-0.0099945|0.0176086|-1.0011139
1469030958.645|-0.0072784|0.016098|-1.0013733
1469030958.666|-0.0091858|0.0158997|-1.0027924
1469030958.687|-0.0101624|0.0156708|-1.0037384
1469030958.708|-0.0094452|0.0158997|-1.0016022
1469030958.729|-0.0079346|0.0132294|-1.0013885
1469030958.75|-0.0101471|0.0149536|-1.0023193
1469030958.771|-0.0097351|0.0168457|-1.0001678
1469030958.792|-0.0096588|0.0149384|-1.0032501
1469030958.814|-0.0098114|0.0197449|-0.9996948
1469030958.834|-0.0091858|0.0159149|-1.0039825
1469030958.855|-0.0090027|0.0171051|-1.0023041
1469030958.877|-0.0117035|0.0188446|-1.0022888
1469030958.897|-0.009491|0.0180817|-1.0020599
1469030958.918|-0.0130463|0.0142975|-1.0035095
1469030958.939|-0.0121155|0.0149841|-0.9985352
1469030958.96|-0.0111694|0.0176544|-1.0046692
1469030958.981|-0.0101776|0.0164032|-1.0037384
1469030959.002|-0.0116577|0.0169067|-1.0018311
1469030959.023|-0.012558|0.0130768|-0.9988098
1469030959.043|-0.0104828|0.0185699|-1.0015869
1469030959.065|-0.0097046|0.0154114|-0.9994812
1469030959.086|-0.0092468|0.0175781|-1.0006409
1469030959.107|-0.0113983|0.0164337|-1.0027924
1469030959.128|-0.0084839|0.0163727|-1.0034943
1469030959.149|-0.0075531|0.0177917|-1.0023041
1469030959.17|-0.0099487|0.0144653|-0.9980469
1469030959.191|-0.0101776|0.0159149|-1.0011292
1469030959.212|-0.0090027|0.0168304|-1.0001678
1469030959.232|-0.0099945|0.0176086|-1.0018311
1469030959.254|-0.0091553|0.0144653|-1.0034943
1469030959.275|-0.0084839|0.015625|-1.0006561
1469030959.296|-0.0093994|0.0146942|-1.0030212
1469030959.317|-0.0092163|0.0173492|-1.0032349
1469030959.338|-0.0097351|0.0166016|-0.9997101
1469030959.359|-0.008728|0.0158844|-1.0023193
1469030959.38|-0.0216217|-0.0094757|-0.9167023
1469030959.401|-0.0073395|-0.0028534|-0.9620209
1469030959.422|-0.0110626|0.0213928|-1.0327759
1469030959.443|-0.0068207|0.0209351|-1.0114899
1469030959.464|-0.009903|0.0213318|-1.0259094
1469030959.486|-0.0096436|0.0105591|-0.9917145
1469030959.506|-0.0086975|0.0171356|-1.0093842
1469030959.527|-0.0106506|0.0127716|-0.9940491
1469030959.549|-0.0119171|0.018158|-1.0049133
1469030959.569|-0.0213165|0.0002899|-0.8558807
1469030959.59|-0.0110321|-0.0066223|-0.9114532
1469030959.612|-0.0115814|0.0194092|-1.0214386
1469030959.633|-0.0052643|0.0317383|-1.0615387
1469030959.653|-0.0114288|0.0020142|-0.951828
1469030959.674|-0.0102386|0.026886|-1.0296631
1469030959.695|-0.0095062|0.0119476|-0.9789276
1469030959.716|-0.0109253|0.0195923|-1.0131531
1469030959.741|-0.036377|0.0701141|-1.1897125
1469030959.758|-0.0247192|-0.0218658|-0.8827362
1469030959.779|-0.0140228|-0.0130615|-0.9107971
1469030959.8|-0.0106812|0.0636597|-1.1218414
1469030959.821|-0.010437|0.0090637|-0.977066
1469030959.842|-0.0107727|0.0014496|-0.9409485
1469030959.863|-0.0106812|0.0332947|-1.0587006
1469030959.884|-0.0102234|0.0100098|-0.9749298
1469030959.905|-0.0121155|0.0142517|-0.9968872
1469030959.926|-0.0096588|0.0176544|-1.0148315
1469030959.947|-0.0413361|-0.0046997|-0.8271179
1469030959.969|-0.0244293|0.0069122|-0.9163513
1469030959.989|-0.015625|0.0367584|-1.0563354
1469030960.011|-0.012558|0.0036163|-0.9333649
1469030960.032|-0.0091553|0.0200806|-1.0204926
1469030960.053|-0.0109863|0.0210266|-1.010788
1469030960.073|-0.0100098|0.0210114|-1.0105438
1469030960.094|0.019989|0.0058289|-1.0410767
1469030960.115|-0.0079193|-0.041687|-0.7880554
1469030960.136|-0.0063019|0.0108643|-1.0170135
1469030960.157|-0.0227966|0.06604|-1.1038971
1469030960.178|-0.0111847|-0.0026398|-0.9355316
1469030960.199|-0.0118713|0.0010834|-0.9546509
1469030960.221|-0.0077057|0.0185852|-1.0157776
1469030960.242|-0.0102081|0.0066071|-0.9671478
1469030960.263|-0.0110931|0.0228424|-1.0327759
1469030960.284|0.0348511|0.0153351|-1.1802216
1469030960.305|-0.0056915|-0.010498|-0.9294128
1469030960.326|-0.0130463|0.0250702|-1.039856
1469030960.348|-0.0106812|0.0044556|-0.9638672
1469030960.368|-0.0099335|0.0073853|-0.975647
1469030960.389|-0.0097809|0.0317383|-1.0438232
1469030960.41|-0.0097961|0.009964|-0.9675903
1469030960.432|-0.012085|0.0169678|-1.0103302
1469030960.456|-0.0202484|0.061203|-1.2074738
1469030960.474|-0.0156555|-0.0304871|-0.8300629
1469030960.495|-0.011795|0.0108948|-0.9985657
1469030960.518|-0.017746|0.0562439|-1.0947266
1469030960.537|-0.0121613|0.0020294|-0.9506378
1469030960.558|-0.0103607|0.0054474|-0.9747162
1469030960.579|-0.0102539|0.0322571|-1.0457153
1469030960.6|-0.0121613|0.0076294|-0.9694977
1469030960.62|-0.0122833|0.0196838|-1.0254517
1469030960.642|-0.0118713|0.009613|-0.9841461
1469030960.663|-0.01091|0.018158|-1.0101013
1469030960.684|-0.0077515|0.0158691|-1.0018463
1469030960.705|-0.0082397|0.0141602|-0.995224
1469030960.726|-0.0113525|0.0154877|-1.0060883
1469030960.747|-0.0107574|0.0175934|-0.9959259
1469030960.768|-0.0092468|0.0183105|-1.003479
1469030960.789|-0.0110931|0.0135498|-1.0013885
1469030960.81|-0.0065613|0.0163116|-0.9997253
1469030960.831|-0.0101318|0.015213|-1.0058746
1469030960.852|-0.0099792|0.0163879|-0.9994812
1469030960.873|-0.0118408|0.0142975|-1.0044403
1469030960.894|-0.0101471|0.0149536|-1.0020752
1469030960.915|-0.0115814|0.0137939|-1.0035095
1469030960.936|-0.0108948|0.015213|-1.0032501
1469030960.957|-0.0094299|0.0154266|-1.0016022
1469030960.978|-0.0106659|0.0161743|-1.0025482
1469030960.999|-0.0101929|0.017868|-1.005127
1469030961.02|-0.0128937|0.018158|-1.0009003
1469030961.041|-0.0089874|0.0171051|-1.0027771
1469030961.063|-0.0099335|0.0159149|-1.0025482
1469030961.084|-0.0113983|0.0161896|-1.0016022
1469030961.104|-0.0104065|0.0151978|-1.0011292
1469030961.126|-0.0118713|0.0145264|-1.0011292
1469030961.147|-0.0119324|0.0166626|-0.9994659
1469030961.168|-0.0106201|0.0132904|-1.0011444
1469030961.189|-0.0091858|0.0154266|-1.0020752
1469030961.21|-0.0099487|0.0168762|-1.003479
1469030961.231|-0.0104675|0.0183258|-1.002533
1469030961.252|-0.0089874|0.0168304|-1.0006409
1469030961.273|-0.0111389|0.0144958|-0.9997253
1469030961.294|-0.0119171|0.016449|-1.0023193
1469030961.315|-0.0089264|0.014679|-1.0030212
1469030961.336|-0.0118866|0.0154877|-1.0009003
1469030961.357|-0.0106506|0.0149689|-1.0020752
1469030961.378|-0.0099335|0.0151978|-1.0013733
1469030961.4|-0.0109253|0.015686|-1.0013733
1469030961.42|-0.0096893|0.0158997|-1.0027924
1469030961.441|-0.0108948|0.0147247|-1.0011292
1469030961.462|-0.0087128|0.0144348|-0.9994812
1469030961.483|-0.0099335|0.0161743|-1.0044403
1469030961.504|-0.0077209|0.0141754|-0.9994812
1469030961.525|-0.0121155|0.0154877|-1.0016022
1469030961.546|-0.0111237|0.0144958|-1.0004272
1469030961.566|-0.0089417|0.0154114|-1.0032501
1469030961.586|-0.0099792|0.0166168|-0.999939
1469030961.608|-0.0113831|0.0149689|-0.9997253
1469030961.628|-0.0105896|0.0123291|-1.0016174
1469030961.649|-0.011673|0.0164185|-0.9987793
1469030961.671|-0.0082855|0.017807|-1.0018311
1469030961.692|-0.0096436|0.0142212|-1.0032501
1469030961.713|-0.0101166|0.0132751|-1.0023346
1469030961.733|-0.008194|0.0141907|-1.0011292
1469030961.754|-0.0133514|0.0167236|-1.0039825
1469030961.775|-0.0111389|0.0140076|-0.9978485
1469030961.796|-0.009201|0.016861|-1.0027771
1469030961.817|-0.012558|0.0133362|-1.0011597
1469030961.838|-0.0106964|0.0166473|-1.000885
1469030961.86|-0.0082092|0.0144348|-1.0018463
1469030961.881|-0.0101624|0.0168915|-1.0063171
1469030961.901|-0.0106354|0.0142517|-1.0013733
1469030961.922|-0.0121613|0.0176544|-1.003006
1469030961.943|-0.0100098|0.0175934|-0.998764
1469030961.964|-0.0128632|0.0166931|-1.0023193
1469030961.985|-0.0125427|0.0126038|-1.0006866
1469030962.006|-0.0113831|0.0147247|-0.9997253
1469030962.027|-0.0088959|0.0134888|-1.0030365
1469030962.048|-0.0101776|0.0158997|-1.0006561
1469030962.069|-0.011673|0.0168915|-0.9992218
1469030962.09|-0.0121918|0.019104|-1.0029907
1469030962.111|-0.0102081|0.0171356|-1.0018311
1469030962.138|-0.0130768|0.0157471|-1.0061035
1469030962.153|-0.0128479|0.0140076|-0.9938354
1469030962.175|-0.0140686|0.0187073|-1.0101166
1469030962.196|-0.011322|0.0128326|-1.0023346
1469030962.217|-0.0101776|0.0156708|-1.0009003
1469030962.238|-0.0087738|0.0178223|-1.0023041
1469030962.259|-0.0133057|0.0142975|-1.0006714
1469030962.278|-0.0088196|0.0190125|-0.9992065
1469030962.3|-0.0160217|0.0050507|-0.9643402
1469030962.321|-0.0116882|-0.003891|-0.9284363
1469030962.341|-0.0090637|0.0199127|-1.0341949
1469030962.362|-0.011734|0.0288544|-1.032486
1469030962.383|-0.0128937|0.0020294|-0.948288
1469030962.405|-0.0116119|0.0235596|-1.0289612
1469030962.426|-0.0119171|0.0120392|-0.9853058
1469030962.448|-0.009201|0.0190887|-1.012207
1469030962.469|0.0169373|0.015213|-1.1235352
1469030962.489|-0.0070801|-0.0116119|-0.9384308
1469030962.509|-0.0041962|0.0124817|-1.0122375
1469030962.53|-0.0104218|0.0381622|-1.0756836
1469030962.551|-0.0102692|0.0031433|-0.9468384
1469030962.573|-0.0102539|0.0288391|-1.03508
1469030962.594|-0.0106812|0.009552|-0.9787292
1469030962.615|0.0240479|0.0332031|-1.1926575
1469030962.636|-0.0137787|-0.0066986|-0.9346313
1469030962.656|-0.0071869|-0.0080261|-0.9360504
1469030962.677|-0.0069122|0.0516205|-1.1349182
1469030962.698|-0.0072479|0.015625|-1.0056305
1469030962.719|-0.0082245|0.0198059|-1.0176544
1469030962.74|-0.0091705|0.0235138|-1.0301514
1469030962.761|-0.0137939|0.006485|-0.9747314
1469030962.782|0.0101318|0.0319366|-1.2156372
1469030962.804|-0.0045929|-0.0185089|-0.9197845
1469030962.825|-0.0158997|-0.0034027|-0.9542236
1469030962.846|-0.0194244|0.0482178|-1.0725861
1469030962.867|-0.0141296|-0.0013885|-0.9360199
1469030962.888|-0.008667|0.0159149|-1.0093994
1469030962.909|-0.0070496|0.0265656|-1.0315552
1469030962.93|-0.0003357|0.0139008|-0.977478
1469030962.951|-0.0180817|0.0037842|-0.9437866
1469030962.972|-0.0223083|-0.0411682|-0.7816925
1469030962.993|-0.0095825|0.0897522|-1.1916504
1469030963.014|-0.0059204|0.0007782|-0.9707184
1469030963.035|-0.0104523|-0.0095367|-0.9107666
1469030963.056|-0.0092621|0.049118|-1.1027985
1469030963.077|-0.005722|0.0085449|-0.9891052
1469030963.098|0.0234375|0.0086517|-1.0932922
1469030963.119|-0.0050049|-0.0176239|-0.9015656
1469030963.14|0.000946|0.0775299|-1.1985626
1469030963.161|-0.0064087|0.0117798|-1.004715
1469030963.183|-0.0112|-0.0119476|-0.9029846
1469030963.203|-0.0076752|0.0381775|-1.0870209
1469030963.224|-0.0271606|0.0288391|-0.9138641
1469030963.245|-0.0248871|-0.0090179|-0.9029999
1469030963.266|-0.0074463|-0.002182|-0.9520721
1469030963.287|-0.0097046|0.0810242|-1.1813049
1469030963.308|-0.0106506|9.16e-05|-0.9537201
1469030963.329|-0.0079956|-0.0046539|-0.9331818
1469030963.35|-0.007843|0.0434418|-1.079895
1469030963.372|-0.009491|0.0119629|-0.9827118
1469030963.393|0.0247498|0.0145111|-1.1606293
1469030963.413|-0.0383148|-0.0061646|-0.834198
1469030963.435|-0.0196075|0.0659637|-1.1065063
1469030963.455|-0.0114136|0.0022583|-0.9537048
1469030963.476|-0.0116425|0.0005646|-0.950882
1469030963.497|-0.0105133|0.0385895|-1.0626831
1469030963.524|0.0004425|0.0400238|-0.9685516
1469030963.539|0.0008545|-0.054184|-0.7843018
1469030963.56|-0.0160065|0.012558|-1.0255127
1469030963.581|-0.0245819|0.0723572|-1.1109467
1469030963.602|-0.0131073|-0.0054474|-0.8944244
1469030963.623|-0.0131378|-0.0006409|-0.9423828
1469030963.644|-0.0100555|0.0461578|-1.0862579
1469030963.666|0.0076599|0.037323|-0.9853363
1469030963.686|0.003006|-0.0594025|-0.7609558
1469030963.708|-0.0052338|0.0084534|-1.0224457
1469030963.729|-0.0243835|0.0847931|-1.1460724
1469030963.75|-0.0105743|-0.006424|-0.9050446
1469030963.771|-0.0113678|-0.0072479|-0.9289551
1469030963.792|-0.0115204|0.0515747|-1.1008759
1469030963.813|0.0133514|0.0316467|-1.2191772
1469030963.834|0.0039215|-0.0284729|-0.8898163
1469030963.855|-0.0007172|0.0383759|-1.1092377
1469030963.876|-0.0105896|0.0262756|-1.0480957
1469030963.897|-0.0144501|-0.006546|-0.9102783
1469030963.918|-0.0082397|0.025177|-1.0325165
1469030963.939|-0.0103912|0.0210724|-1.0230713
1469030963.96|0.0020294|-0.0181885|-0.963501
1469030963.981|-0.0069275|-0.0219879|-0.889801
1469030964.003|0.0093536|0.0692902|-1.2276764
1469030964.023|-0.0030212|0.0173035|-1.0200043
1469030964.044|-0.01091|-0.0124054|-0.9088898
1469030964.065|-0.0081329|0.0333099|-1.0745392
1469030964.086|-0.0090179|0.0072937|-0.9661865
1469030964.107|-0.009964|0.0161438|-0.9992371
1469030964.129|-0.0109711|0.0220032|-1.015274
1469030964.149|-0.0084839|0.012207|-0.9871979
1469030964.17|-0.008194|0.0156555|-1.0086975
1469030964.191|-0.0120392|0.0121155|-1.0020905
1469030964.213|-0.013382|0.0169373|-0.9994812
1469030964.234|-0.0097504|0.0168304|-0.9973297
1469030964.255|-0.0074921|0.0153809|-1.0016022
1469030964.275|-0.0089874|0.0158691|-1.0001831
1469030964.296|-0.0113983|0.0161896|-1.0013733
1469030964.317|-0.0091553|0.0139618|-1.0006714
1469030964.338|-0.0092163|0.016861|-1.0015869
1469030964.359|-0.009201|0.0158997|-1.0009003
1469030964.379|-0.0114441|0.0166473|-0.9975739
1469030964.4|-0.0102234|0.0180969|-1.000885
1469030964.422|-0.0079498|0.0144501|-1.0044403
1469030964.443|-0.0109558|0.0181274|-1.0041809
1469030964.464|-0.009201|0.0166321|-1.0039673
1469030964.485|-0.013916|0.0198517|-1.001358
1469030964.506|-0.0119934|0.0190887|-0.9985046
1469030964.527|-0.0079651|0.0144348|-1.0016022
1469030964.548|-0.0106506|0.0144806|-1.0006561
1469030964.569|-0.0103912|0.0154419|-1.0034943
1469030964.59|-0.0094604|0.0173492|-1.0027771
1469030964.611|-0.0118866|0.0152435|-1.0009003
1469030964.632|-0.0109558|0.0168762|-0.9992218
1469030964.653|-0.0101471|0.0151978|-1.0025482
1469030964.674|-0.0096588|0.0137482|-1.0020905
1469030964.695|-0.0126801|0.0178986|-0.9992371
1469030964.716|-0.0104828|0.0190735|-1.0041656
1469030964.737|-0.0117035|0.02005|-1.0048981
1469030964.758|-0.0101929|0.0166321|-1.0023041
1469030964.78|-0.0106506|0.0139923|-0.9997406
1469030964.801|-0.0102081|0.016861|-0.999939
1469030964.821|-0.0077209|0.0149078|-1.0018463
1469030964.841|-0.0119019|0.0157013|-1.0006561
1469030964.862|-0.0121002|0.0145264|-1.0020752
1469030964.883|-0.0097504|0.0171051|-1.0001678
1469030964.904|-0.0109863|0.0185852|-1.000885
1469030964.925|-0.0111389|0.0154572|-1.0004272
1469030964.947|-0.0082703|0.0173187|-1.0023041
1469030964.967|-0.0075226|0.0163422|-1.0013733
1469030964.989|-0.0121155|0.0157166|-1.0032501
1469030965.01|-0.0092316|0.0166016|-0.999939
1469030965.031|-0.0099487|0.0166321|-1.002533
1469030965.052|-0.0114441|0.017868|-1.0006409
1469030965.073|-0.011673|0.0159302|-0.9980469
1469030965.094|-0.0122681|0.0116272|-1.0006866
1469030965.115|-0.0086975|0.0151672|-1.0025482
1469030965.136|-0.0102234|0.0183258|-1.003006
1469030965.157|-0.0081787|0.0139465|-1.0037537
1469030965.177|-0.0089569|0.0146637|-0.9997253
1469030965.199|-0.0108948|0.015213|-1.0027924
1469030965.219|-0.0121155|0.0157318|-1.0039825
1469030965.24|-0.0104065|0.0144653|-0.9997253
1469030965.261|-0.0072479|0.0141602|-1.0001831
1469030965.282|-0.0079651|0.0146637|-1.0011292
1469030965.304|-0.0108795|0.0149689|-1.0027924
1469030965.325|-0.0104218|0.0159149|-1.0013733
1469030965.345|-0.0091248|0.0120392|-1.0001984
1469030965.367|-0.011673|0.0173798|-1.0006409
1469030965.388|-0.0099182|0.0154572|-1.0039825
1469030965.409|-0.0114441|0.0171509|-1.0001678
1469030965.43|-0.0101318|0.0139923|-1.0013885
1469030965.451|-0.0106659|0.0154419|-1.0006561
1469030965.472|-0.0116425|0.0157013|-1.0016022
1469030965.493|-0.0097198|0.0166168|-1.0023041
1469030965.514|-0.0106964|0.0168762|-1.000412
1469030965.535|-0.0109406|0.0164185|-1.0009003
1469030965.556|-0.0147705|0.015564|-1.0039978
1469030965.577|-0.0111542|0.0154572|-0.9989929
1469030965.598|-0.0096893|0.0161591|-1.0039825
1469030965.619|-0.0123596|0.0162048|-1.0032501
1469030965.64|-0.0107727|0.0175934|-0.9956818
1469030965.661|-0.0089569|0.0161285|-1.0034943
1469030965.682|-0.0085144|0.0165863|-0.9994659
1469030965.704|-0.0124054|0.0176544|-1.0032349
1469030965.724|-0.0109863|0.0190735|-1.0025177
1469030965.745|-0.0126495|0.016449|-0.9987946
1469030965.766|-0.0093994|0.0142212|-1.0018463
1469030965.787|-0.0097046|0.0164032|-1.0039825
1469030965.807|-0.0101776|0.0154266|-0.9999542
1469030965.828|-0.0116882|0.0183563|-1.0037231
1469030965.849|-0.0092316|0.0158844|-0.9980469
1469030965.87|-0.0097046|0.0156555|-1.0018463
1469030965.891|-0.0084991|0.0163727|-1.0023193
1469030965.913|-0.0092621|0.0183105|-1.0011139
1469030965.933|-0.0101318|0.0147095|-1.0025482
1469030965.954|-0.0116272|0.0162048|-1.0041962
1469030965.976|-0.0101929|0.0161438|-0.9999542
1469030965.997|-0.0109253|0.0168915|-1.0037231
1469030966.018|-0.008667|0.0125122|-0.9997406
1469030966.039|-0.0113831|0.0147247|-0.9999542
1469030966.06|-0.0113831|0.016449|-1.0046844
1469030966.081|-0.0101776|0.0151825|-0.9992371
1469030966.102|-0.0121002|0.0162201|-1.0051422
1469030966.123|-0.0114594|0.0183563|-1.001358
1469030966.144|-0.0101929|0.0164032|-1.0011292
1469030966.165|-0.0140839|0.0169525|-1.0006561
1469030966.186|-0.0128937|0.0184021|-1.0041962
1469030966.207|-0.0097046|0.0156555|-1.0016022
1469030966.228|-0.0111389|0.0159607|-1.0039825
1469030966.249|-0.0095215|0.0178223|-0.997818
1469030966.27|-0.0102234|0.0180969|-1.0023041
1469030966.291|-0.0114136|0.0171661|-1.002533
1469030966.312|-0.0096893|0.014679|-0.998291
1469030966.333|-0.0099182|0.0144653|-1.0004272
1469030966.354|-0.0087128|0.0158844|-1.0032501
1469030966.375|-0.0094452|0.0151672|-0.9985352
1469030966.396|-0.0086975|0.0154266|-1.0041962
1469030966.418|-0.0117035|0.0176239|-0.998764
1469030966.439|-0.0089569|0.0154114|-1.0011292
1469030966.46|-0.0106659|0.0154419|-1.0004272
1469030966.481|-0.0105133|0.0182953|-0.9961548
1469030966.501|-0.0118866|0.0152435|-1.0016022
1469030966.523|-0.0084991|0.0158691|-0.9989929
1469030966.544|-0.0085144|0.0165863|-0.9997101
1469030966.564|-0.0126648|0.0179138|-1.0023193
1469030966.586|-0.0111694|0.0171661|-1.0027771
1469030966.607|-0.0079803|0.0151367|-1.0006561
1469030966.628|-0.010437|0.0171509|-1.0039673
1469030966.649|-0.0104523|0.0173645|-1.000885
1469030966.67|-0.011322|0.0135498|-1.0037537
1469030966.691|-0.0128784|0.0166779|-0.9987793
1469030966.712|-0.0101624|0.0151978|-1.0013733
1469030966.733|-0.0092163|0.0156403|-0.9999542
1469030966.754|-0.0119324|0.0169067|-0.9994659
1469030966.775|-0.0091553|0.0137329|-1.0006714
1469030966.796|-0.0097198|0.0171204|-1.003006
1469030966.817|-0.0121307|0.0145111|-0.9975891
1469030966.838|-0.0102234|0.0178528|-1.0015869
1469030966.859|-0.0099335|0.015686|-1.0041962
1469030966.88|-0.0079803|0.015152|-1.0018463
1469030966.901|-0.0121002|0.0157318|-1.0058746
1469030966.922|-0.0109406|0.0171661|-1.0039673
1469030966.943|-0.0115204|0.0197754|-0.9959106
1469030966.965|-0.0113678|0.0162048|-1.0049286
1469030966.985|-0.0091705|0.0149384|-1.0013733
1469030967.006|-0.0114441|0.0176392|-1.001358
1469030967.028|-0.0135803|0.0155182|-1.0016174
1469030967.049|-0.0101624|0.0146942|-1.0001831
1469030967.07|-0.0111237|0.0154724|-1.0034943
1469030967.091|-0.0097046|0.0166168|-1.0027771
1469030967.112|-0.0089569|0.0149078|-0.9994812
1469030967.133|-0.0094299|0.0159149|-1.0041962
1469030967.154|-0.0111694|0.0161743|-1.0001831
1469030967.175|-0.0077667|0.016098|-0.9989929
1469030967.196|-0.0111389|0.0159454|-1.0034943
1469030967.217|-0.0087585|0.0180664|-1.0037231
1469030967.238|-0.0101166|0.0147247|-1.0051422
1469030967.259|-0.0104218|0.0156708|-1.0009003
1469030967.28|-0.0091858|0.0154266|-1.0011292
1469030967.301|-0.0080109|0.0158539|-0.9997253
1469030967.322|-0.0108948|0.0154724|-1.0044403
1469030967.343|-0.0100403|0.019043|-0.9996948
1469030967.364|-0.0106812|0.015686|-1.0011292
1469030967.385|-0.0084076|0.0125122|-1.0006714
1469030967.406|-0.0108643|0.0142517|-1.0025482
1469030967.427|-0.0095062|0.0185547|-1.0015869
1469030967.448|-0.0082855|0.0175629|-1.0018311
1469030967.469|-0.0109558|0.0164032|-0.9997253
1469030967.495|-0.0111084|0.014267|-1.0011292
1469030967.519|-0.008728|0.0166016|-1.0027771
1469030967.552|-0.009964|0.0158997|-0.998291
1469030967.604|-0.0109711|0.0180969|-1.0006409
1469030967.603|-0.0145874|0.0164795|-1.0006714
1469030967.636|-0.0112|0.0176239|-1.0006409
1469030967.657|-0.0128784|0.016449|-0.9997406
1469030967.678|-0.009903|0.013504|-0.9999695
1469030967.699|-0.0113678|0.0145111|-1.0013733
1469030967.721|-0.0067749|0.0167999|-1.0032349
1469030967.741|-0.0119171|0.0166626|-1.000412
1469030967.762|-0.0094757|0.0171051|-1.0006409
1469030967.783|-0.0111694|0.0169067|-1.0023041
1469030967.804|-0.0095215|0.019989|-1.0025177
1469030967.825|-0.0101624|0.0159302|-1.0041962
1469030967.845|-0.0116577|0.0166626|-1.000885
1469030967.866|-0.0099487|0.0168762|-1.0032349
1469030967.887|-0.0094299|0.0149231|-0.9989929
1469030967.908|-0.0102081|0.0180969|-1.0032349
1469030967.929|-0.0101929|0.0168762|-1.001358
1469030967.951|-0.0102081|0.0166168|-0.9989777
1469030967.972|-0.0111847|0.0168915|-0.9992218
1469030967.993|-0.01091|0.0161896|-1.0039825
1469030968.014|-0.0082092|0.015152|-1.0025482
1469030968.035|-0.0128326|0.0149994|-0.9983063
1469030968.056|-0.0113678|0.0149841|-1.0018463
1469030968.078|-0.0104065|0.0164185|-1.0051422
1469030968.099|-0.0112|0.0183563|-1.0037231
1469030968.12|-0.0109711|0.0176239|-1.000885
1469030968.141|-0.0099182|0.0142212|-0.9994812
1469030968.162|-0.0106354|0.0140076|-1.0023346
1469030968.183|-0.0113983|0.015213|-0.9992371
1469030968.204|-0.0087128|0.0163879|-1.0049286
1469030968.225|-0.0104828|0.0185699|-1.0020599
1469030968.246|-0.0124207|0.0178986|-1.000885
1469030968.267|-0.0123749|0.0166779|-1.0032349
1469030968.288|-0.0121918|0.0186005|-1.000412
1469030968.309|-0.0094147|0.014679|-1.0006561
1469030968.33|-0.0093994|0.0161743|-1.0075226
1469030968.351|-0.0102234|0.0161133|-0.994278
1469030968.372|-0.0106506|0.0139923|-0.9999695
1469030968.393|-0.0099487|0.0156555|-1.0006561
1469030968.414|-0.009201|0.0151672|-0.9994812
1469030968.436|-0.0094604|0.0163879|-1.0016022
1469030968.456|-0.0100098|0.0171204|-0.997818
1469030968.477|-0.0079193|0.0134735|-1.0035095
1469030968.499|-0.0089569|0.0158997|-1.0041962
1469030968.519|-0.0109863|0.0173645|-0.9980316
1469030968.541|-0.0089417|0.0149078|-1.0004272
1469030968.562|-0.0087585|0.0171051|-1.0023041
1469030968.583|-0.0106964|0.0164032|-1.0006561
1469030968.604|-0.0124359|0.0171509|-0.9966278
1469030968.625|-0.0113831|0.0159607|-1.0039825
1469030968.646|-0.0111694|0.015686|-0.9989929
1469030968.667|-0.0107727|0.0200043|-1.0003967
1469030968.688|-0.0116272|0.0159454|-1.0027924
1469030968.709|-0.0107269|0.0164032|-0.9978333
1469030968.73|-0.0121765|0.0176544|-1.001358
1469030968.751|-0.0109253|0.0168915|-1.002533
1469030968.772|-0.0116577|0.0161743|-0.9997253
1469030968.793|-0.009491|0.017334|-0.998764
1469030968.814|-0.0084534|0.0154114|-1.0032501
1469030968.835|-0.0091705|0.0154266|-1.0030212
1469030968.856|-0.0113831|0.0157013|-1.0034943
1469030968.877|-0.0123901|0.0154572|-0.997345
1469030968.898|-0.008728|0.0166016|-1.003479
1469030968.919|-0.0104523|0.0173645|-1.0018311
1469030968.94|-0.0097656|0.0178223|-0.9994659
1469030968.961|-0.0093842|0.0132599|-1.0020905
1469030968.982|-0.0121155|0.0154724|-1.0006561
1469030969.003|-0.0114441|0.0186005|-1.0032349
1469030969.024|-0.0101929|0.0161438|-0.9989929
1469030969.045|-0.0083008|0.0175476|-0.998764
1469030969.067|-0.0101471|0.0149536|-1.0020752
1469030969.087|-0.0110016|0.0180817|-0.9966278
1469030969.108|-0.012207|0.019104|-1.0013428
1469030969.13|-0.0124207|0.0188599|-1.0027618
1469030969.15|-0.0104523|0.0163879|-0.998291
1469030969.172|-0.0092468|0.0175934|-1.0023041
1469030969.193|-0.0108948|0.0166779|-1.0077362
1469030969.214|-0.0080414|0.0170746|-0.998764
1469030969.235|-0.0098877|0.0132599|-1.0006714
1469030969.256|-0.0106659|0.015213|-1.0016022
1469030969.277|-0.0055847|0.0165253|-1.0015717
1469030969.298|-0.0106964|0.0168915|-1.0018311
1469030969.319|-0.0094452|0.0161438|-1.0013733
1469030969.34|-0.0119629|0.0178833|-0.998764
1469030969.361|-0.0137787|0.0155334|-1.0056458
1469030969.382|-0.0087433|0.0158691|-1.0001831
1469030969.402|-0.0070038|0.0160828|-1.0025482
1469030969.423|-0.0116425|0.0159454|-1.0020752
1469030969.444|-0.0088959|0.0132446|-1.0032654
1469030969.465|-0.0118561|0.0137939|-1.0004425
1469030969.487|-0.0119629|0.0188599|-1.0015717
1469030969.507|-0.0091858|0.0142059|-0.9975891
1469030969.528|-0.0123444|0.0162201|-1.0046844
1469030969.55|-0.01091|0.0147095|-1.0001831
1469030969.571|-0.0101013|0.0128021|-1.0016174
1469030969.591|-0.0087433|0.0163727|-1.0020752
1469030969.612|-0.0091553|0.0139771|-1.0023346
1469030969.633|-0.0116577|0.0164185|-1.0006561
1469030969.654|-0.0118561|0.0138092|-1.0009155
1469030969.675|-0.010025|0.0190582|-1.0008698
1469030969.697|-0.0096893|0.0156708|-1.0044403
1469030969.717|-0.0121002|0.0140228|-0.9997406
1469030969.738|-0.0113678|0.0145111|-1.0020752
1469030969.759|-0.0107269|0.0171356|-0.9994659
1469030969.78|-0.0097198|0.0161285|-0.9987793
1469030969.802|-0.0111847|0.0181274|-1.003006
1469030969.822|-0.0107117|0.017868|-1.003479
1469030969.844|-0.0096283|0.0130005|-1.0004425
1469030969.864|-0.0109558|0.0164032|-0.9992371
1469030969.886|-0.0111694|0.015686|-0.9985352
1469030969.907|-0.0097046|0.0161438|-1.0020752
1469030969.927|-0.0083008|0.0190125|-1.0025177
1469030969.949|-0.0098877|0.0135193|-1.0023346
1469030969.97|-0.0114136|0.0159302|-0.9997253
1469030969.991|-0.0111542|0.0157013|-1.0011292
1469030970.012|-0.0104065|0.0144653|-0.9994812
1469030970.033|-0.0113831|0.0161896|-1.0025482
1469030970.054|-0.0092163|0.0156403|-0.9994812
1469030970.075|-0.0091858|0.014679|-0.998291
1469030970.096|-0.0106964|0.0176392|-1.0067902
1469030970.117|-0.0094147|0.0139618|-0.9994965
1469030970.138|-0.0107269|0.0176239|-1.0020599
1469030970.159|-0.0079803|0.0156403|-1.0039825
1469030970.18|-0.012207|0.0176239|-0.9971008
1469030970.201|-0.0107422|0.0183411|-1.0015869
1469030970.222|-0.0119019|0.0152283|-1.0001831
1469030970.243|-0.0090027|0.0163574|-1.0001831
1469030970.264|-0.0099792|0.0166168|-1.0001678
1469030970.285|-0.0103455|0.0125427|-1.0006714
1469030970.306|-0.0111084|0.0137787|-1.0006714
1469030970.328|-0.0097198|0.0173492|-1.003006
1469030970.348|-0.0097046|0.0158844|-1.0004272
1469030970.37|-0.0097046|0.0156555|-1.0016022
1469030970.391|-0.0113831|0.0161896|-1.0025482
1469030970.412|-0.0114288|0.0164185|-0.9992371
1469030970.433|-0.0101318|0.0142365|-1.0018463
1469030970.454|-0.0108948|0.0144958|-1.0009003
1469030970.475|-0.0087738|0.0173187|-0.9985199
1469030970.496|-0.0123596|0.0162048|-1.0037384
1469030970.52|-0.0101929|0.0156555|-0.998291
1469030970.539|-0.0087585|0.0171051|-1.0011139
1469030970.561|-0.0084686|0.0156403|-1.0025482
1469030970.581|-0.0077057|0.0134583|-0.9997406
1469030970.602|-0.0113525|0.0145111|-1.0037384
1469030970.623|-0.0121002|0.0140228|-0.9990082
1469030970.644|-0.0096893|0.0149231|-0.9999542
1469030970.664|-0.0106201|0.0132904|-1.0016174
1469030970.685|-0.0097046|0.0161438|-1.0016022
1469030970.706|-0.0092163|0.0166168|-1.0020599
1469030970.727|-0.0109406|0.0173798|-1.0037231
1469030970.748|-0.0113678|0.0145111|-1.0013733
1469030970.769|-0.0099487|0.0168762|-1.002533
1469030970.79|-0.0119324|0.0174103|-1.0011139
1469030970.811|-0.0103912|0.0146942|-1.0006561
1469030970.832|-0.0138855|0.0176697|-0.9997253
1469030970.854|-0.0089417|0.0154114|-1.0037384
1469030970.874|-0.0096588|0.0139771|-1.0016174
1469030970.896|-0.0100098|0.0192871|-1.0032196
1469030970.917|-0.0106354|0.0142517|-1.0020752
1469030970.938|-0.0142975|0.0145721|-1.0013885
1469030970.959|-0.0109253|0.0164185|-1.0030212
1469030970.98|-0.0106506|0.0142365|-0.9987793
1469030971.001|-0.0110779|0.0128326|-1.0018616
1469030971.022|-0.0107574|0.0190735|-1.0008698
1469030971.043|-0.0087128|0.0149078|-0.9989929
1469030971.064|-0.0114288|0.0176392|-1.0037231
1469030971.085|-0.0094757|0.0171051|-1.0006409
1469030971.106|-0.0096893|0.0144501|-0.9989929
1469030971.127|-0.0106659|0.0166626|-1.0046692
1469030971.148|-0.0116577|0.0159302|-0.9997253
1469030971.169|-0.0116425|0.0157013|-1.0023193
1469030971.19|-0.0091858|0.0154266|-1.0020752
1469030971.211|-0.0092621|0.0192719|-1.0032196
1469030971.232|-0.0123291|0.0138092|-1.0018616
1469030971.253|-0.0077515|0.0163574|-1.0027924
1469030971.275|-0.0109406|0.0159149|-1.0001831
1469030971.296|-0.0115814|0.0147552|-1.0049286
1469030971.316|-0.0082855|0.0170746|-0.9992218
1469030971.338|-0.0101318|0.0144806|-1.0034943
1469030971.359|-0.010025|0.0183105|-0.999939
1469030971.38|-0.01091|0.0144806|-0.9999542
1469030971.401|-0.0084229|0.0146942|-1.0049286
1469030971.422|-0.0113678|0.0142517|-0.9994812
1469030971.442|0.0110474|0.0109711|-1.0680237
1469030971.466|-0.0156403|-0.0084839|-0.9048462
1469030971.485|-0.0102997|0.0072021|-0.9910431
1469030971.506|-0.0143738|0.0157318|-0.9954681
1469030971.525|-0.0096893|0.0293732|-1.0478516
1469030971.547|-0.0124817|0.008316|-0.9607544
1469030971.568|-0.0101318|0.0215759|-1.0261383
1469030971.589|-0.0099945|0.0146484|-0.9911957
1469030971.61|-0.0095062|0.0175781|-0.9982758
1469030971.631|0.0271301|0.0315399|-1.2108612
1469030971.657|-0.0090485|-0.0267792|-0.8813171
1469030971.672|-0.0115967|0.0179443|-1.0155334
1469030971.693|-0.0118408|0.0495605|-1.0848389
1469030971.714|-0.0124512|-0.0068054|-0.9171143
1469030971.735|-0.0118103|0.0167542|-1.0169678
1469030971.756|-0.0065308|0.026123|-1.0350952
1469030971.777|-0.0098267|0.0097046|-0.9638214
1469030971.8|-0.0161285|0.0044098|-0.980896
1469030971.82|-0.0105896|-0.0267944|-0.8716278
1469030971.841|-0.0154572|0.0349121|-1.0728912
1469030971.862|-0.0139618|0.0391235|-1.0591431
1469030971.883|-0.0137634|-0.0063477|-0.9041138
1469030971.904|-0.0085144|0.0187225|-1.0403595
1469030971.925|-0.0117035|0.0160522|-0.9247742
1469030971.946|-0.0318451|0.0057068|-0.9312592
1469030971.967|-0.0089264|-0.0197754|-0.8890839
1469030971.988|-0.0036926|0.0034332|-0.9841614
1469030972.009|-0.0102997|0.0556946|-1.1152802
1469030972.03|-0.0101166|0.0003204|-0.9572601
1469030972.051|-0.0108643|0.0069122|-0.9787445
1469030972.072|-0.0096436|0.0127716|-0.9985504
1469030972.093|-0.0107117|0.0124969|-0.9857941
1469030972.115|-0.0116882|0.0239868|-1.0209351
1469030972.135|-0.0089874|0.0127106|-0.9886169
1469030972.156|-0.0111694|0.0188751|-1.0070038
1469030972.177|-0.0104065|0.0159302|-1.0039825
1469030972.199|-0.012085|0.0162354|-1.0070343
1469030972.219|-0.010025|0.0185547|-0.9985199
1469030972.241|-0.0106049|0.014267|-1.0053864
1469030972.262|-0.011673|0.017395|-1.0023041
1469030972.283|-0.0121155|0.0149841|-0.9997253
1469030972.304|-0.0108795|0.0152283|-1.0049286
1469030972.325|-0.0106506|0.0147247|-1.0016022
1469030972.346|-0.0104828|0.0178375|-0.9997101
1469030972.367|-0.0116119|0.0140076|-0.9999695
1469030972.388|-0.0082092|0.015152|-1.0027924
1469030972.409|-0.0080566|0.01828|-1.0023041
1469030972.43|-0.0116425|0.0157013|-1.0011292
1469030972.451|-0.0126648|0.0179138|-1.0013733
1469030972.472|-0.0103912|0.0142212|-0.9987793
1469030972.493|-0.0111389|0.0154724|-1.0023193
1469030972.514|-0.0108948|0.0139923|-0.9997406
1469030972.535|-0.0106659|0.0169067|-1.0067902
1469030972.556|-0.0106964|0.0154419|-0.9980469
1469030972.577|-0.0109711|0.0188293|-1.0037079
1469030972.598|-0.0090332|0.0182953|-1.0020599
1469030972.619|-0.0092163|0.0156403|-0.9985352
1469030972.641|-0.0084534|0.0151672|-1.0034943
1469030972.661|-0.0087738|0.0180664|-1.0015869
1469030972.683|-0.0111694|0.015686|-0.9994812
1469030972.704|-0.0102234|0.0176086|-1.0011139
1469030972.726|-0.0121765|0.015686|-0.9954529
1469030972.746|-0.0094757|0.0163727|-0.9997253
1469030972.767|-0.0094147|0.0154266|-1.0027924
1469030972.788|-0.0111694|0.015686|-0.9994812
1469030972.809|-0.0109406|0.0164032|-1.0006561
1469030972.83|-0.011673|0.017395|-1.0011139
1469030972.851|-0.0101624|0.0151978|-1.0011292
1469030972.872|-0.0084991|0.0161133|-0.9992371
1469030972.892|-0.0109863|0.0188293|-1.0013428
1469030972.914|-0.0085144|0.017334|-1.0011139
1469030972.935|-0.0091705|0.014679|-1.0004272
1469030972.956|-0.0107422|0.0178528|-0.9992218
1469030972.977|-0.0084076|0.0134888|-1.0037537
1469030972.998|-0.0099792|0.0178528|-1.003479
1469030973.019|-0.0094299|0.0154114|-1.0006561
1469030973.04|-0.009201|0.0158997|-1.0018463
1469030973.061|-0.0111084|0.0142517|-1.0006561
1469030973.082|-0.0094757|0.0166016|-0.999939
1469030973.103|-0.0089111|0.0144653|-1.0049286
1469030973.124|-0.0090027|0.0165863|-0.998764
1469030973.145|-0.0087128|0.0151672|-1.0011292
1469030973.166|-0.0099487|0.0156708|-1.0013733
1469030973.187|-0.0104828|0.0180817|-0.9985199
1469030973.207|-0.0106964|0.0171509|-1.0037231
1469030973.229|-0.0116272|0.0149689|-1.0001831
1469030973.25|-0.0131226|0.016449|-1.0004425
1469030973.271|-0.0101318|0.0139923|-1.0016174
1469030973.293|-0.0106964|0.0166321|-1.000412
1469030973.313|-0.0098724|0.012558|-1.0016174
1469030973.334|-0.0126801|0.0193481|-1.002533
1469030973.355|-0.0097198|0.0163879|-1.0020752
1469030973.376|-0.0104828|0.0178375|-1.0001678
1469030973.396|-0.0114746|0.0188293|-0.9999237
1469030973.418|-0.0128784|0.0157166|-0.9978485
1469030973.439|-0.0112|0.0178833|-1.0011139
1469030973.46|-0.0113831|0.0154724|-1.0013733
1469030973.481|-0.0096436|0.0125275|-0.9990082
1469030973.502|-0.0123596|0.0157166|-1.0025482
1469030973.523|-0.0108948|0.015213|-1.0030212
1469030973.545|-0.0116882|0.0178833|-1.0023041
1469030973.567|-0.0112152|0.0183411|-1.0006409
1469030973.588|-0.0106506|0.0144958|-1.0018463
1469030973.609|-0.0099182|0.0139771|-1.0001984
1469030973.629|-0.0097656|0.0175781|-0.9994659
1469030973.65|-0.0104218|0.0166321|-1.003006
1469030973.67|-0.009201|0.0166168|-1.002533
1469030973.691|-0.0091858|0.0141907|-0.9968872
1469030973.712|-0.0123901|0.0164337|-1.0004272
1469030973.733|-0.011673|0.0171661|-1.0018311
1469030973.754|-0.0101471|0.0137482|-0.9987946
1469030973.775|-0.0112915|0.0123444|-1.0035095
1469030973.797|-0.0102386|0.017334|-0.9971008
1469030973.817|-0.0123596|0.0166931|-1.0046692
1469030973.838|-0.010849|0.0135345|-1.0035095
1469030973.859|-0.0106812|0.015686|-1.0011292
1469030973.88|-0.0120544|0.0128479|-1.0016174
1469030973.901|-0.009201|0.0163879|-1.0025482
1469030973.922|-0.010437|0.0158997|-0.9989929
1469030973.943|-0.0123291|0.0149994|-1.0037384
1469030973.963|-0.0109253|0.0159149|-1.0006561
1469030973.986|-0.0111084|0.014267|-1.0018463
1469030974.006|-0.0094604|0.0166016|-1.0006409
1469030974.027|-0.0099335|0.0146942|-0.9989929
1469030974.047|-0.01091|0.015213|-1.0013733
1469030974.068|-0.0111389|0.0159454|-1.0030212
1469030974.09|-0.0114136|0.0166626|-1.001358
1469030974.111|-0.0094452|0.0158997|-1.0016022
1469030974.132|-0.0087128|0.0144348|-0.9997253
1469030974.153|-0.0089722|0.0156403|-1.0016022
1469030974.174|-0.0113831|0.0159454|-1.0027924
1469030974.194|-0.0106964|0.0166473|-1.0011139
1469030974.215|-0.0106964|0.0168915|-1.0023041
1469030974.236|-0.0128174|0.0147552|-1.0006714
1469030974.257|-0.0109406|0.0166473|-1.0023041
1469030974.278|-0.0121155|0.0152283|-1.0004272
1469030974.299|-0.0078125|0.0187531|-1.0006256
1469030974.32|-0.009964|0.0163879|-1.0006561
1469030974.342|-0.0106812|0.0166473|-1.0027771
1469030974.363|-0.0116119|0.0149689|-1.0006561
1469030974.384|-0.0096436|0.0139923|-1.0044556
1469030974.405|-0.0114441|0.0178833|-1.0018311
1469030974.426|-0.0099182|0.0149536|-1.0009003
1469030974.447|-0.0102081|0.0178528|-1.0032349
1469030974.468|-0.0097656|0.0175781|-0.999939
1469030974.489|-0.0106354|0.0142517|-1.0016022
1469030974.51|-0.010437|0.0173645|-1.0027771
1469030974.531|-0.0115967|0.0142517|-1.0004272
1469030974.552|-0.0101013|0.0128021|-1.0011444
1469030974.573|-0.0099182|0.0147095|-1.0020752
1469030974.594|-0.0123596|0.0152435|-1.0013733
1469030974.615|-0.009964|0.0164032|-1.0018463
1469030974.636|-0.0080261|0.0170898|-1.000885
1469030974.657|-0.0087128|0.0154114|-1.0009003
1469030974.678|-0.0114441|0.0176392|-1.0020599
1469030974.699|-0.0114746|0.0176239|-0.9980316
1469030974.72|-0.0101624|0.0144653|-0.9997253
1469030974.741|-0.0084839|0.0158844|-1.0013733
1469030974.762|-0.0083008|0.0187683|-1.0008698
1469030974.783|-0.0092468|0.0178375|-1.0011139
1469030974.804|-0.011673|0.0166473|-0.9985199
1469030974.825|-0.0112305|0.0185852|-0.9994659
1469030974.846|-0.0091858|0.0154266|-1.0011292
1469030974.867|-0.0102539|0.0175781|-0.9959259
1469030974.888|-0.0094299|0.014679|-1.0001831
1469030974.909|-0.0116425|0.0159454|-1.0009003
1469030974.93|-0.0096893|0.0154266|-1.0016022
1469030974.951|-0.0117035|0.0176239|-0.999939
1469030974.972|-0.0105133|0.0200043|-1.0008698
1469030974.993|-0.0109711|0.0171356|-0.9989777
1469030975.014|-0.0121613|0.0181427|-1.0032349
1469030975.035|-0.0088806|0.0122833|-1.0013885
1469030975.057|-0.0093842|0.0132599|-1.0011444
1469030975.077|-0.0089874|0.015625|-0.9994812
1469030975.098|-0.0089417|0.0149231|-1.0011292
1469030975.12|-0.0096893|0.0151672|-1.0004272
1469030975.141|-0.0104065|0.0161743|-1.0044403
1469030975.162|-0.0107117|0.0166321|-0.9989777
1469030975.183|-0.008728|0.0161285|-1.0018463
1469030975.204|-0.0106659|0.0149536|-0.9999542
1469030975.225|-0.0113983|0.0159302|-1.0006561
1469030975.246|-0.0119019|0.0162048|-1.0023193
1469030975.267|-0.0108795|0.0140076|-1.0023346
1469030975.288|-0.0099945|0.0176086|-1.000885
1469030975.309|-0.0089264|0.0149231|-1.0027924
1469030975.33|-0.0082855|0.0180511|-1.0018311
1469030975.351|-0.0113983|0.0169067|-1.003006
1469030975.372|-0.0111847|0.015686|-0.9978333
1469030975.393|-0.0110931|0.0140381|-1.0042114
1469030975.414|-0.0103912|0.0154419|-1.0032501
1469030975.435|-0.0096741|0.0151978|-1.0041962
1469030975.456|-0.0084076|0.0127716|-1.0011444
1469030975.477|-0.009903|0.0142365|-1.0011292
1469030975.498|-0.0082397|0.0144196|-0.9980469
1469030975.519|-0.0101318|0.0149689|-1.0044403
1469030975.54|-0.0093842|0.0137482|-1.0025635
1469030975.562|-0.0111542|0.0164337|-1.0037384
1469030975.582|-0.0111389|0.0149689|-0.9994812
1469030975.604|-0.0104218|0.0158997|-1.0004272
1469030975.625|-0.0123596|0.0149841|-0.9985352
1469030975.646|-0.0086365|0.0130157|-1.0044556
1469030975.667|-0.013382|0.015976|-0.9980621
1469030975.688|-0.0070343|0.0170593|-1.003479
1469030975.709|-0.0103455|0.0122986|-0.9990082
1469030975.73|-0.0089722|0.0156403|-1.0020752
1469030975.751|-0.0096741|0.0149384|-1.0023193
1469030975.772|-0.0092316|0.017334|-1.000412
1469030975.793|-0.0097198|0.0161285|-0.9999542
1469030975.814|-0.0104218|0.0158997|-1.0006561
1469030975.834|-0.0116272|0.0159454|-1.0032501
1469030975.855|-0.0128784|0.0179291|-1.0044403
1469030975.876|-0.0140533|0.0160065|-1.0032654
1469030975.897|-0.0104828|0.0183105|-1.0006409
1469030975.918|-0.0106964|0.0159149|-1.0001831
1469030975.938|-0.0106354|0.0137787|-1.0018616
1469030975.959|-0.0104218|0.0158997|-1.0006561
1469030975.981|-0.0089722|0.0153961|-1.0001831
1469030976.002|-0.0116425|0.015213|-1.0001831
1469030976.022|-0.0118561|0.0142822|-1.0011292
1469030976.043|-0.0121613|0.0169067|-0.9997101
1469030976.064|-0.0123596|0.0154877|-1.0020752
1469030976.085|-0.010437|0.0163879|-1.0006561
1469030976.106|-0.0109558|0.0166321|-0.9994659
1469030976.128|-0.0108795|0.0142517|-1.0020752
1469030976.149|-0.013092|0.0142822|-0.9978485
1469030976.169|-0.0111542|0.0166626|-1.0027771
1469030976.191|-0.0096741|0.0146942|-1.0020752
1469030976.212|-0.009964|0.0173645|-1.0032349
1469030976.233|-0.0084686|0.0151672|-1.0013733
1469030976.254|-0.0106049|0.0135498|-1.0039978
1469030976.275|-0.0123444|0.0140228|-0.9987946
1469030976.296|-0.0099182|0.0154419|-1.0025482
1469030976.317|-0.0082397|0.015625|-1.0018463
1469030976.338|-0.0104065|0.0144653|-0.9987793
1469030976.359|-0.012619|0.0162201|-1.0020905
1469030976.38|-0.0101318|0.0142212|-1.0006561
1469030976.4|-0.01091|0.0149536|-0.998291
1469030976.421|-0.0092163|0.0163879|-1.0009003
1469030976.442|-0.0106812|0.0156708|-1.0006561
1469030976.463|-0.0108795|0.0140076|-1.0023346
1469030976.484|-0.0092316|0.0163727|-0.9992371
1469030976.504|-0.0088806|0.0127716|-1.0025635
1469030976.527|-0.0074768|0.0146484|-1.0009003
1469030976.547|-0.0082397|0.0153809|-0.9985352
1469030976.568|-0.0128632|0.0164642|-1.0023346
1469030976.589|-0.0087738|0.0178223|-1.0015869
1469030976.61|-0.0115509|0.0123444|-1.0009155
1469030976.631|-0.0106659|0.0159302|-1.0027924
1469030976.652|-0.0126801|0.0178986|-0.9997253
1469030976.672|-0.0121002|0.0152435|-1.0034943
1469030976.693|-0.009903|0.0142365|-1.0009003
1469030976.714|-0.0084381|0.0142059|-1.0016022
1469030976.735|-0.0106354|0.0137787|-1.0009155
1469030976.757|-0.0109863|0.0193176|-1.0044098
1469030976.777|-0.009201|0.0158844|-1.0004272
1469030976.798|-0.0067596|0.0160828|-1.0030212
1469030976.819|-0.0103912|0.0147095|-1.0020752
1469030976.841|-0.009491|0.0175934|-1.0018311
1469030976.861|-0.0106812|0.0159149|-1.0006561
1469030976.882|-0.009201|0.0151672|-0.9992371
1469030976.903|-0.0128632|0.0162048|-1.0001984
1469030976.924|-0.0107727|0.0200195|-1.0010986
1469030976.945|-0.0088043|0.01828|-0.9989777
1469030976.966|-0.0111847|0.017395|-1.0011139
1469030976.987|-0.0090485|0.0190125|-1.0006256
1469030977.008|-0.0128174|0.0135498|-0.9969177
1469030977.029|-0.0096436|0.0132599|-1.0013885
1469030977.051|-0.0101013|0.0115814|-0.9980774
1469030977.071|-0.0101776|0.0161591|-1.0020752
1469030977.092|-0.0128937|0.0176544|-1.0004272
1469030977.114|-0.0096893|0.0149231|-0.9997253
1469030977.135|-0.0074768|0.0151367|-1.0027924
1469030977.156|-0.0076904|0.0132294|-1.0011444
1469030977.177|-0.0114594|0.0183563|-1.0015869
1469030977.197|-0.0094757|0.0173492|-1.0011139
1469030977.219|-0.0114899|0.0195465|-0.9985046
1469030977.24|-0.0101776|0.0166473|-1.0041809
1469030977.26|-0.0104675|0.0176086|-1.0018311
1469030977.281|-0.0101471|0.0137482|-0.9990082
1469030977.302|-0.0092316|0.0173492|-1.0011139
1469030977.322|-0.0094452|0.0156555|-1.0013733
1469030977.344|-0.0102234|0.0163879|-0.9978333
1469030977.365|-0.0101624|0.0156708|-1.0037384
1469030977.386|-0.008255|0.0156097|-0.9987793
1469030977.407|-0.0110016|0.0188141|-0.9996948
1469030977.428|-0.0082092|0.0146637|-1.0018463
1469030977.449|-0.0094604|0.016861|-1.0023041
1469030977.47|-0.013092|0.015976|-1.0037537
1469030977.491|-0.0109558|0.0171509|-1.0018311
1469030977.512|-0.0111389|0.015213|-1.0004272
1469030977.533|-0.0114136|0.0181427|-1.0046692
1469030977.553|-0.0075073|0.0144043|-0.9980469
1469030977.574|-0.0106659|0.0161896|-1.0041962
1469030977.595|-0.0101624|0.0154266|-1.0004272
1469030977.616|-0.0112152|0.0176239|-0.999939
1469030977.637|-0.0100861|0.013031|-1.0030365
1469030977.658|-0.0081329|0.0130005|-1.0046997
1469030977.679|-0.0090485|0.0185242|-1.0001678
1469030977.7|-0.0101929|0.0164032|-1.0023193
1469030977.721|-0.0111237|0.01474|-1.0016022
1469030977.744|-0.0123749|0.0145111|-0.9980469
1469030977.763|-0.0099792|0.0176086|-1.003006
1469030977.784|-0.0072174|0.0139313|-1.0037537
1469030977.804|-0.0099792|0.0171356|-1.0020599
1469030977.825|-0.0107422|0.0183411|-1.0020599
1469030977.847|-0.0106354|0.0140076|-1.0016174
1469030977.867|-0.0101776|0.0156708|-1.0009003
1469030977.889|-0.0124207|0.017395|-0.9989777
1469030977.909|-0.0101471|0.0154419|-1.0025482
1469030977.93|-0.0119629|0.0193329|-1.0037079
1469030977.951|-0.0118866|0.0152435|-1.0013733
1469030977.972|-0.0111694|0.0178986|-1.0046692
1469030977.993|-0.0103455|0.0120544|-1.0001984
1469030978.014|-0.0097198|0.0168457|-1.0006409
1469030978.035|-0.0110474|0.0209808|-1.0022736
1469030978.056|-0.0117035|0.017868|-0.999939
1469030978.077|-0.0124969|0.0202789|-0.9992065
1469030978.098|-0.0101776|0.0166321|-1.003006
1469030978.119|-0.0109253|0.0161591|-1.0006561
1469030978.14|-0.0124054|0.0174103|-1.0011139
1469030978.161|-0.0099792|0.0166168|-0.9992218
1469030978.182|-0.0123749|0.0162048|-1.0011292
1469030978.204|-0.0114441|0.0176392|-1.001358
1469030978.224|-0.0114441|0.0164185|-0.9978333
1469030978.245|-0.0080109|0.0163574|-1.0013733
1469030978.267|-0.0114136|0.0171661|-1.0032349
1469030978.288|-0.009903|0.0149689|-1.0041962
1469030978.309|-0.0104065|0.0159149|-1.0025482
1469030978.33|-0.0091705|0.0159149|-1.0046844
1469030978.351|-0.008728|0.0161285|-1.0011292
1469030978.372|-0.0111084|0.01474|-1.0030212
1469030978.393|-0.0119324|0.015686|-0.9963989
1469030978.414|-0.0112305|0.0190887|-1.0015717
1469030978.435|-0.0109253|0.0154419|-0.9999542
1469030978.456|-0.0094299|0.014679|-0.9989929
1469030978.477|-0.0094299|0.0161438|-1.0030212
1469030978.498|-0.0094604|0.0168457|-1.000412
1469030978.519|-0.0089417|0.0144501|-1.0009003
1469030978.54|-0.009903|0.015213|-1.0049286
1469030978.561|-0.0123901|0.016449|-1.0009003
1469030978.582|-0.0075073|0.016098|-1.0020752
1469030978.603|-0.0097198|0.016861|-1.0015869
1469030978.624|-0.0091553|0.0137482|-1.0020905
1469030978.645|-0.0106506|0.015213|-1.0025482
1469030978.666|-0.0099792|0.0173645|-1.0011139
1469030978.687|-0.0104218|0.0168762|-1.002533
1469030978.709|-0.0118713|0.0149994|-1.0013733
1469030978.73|-0.0079651|0.0137024|-0.9999695
1469030978.751|-0.0111389|0.0149689|-0.998291
1469030978.772|-0.010376|0.0149536|-1.0025482
1469030978.793|-0.0101624|0.0154266|-1.0004272
1469030978.814|-0.0107117|0.0173798|-1.000885
1469030978.835|-0.0113983|0.0154572|-0.9992371
1469030978.856|-0.0096893|0.0154266|-1.0011292
1469030978.877|-0.011673|0.0171661|-1.0011139
1469030978.898|-0.0101471|0.0142212|-0.9997253
1469030978.919|-0.0108795|0.0140076|-1.0020905
1469030978.94|-0.0091858|0.0156708|-1.0039825
1469030978.961|-0.0113983|0.015213|-1.0001831
1469030978.982|-0.0111542|0.0164337|-1.0027924
1469030979.003|-0.0097504|0.0183105|-1.0027771
1469030979.024|-0.0114594|0.0186005|-1.000885
1469030979.045|-0.0128937|0.0178986|-1.0004272
1469030979.066|-0.0088959|0.0125275|-1.0016174
1469030979.087|-0.0099487|0.0159149|-1.0013733
1469030979.108|-0.0102234|0.0178528|-1.0020599
1469030979.129|-0.0099945|0.0183258|-1.0032349
1469030979.151|-0.0107422|0.0180969|-0.999939
1469030979.172|-0.008194|0.0144348|-1.0025482
1469030979.193|-0.0114288|0.0171661|-1.0018311
1469030979.214|-0.0121307|0.0166779|-1.0032349
1469030979.234|-0.0099335|0.0146942|-0.998291
1469030979.255|-0.0114136|0.0166473|-1.0006409
1469030979.276|-0.0118561|0.0133057|-0.9983063
1469030979.297|-0.0113678|0.0154724|-1.0032501
1469030979.318|-0.0112|0.0176392|-1.000885
1469030979.339|-0.0094757|0.0163727|-1.0001831
1469030979.36|-0.0101929|0.0166168|-1.000412
1469030979.381|-0.0105743|0.0133209|-1.0070496
1469030979.403|-0.0128326|0.015976|-1.0025635
1469030979.423|-0.0107117|0.0173645|-1.000412
1469030979.445|-0.0101929|0.0166321|-1.000885
1469030979.466|-0.0111084|0.014267|-1.0011292
1469030979.487|-0.0104828|0.0178375|-0.9994659
1469030979.508|-0.0091858|0.0159149|-1.0039825
1469030979.529|-0.0075226|0.0158386|-0.9994812
1469030979.55|-0.0104065|0.0154266|-1.0004272
1469030979.571|-0.012558|0.0145569|-1.0061035
1469030979.592|-0.0109406|0.0161591|-0.998291
1469030979.613|-0.0130768|0.0145416|-1.0020905
1469030979.634|-0.0116119|0.0149841|-1.0013733
1469030979.655|-0.0097046|0.0156555|-1.0018463
1469030979.676|-0.0091553|0.0146942|-1.0025482
1469030979.697|-0.0106812|0.0154419|-0.9997253
1469030979.718|-0.0096588|0.0142212|-1.0009003
1469030979.739|-0.0103607|0.0135193|-1.0011444
1469030979.76|-0.010376|0.0149689|-1.0039825
1469030979.781|-0.0077057|0.0137177|-1.0023346
1469030979.802|-0.0092163|0.0163879|-1.0011292
1469030979.823|-0.0089264|0.0149231|-1.0025482
1469030979.844|-0.0113678|0.01474|-1.0016022
1469030979.865|-0.0108643|0.0145111|-1.0053864
1469030979.887|-0.0116119|0.0145111|-1.0023193
1469030979.908|-0.0109406|0.0156708|-0.9999542
1469030979.928|-0.0096893|0.0139465|-0.9966583
1469030979.95|-0.0092316|0.0163727|-0.9987793
1469030979.971|-0.0111237|0.0142517|-0.9997253
1469030979.992|-0.0081635|0.0122528|-0.9997406
1469030980.013|-0.0099487|0.0156555|-1.0006561
1469030980.034|-0.010437|0.0173645|-1.0037231
1469030980.055|-0.0099182|0.0137482|-0.9992523
1469030980.076|-0.0094147|0.0154266|-1.0034943
1469030980.097|-0.0126495|0.0174255|-1.0016022
1469030980.118|-0.0090179|0.0173187|-1.0001678
1469030980.139|-0.0113831|0.0152283|-1.0023193
1469030980.16|-0.009903|0.013504|-0.9997406
1469030980.181|-0.0091553|0.0139771|-1.0023346
1469030980.202|-0.0101013|0.0122986|-0.9997406
1469030980.223|-0.0070038|0.0148621|-0.9992371
1469030980.244|-0.0102692|0.019516|-0.9985046
1469030980.265|-0.0112|0.0183563|-1.0027771
1469030980.286|-0.0099335|0.0151978|-1.0016022
1469030980.308|-0.012146|0.0166779|-1.000885
1469030980.328|-0.0106812|0.0168915|-1.002533
1469030980.349|-0.0101166|0.0135193|-1.0013885
1469030980.37|-0.009964|0.0168762|-1.0011139
1469030980.391|-0.0090332|0.017807|-0.999939
1469030980.412|-0.0109558|0.0176239|-1.003006
1469030980.433|-0.010849|0.0123138|-0.9999695
1469030980.454|-0.008728|0.0161285|-1.0009003
1469030980.475|-0.0106201|0.013031|-0.9992523
1469030980.496|-0.0094757|0.017334|-1.000412
1469030980.518|-0.0191956|0.055481|-1.1304321
1469030980.539|-0.0217285|-0.0093231|-0.9018097
1469030980.558|-0.0166626|-0.0158386|-0.875351
1469030980.579|-0.0014343|0.0555267|-1.168457
1469030980.602|-0.0041962|0.0193176|-1.0332336
1469030980.622|-0.0131531|-0.008255|-0.9131165
1469030980.642|-0.0106964|0.0313263|-1.0485382
1469030980.663|-0.0085907|0.0082245|-0.9588623
1469030980.684|0.0089417|0.0248413|-1.0913239
1469030980.705|-0.0138855|-0.0383301|-0.8142853
1469030980.727|-0.012619|-0.0029297|-0.9705353
1469030980.748|-0.0030365|0.0519409|-1.1670532
1469030980.769|-0.0137177|3.05e-05|-0.9312744
1469030980.79|-0.0124054|0.0061646|-0.964798
1469030980.811|-0.0117188|0.036438|-1.0574951
1469030980.832|-0.0141754|0.0078735|-0.9605408
1469030980.856|0.0085449|0.0633545|-1.3345642
1469030980.874|-0.0023499|-0.0427246|-0.8499756
1469030980.895|-0.0110016|-0.0147552|-0.9214325
1469030980.918|-0.0195465|0.0635376|-1.1050873
1469030980.937|-0.0148773|-0.0106659|-0.9034424
1469030980.958|-0.012619|0.0020599|-0.9546661
1469030980.979|-0.0127258|0.0411072|-1.0695343
1469030981.006|-0.0212097|0.0340881|-0.9807129
1469030981.021|-0.0234833|-0.0059509|-0.9386597
1469030981.042|-0.0125275|-0.02771|-0.8709564
1469030981.063|-0.0121307|0.0693665|-1.1452026
1469030981.085|-0.0068665|0.0049438|-0.9851227
1469030981.105|-0.0119629|-0.006073|-0.9197083
1469030981.126|-0.0087585|0.0395813|-1.0749512
1469030981.147|0.018631|0.0281219|-1.1652832
1469030981.168|-0.015152|-0.0278015|-0.8428192
1469030981.189|-0.0077667|0.0216522|-1.0519257
1469030981.21|-0.0163727|0.0480957|-1.0583801
1469030981.231|-0.0110474|-0.0027161|-0.9225311
1469030981.252|-0.0106201|0.0135345|-1.0018616
1469030981.273|-0.0099945|0.0283508|-1.035553
1469030981.294|-0.0156708|0.0247498|-1.0110168
1469030981.315|-0.0036316|0.0064087|-1.00354
1469030981.336|-0.010376|0.0061646|-0.9749603
1469030981.357|-0.0163422|0.0405273|-1.035965
1469030981.378|-0.0148926|0.0078888|-0.9612427
1469030981.399|-0.0094757|0.0129395|-0.9860077
1469030981.42|-0.01091|0.0230255|-1.0285034
1469030981.441|-0.0111847|0.010788|-0.9798889
1469030981.463|-0.0096741|0.0154266|-1.0025482
1469030981.484|-0.0146332|-0.0089569|-0.91008
1469030981.505|-0.0091095|0.0083923|-0.9888916
1469030981.526|-0.008728|0.0371704|-1.0721283
1469030981.547|-0.0089417|0.0083313|-0.9806061
1469030981.568|-0.0086823|0.0124969|-0.9969025
1469030981.589|-0.0082245|0.0131989|-0.9954681
1469030981.61|-0.0092316|0.0175934|-1.0027771
1469030981.631|0.000885|0.0217285|-1.1062622
1469030981.652|-0.0132751|-0.0345764|-0.8433228
1469030981.673|-0.0106049|-0.0041351|-0.9785767
1469030981.694|-0.0066528|0.0627136|-1.1393433
1469030981.715|-0.0096741|0.0068665|-0.9749603
1469030981.736|-0.0045013|0.0231934|-1.0374756
1469030981.757|-0.0077362|0.0212555|-1.0216522
1469030981.778|-0.0133667|0.0071869|-0.9709625
1469030981.8|-0.021698|0.0389404|-1.0319672
1469030981.82|-0.0163422|0.0008545|-0.9393005
1469030981.841|-0.0088348|-0.001297|-0.9286652
1469030981.862|-0.0106506|0.0284119|-1.0469055
1469030981.884|-0.0157318|0.0039215|-0.9333801
1469030981.904|-0.0128479|0.0252838|-1.0322876
1469030981.925|-0.0101929|0.0149231|-0.995224
1469030981.946|-0.0435028|0.0225525|-0.8822479
1469030981.967|0.0033112|0.0061035|-1.0200653
1469030981.989|-0.009491|-0.0134583|-0.8977966
1469030982.009|-0.0130157|0.0505981|-1.0930939
1469030982.031|-0.0094604|0.0119781|-0.986969
1469030982.052|-0.0117035|-0.0007019|-0.9369507
1469030982.073|-0.0087128|0.0288696|-1.0478516
1469030982.094|-0.010437|0.0102692|-0.9791718
1469030982.115|-0.0124054|0.0159454|-0.9980469
1469030982.135|-0.0091858|0.0110168|-0.9872131
1469030982.156|-0.0106964|0.0188599|-1.008667
1469030982.178|-0.0072937|0.0170746|-1.003479
1469030982.199|-0.0086975|0.0137177|-0.9994965
1469030982.22|-0.0116882|0.0188446|-1.0025177
1469030982.241|-0.0128326|0.0152588|-1.0018616
1469030982.261|-0.0120697|0.0133057|-1.0004425
1469030982.283|-0.0089111|0.0132446|-1.0016174
1469030982.304|-0.009964|0.0158997|-0.9994812
1469030982.325|-0.010376|0.0144806|-1.0037384
1469030982.346|-0.009903|0.0139771|-1.0006714
1469030982.367|-0.0104218|0.0166321|-1.0027771
1469030982.388|-0.0091858|0.014679|-0.9999542
1469030982.409|-0.0099792|0.0176086|-1.0027771
1469030982.43|-0.0094757|0.0175934|-1.0032349
1469030982.451|-0.0101776|0.0154266|-0.9999542
1469030982.472|-0.0104523|0.0171356|-1.0023041
1469030982.493|-0.0090485|0.0177917|-0.9973297
1469030982.514|-0.0117493|0.0200195|-1.0001526
1469030982.535|-0.014328|0.0157623|-1.0020905
1469030982.556|-0.0099335|0.0144653|-0.9985352
1469030982.577|-0.0119629|0.0178833|-1.0001678
1469030982.598|-0.010437|0.0173645|-1.0032349
1469030982.619|-0.0107422|0.0176086|-1.0001678
1469030982.64|-0.0107269|0.0171356|-0.9992218
1469030982.661|-0.0103912|0.0154419|-1.0025482
1469030982.683|-0.0126495|0.016449|-1.0001984
1469030982.704|-0.0106964|0.0159149|-1.0001831
1469030982.725|-0.0111542|0.0157013|-1.0020752
1469030982.745|-0.008255|0.0168304|-1.0020599
1469030982.767|-0.0089722|0.0161285|-1.0020752
1469030982.788|-0.0082245|0.0144196|-0.9999542
1469030982.809|-0.0111389|0.0154724|-1.0023193
1469030982.83|-0.0113983|0.0161896|-1.0018463
1469030982.85|-0.0114136|0.0161743|-0.9997253
1469030982.871|-0.0087433|0.0158691|-0.9999542
1469030982.892|-0.0111237|0.0152283|-1.0025482
1469030982.913|-0.0113983|0.0157013|-1.0013733
1469030982.934|-0.0116272|0.0161896|-1.0034943
1469030982.955|-0.0077667|0.0151367|-0.9980469
1469030982.976|-0.0109558|0.0156708|-0.9980469
1469030982.997|-0.0112152|0.0176239|-0.999939
1469030983.018|-0.0094147|0.0149384|-1.0018463
1469030983.04|-0.0080109|0.0158539|-0.998291
1469030983.061|-0.0116272|0.0147247|-0.9989929
1469030983.08|-0.0084686|0.0151672|-1.0009003
1469030983.102|-0.0104218|0.0164185|-1.0039825
1469030983.123|-0.0121613|0.017395|-1.0006409
1469030983.145|-0.0101471|0.0142212|-0.9987793
1469030983.165|-0.0096588|0.0142212|-1.0020752
1469030983.186|-0.0086212|0.0115509|-1.0006866
1469030983.207|-0.0093994|0.0144653|-1.0025482
1469030983.228|-0.0094452|0.0166168|-1.0027771
1469030983.249|-0.0102081|0.0163879|-0.9992371
1469030983.27|-0.0099487|0.0159149|-1.0011292
1469030983.291|-0.0089417|0.014679|-1.0018463
1469030983.312|-0.0119476|0.0178986|-1.0011139
1469030983.334|-0.012558|0.0143127|-1.0044556
1469030983.355|-0.0109863|0.0190735|-1.0027618
1469030983.376|-0.0101776|0.0164032|-1.0034943
1469030983.397|-0.008728|0.0161285|-1.0020752
1469030983.418|-0.0084381|0.0134735|-0.9997406
1469030983.439|-0.010437|0.0164032|-1.0018463
1469030983.46|-0.0110168|0.0190582|-0.9985046
1469030983.481|-0.0108948|0.0147247|-1.0013733
1469030983.502|-0.0096893|0.0154114|-1.0004272
1469030983.523|-0.0102081|0.016861|-0.9989777
1469030983.544|-0.0101624|0.0156708|-1.0034943
1469030983.565|-0.008728|0.0161285|-1.0020752
1469030983.586|-0.0087433|0.015625|-0.9989929
1469030983.607|-0.0103912|0.0147095|-1.0016022
1469030983.628|-0.0085602|0.0185242|-0.9997101
1469030983.649|-0.0116272|0.0147247|-1.0001831
1469030983.67|-0.0109253|0.0159302|-1.0013733
1469030983.691|-0.0094299|0.0137177|-0.9971313
1469030983.712|-0.0109558|0.0161591|-0.9980469
1469030983.733|-0.0107269|0.017868|-1.0011139
1469030983.754|-0.0103607|0.0139923|-1.0025635
1469030983.776|-0.0115967|0.014267|-1.0011292
1469030983.796|-0.0082092|0.0141754|-0.9992371
1469030983.818|-0.0101471|0.0149384|-1.0006561
1469030983.839|-0.012558|0.0133362|-1.0014038
1469030983.86|-0.0077667|0.0168304|-1.000885
1469030983.881|-0.013092|0.0162201|-1.0037537
1469030983.901|-0.0096893|0.0161438|-1.0027924
1469030983.922|-0.0131683|0.018631|-1.0016022
1469030983.943|-0.0085144|0.0165863|-0.9992218
1469030983.965|-0.0102386|0.0180817|-1.0001678
1469030983.986|-0.0118713|0.0152435|-1.0027924
1469030984.007|-0.0094452|0.0146637|-0.997345
1469030984.028|-0.0117188|0.0178528|-0.9963837
1469030984.049|-0.0106506|0.0139923|-0.9990082
1469030984.07|-0.0096588|0.0144806|-1.0039825
1469030984.091|-0.0104828|0.0175934|-1.0001678
1469030984.112|-0.0107117|0.0166321|-0.9992218
1469030984.133|-0.0114288|0.0171661|-1.000885
1469030984.154|-0.0101624|0.0149384|-1.0001831
1469030984.175|-0.0133362|0.0157471|-1.0030365
1469030984.196|-0.0109558|0.0168762|-0.9992218
1469030984.217|-0.0104675|0.0173492|-0.999939
1469030984.238|-0.0101471|0.0147095|-1.0011292
1469030984.259|-0.0107422|0.0183411|-1.001358
1469030984.28|-0.0140228|0.013855|-1.0014038
1469030984.3|-0.0084686|0.0146637|-0.9994812
1469030984.322|-0.009903|0.013504|-0.9990082
1469030984.343|-0.0087128|0.0166168|-1.005127
1469030984.363|-0.01091|0.0154419|-1.0006561
1469030984.385|-0.0092316|0.0175934|-1.003006
1469030984.406|-0.0111084|0.0132904|-0.9997406
1469030984.427|-0.0126495|0.0176697|-1.0034943
1469030984.448|-0.0092468|0.0187988|-1.0037079
1469030984.469|-0.0101471|0.0147095|-1.0020752
1469030984.49|-0.0108948|0.015213|-1.0030212
1469030984.511|-0.0125732|0.0140533|-1.0023499
1469030984.532|-0.0104065|0.0156708|-1.0025482
1469030984.553|-0.0109253|0.0159302|-1.0020752
1469030984.574|-0.0091095|0.0115662|-0.9992676
1469030984.595|-0.0104675|0.0176086|-1.0011139
1469030984.616|-0.0084534|0.014679|-1.0016022
1469030984.637|-0.0140228|0.014328|-1.0009155
1469030984.658|-0.0080414|0.0165558|-0.9959259
1469030984.679|-0.0113983|0.0169067|-1.0037231
1469030984.7|-0.010437|0.0173645|-1.0037231
1469030984.721|-0.0124054|0.0166626|-0.9992218
1469030984.742|-0.0091095|0.0122986|-1.0016174
1469030984.764|-0.0118561|0.0137939|-1.0004425
1469030984.785|-0.0109406|0.0151978|-0.9975891
1469030984.806|-0.0106964|0.0166473|-1.000885
1469030984.827|-0.0101471|0.0142212|-0.998291
1469030984.847|-0.0099335|0.0154419|-1.0016022
1469030984.868|-0.0104065|0.0151825|-1.0006561
1469030984.889|-0.0120697|0.0142975|-1.0044403
1469030984.91|-0.0122681|0.0121155|-1.0035095
1469030984.932|-0.0094299|0.0156555|-1.0025482
1469030984.952|-0.0119019|0.0157013|-1.0004272
1469030984.974|-0.0090485|0.01828|-0.9992218
1469030984.995|-0.0116119|0.0159607|-1.0049286
1469030985.016|-0.009903|0.0137634|-1.0013885
1469030985.037|-0.0106812|0.0166473|-1.0037231
1469030985.058|-0.0106506|0.0144806|-1.0006561
1469030985.079|-0.0114136|0.0166626|-1.000885
1469030985.1|-0.0111694|0.015686|-0.9994812
1469030985.121|-0.0087585|0.0178223|-1.0037231
1469030985.143|-0.0125885|0.0152588|-1.0028076
1469030985.164|-0.009964|0.0171356|-1.0032349
1469030985.184|-0.0121307|0.0166779|-1.002533
1469030985.205|-0.0091858|0.0142059|-0.9980469
1469030985.226|-0.0106964|0.0168915|-1.0020599
1469030985.247|-0.0096436|0.0142212|-1.0032501
1469030985.268|-0.0098572|0.0128021|-1.0028076
1469030985.289|-0.0109406|0.0166321|-1.0006409
1469030985.31|-0.0096588|0.0139771|-1.0011444
1469030985.33|-0.0131378|0.0179138|-1.0037384
1469030985.351|-0.0097046|0.0166168|-1.003006
1469030985.372|-0.0170441|0.0324249|-1.0497437
1469030985.393|-0.014328|0.0037994|-0.9605713
1469030985.414|-0.010376|0.003479|-0.9657593
1469030985.434|-0.0085907|0.0105896|-1.0032806
1469030985.455|-0.0093384|0.0235596|-1.0407867
1469030985.476|-0.0074921|0.0075531|-0.9758911
1469030985.497|-0.0087433|0.0222321|-1.0204773
1469030985.519|-0.0112152|0.014679|-0.9886017
1469030985.541|-0.0256653|0.0516052|-1.0962067
1469030985.561|-0.0034943|-0.0040131|-0.9880219
1469030985.581|-0.0079041|-0.0180206|-0.9037323
1469030985.602|-0.0111542|0.0401459|-1.0818176
1469030985.623|-0.005661|0.0193481|-1.0327759
1469030985.643|-0.0119934|3.05e-05|-0.9367065
1469030985.665|-0.0097198|0.0288544|-1.0424042
1469030985.691|-0.0152588|0.029892|-0.9821472
1469030985.707|-0.0235291|0.0057373|-0.9714355
1469030985.728|-0.0111542|-0.0278015|-0.8567505
1469030985.75|-0.0061951|0.0366821|-1.0839691
1469030985.77|-0.007431|0.0288696|-1.0551758
1469030985.792|-0.0132294|-0.0031738|-0.9213715
1469030985.812|-0.0071564|0.0232849|-1.0431671
1469030985.838|-0.0098419|0.0149994|-1.0115356
1469030985.854|0.0117493|0.0245667|-1.1430969
1469030985.874|-0.0122375|-0.0130463|-0.9251862
1469030985.894|-0.0066986|0.0124664|-1.0004425
1469030985.919|-0.0130157|0.0498352|-1.0879059
1469030985.937|-0.0109863|0.0053864|-0.9584045
1469030985.958|-0.0082245|0.011734|-0.9902802
1469030985.979|-0.0102234|0.0278625|-1.0343781
1469030986.005|-0.0087433|0.0078125|-0.973999
1469030986.021|-0.0007019|0.0461273|-1.1675873
1469030986.042|-0.0105438|-0.0178833|-0.8722839
1469030986.063|-0.0149994|0.0089569|-0.9830017
1469030986.086|-0.0112915|0.0454407|-1.0789337
1469030986.105|-0.0088196|0.0011597|-0.9392853
1469030986.126|-0.0101013|0.0154877|-1.0110626
1469030986.147|-0.0124054|0.0232849|-1.0207062
1469030986.173|-0.0095978|0.0111542|-0.9645233
1469030986.189|-0.0008698|-0.0070496|-0.9691162
1469030986.21|-0.0032806|-0.0147247|-0.9138489
1469030986.231|-0.0015411|0.0620575|-1.1736145
1469030986.251|-0.0065918|0.0069122|-0.9960022
1469030986.273|-0.0089874|-0.0048828|-0.9320068
1469030986.294|-0.0114136|0.0359955|-1.0638885
1469030986.315|-0.0117035|0.0061188|-0.9598236
1469030986.336|-0.0041962|0.016861|-1.0254517
1469030986.356|-0.0166321|-0.0326843|-0.822998
1469030986.377|-0.0222168|0.0148621|-0.9803619
1469030986.399|-0.0155792|0.0535126|-1.0862274
1469030986.419|-0.009964|-0.0070648|-0.9230499
1469030986.44|-0.0099335|0.0110474|-0.9888763
1469030986.461|-0.0099487|0.0149231|-0.9971161
1469030986.482|-0.0104523|0.010025|-0.9777679
1469030986.504|-0.0109253|0.0252228|-1.0313263
1469030986.525|-0.0126953|0.0112915|-0.9758911
1469030986.546|-0.010376|0.016449|-1.0101166
1469030986.567|-0.0106659|0.0166626|-1.005127
1469030986.587|-0.0089874|0.0153809|-0.9968872
1469030986.608|-0.008728|0.0137024|-0.9945374
1469030986.629|-0.0099182|0.0154572|-1.0039825
1469030986.65|-0.0101776|0.0151825|-0.9985352
1469030986.671|-0.010376|0.0139923|-1.0020905
1469030986.692|-0.0116272|0.0147247|-0.9989929
1469030986.713|-0.010437|0.0168762|-1.0015869
1469030986.734|-0.0121155|0.0137939|-0.9976044
1469030986.755|-0.0079651|0.0149078|-1.0009003
1469030986.776|-0.0085144|0.0163574|-0.9994812
1469030986.797|-0.0104218|0.0161591|-1.0020752
1469030986.818|-0.0084839|0.0158844|-1.0016022
1469030986.839|-0.0106964|0.0166473|-1.0023041
1469030986.86|-0.0096436|0.0142212|-1.0030212
1469030986.881|-0.0107269|0.0171356|-0.9989777
1469030986.902|-0.0097809|0.0180664|-0.9980316
1469030986.923|-0.0094757|0.0166016|-0.9994659
1469030986.944|-0.0080414|0.017807|-1.0023041
1469030986.964|-0.0102081|0.0180969|-1.003006
1469030986.985|-0.0107269|0.0171356|-0.9989777
1469030987.006|-0.0113373|0.0133057|-1.0018616
1469030987.028|-0.0097504|0.0183105|-1.0027771
1469030987.048|-0.0099335|0.0144653|-1.0001831
1469030987.07|-0.0087585|0.0161133|-0.9975891
1469030987.091|-0.0096741|0.0139618|-0.9994965
1469030987.112|-0.0140686|0.0162506|-1.0023346
1469030987.133|-0.0111542|0.0159454|-1.0009003
1469030987.154|-0.0109711|0.0180969|-1.000412
1469030987.175|-0.0119171|0.0159454|-0.9999542
1469030987.196|-0.0114288|0.0166473|-0.9994659
1469030987.217|-0.0119629|0.0176392|-1.0001678
1469030987.238|-0.010025|0.0190582|-1.0013428
1469030987.259|-0.0114441|0.0176392|-1.000885
1469030987.28|-0.0101471|0.0151978|-1.0027924
1469030987.301|-0.0085144|0.0175781|-1.003479
1469030987.322|-0.0091553|0.0142059|-1.0006561
1469030987.343|-0.0101624|0.0159149|-1.0034943
1469030987.364|-0.0097046|0.0156555|-1.0009003
1469030987.384|-0.0097961|0.0190277|-0.9999237
1469030987.406|-0.0089111|0.0139618|-1.0035095
1469030987.427|-0.0089264|0.014679|-1.0032501
1469030987.448|-0.008255|0.0158539|-0.9992371
1469030987.468|-0.0087128|0.0151672|-1.0013733
1469030987.49|-0.0103912|0.0147095|-1.0020752
1469030987.51|-0.0116272|0.0147247|-0.9997253
1469030987.532|-0.0113831|0.0152283|-1.0009003
1469030987.554|-0.0110168|0.0190582|-0.9999237
1469030987.574|-0.0101318|0.0132599|-0.9999695
1469030987.595|-0.0101929|0.0161438|-0.9999542
1469030987.616|-0.0099182|0.0151978|-1.0034943
1469030987.637|-0.0124207|0.0178986|-1.0018311
1469030987.659|-0.0113678|0.0152283|-1.0032501
1469030987.679|-0.0086975|0.0139465|-1.0001984
1469030987.7|-0.0106659|0.015686|-1.0025482
1469030987.721|-0.0109711|0.0185852|-1.002533
1469030987.743|-0.0125885|0.0150146|-1.0009155
1469030987.763|-0.0099335|0.0151825|-1.0004272
1469030987.784|-0.0113831|0.0144958|-0.9999542
1469030987.805|-0.0104828|0.0175934|-0.9989777
1469030987.827|-0.0094147|0.0151825|-1.0032501
1469030987.847|-0.0126648|0.0174103|-0.9999542
1469030987.867|-0.0109406|0.0166473|-1.000885
1469030987.889|-0.0116272|0.0157013|-1.0034943
1469030987.909|-0.0106964|0.0168915|-1.0018311
1469030987.93|-0.010437|0.0161438|-0.9999542
1469030987.951|-0.0088959|0.0134888|-1.0037537
1469030987.972|-0.0106506|0.0142365|-1.0001831
1469030987.993|-0.0095062|0.0173187|-0.9968719
1469030988.014|-0.0124512|0.0186005|-0.9992218
1469030988.037|-0.0102539|0.0187988|-0.9985046
1469030988.056|-0.0092163|0.0166168|-1.001358
1469030988.077|-0.0102081|0.0161438|-0.9975891
1469030988.1|-0.0100098|0.0173492|-0.9980316
1469030988.121|-0.0118713|0.014267|-0.9997253
1469030988.141|-0.0097198|0.016861|-1.000885
1469030988.162|-0.0079803|0.015625|-1.0025482
1469030988.183|-0.0104218|0.0168762|-1.0037231
1469030988.204|-0.0113831|0.0157166|-1.0039825
1469030988.225|-0.0091553|0.0132446|-0.9990082
1469030988.246|-0.0108948|0.0144958|-1.0020752
1469030988.267|-0.0087891|0.017807|-0.998764
1469030988.288|-0.0089874|0.0175934|-1.0053711
1469030988.309|-0.0092316|0.0166016|-0.999939
1469030988.33|-0.0110931|0.014267|-1.0027924
1469030988.35|-0.0099792|0.016861|-0.999939
1469030988.372|-0.009964|0.0173798|-1.0039673
1469030988.393|-0.012146|0.0159454|-1.0001831
1469030988.415|-0.0091858|0.0144501|-0.9989929
1469030988.445|-0.0090027|0.0163574|-0.9987793
1469030988.457|-0.008728|0.0163727|-1.0030212
1469030988.497|-0.0096436|0.0142212|-1.0032501
1469030988.519|-0.0090027|0.0178223|-1.0027771
1469030988.542|-0.0113983|0.0154572|-1.0001831
1469030988.56|-0.0077209|0.0141754|-0.9992371
1469030988.581|-0.0093384|0.0209351|-0.9994354
1469030988.602|-0.0116119|0.01474|-1.0013733
1469030988.623|-0.0087128|0.0149078|-0.9992371
1469030988.644|-0.006546|0.0160675|-0.9989929
1469030988.664|-0.0118713|0.0149994|-1.0013733
1469030988.685|-0.0092468|0.017334|-0.999939
1469030988.706|-0.0119324|0.0178986|-1.002533
1469030988.728|-0.0090485|0.01828|-1.0001678
1469030988.749|-0.0119324|0.015686|-0.997345
1469030988.77|-0.0096741|0.0142059|-0.9994812
1469030988.791|-0.0093689|0.013504|-1.0037537
1469030988.812|-0.0109253|0.0166473|-1.002533
1469030988.832|-0.0123749|0.0157166|-1.0009003
1469030988.854|-0.0126343|0.0159607|-0.9997406
1469030988.875|-0.0099487|0.0168762|-1.002533
1469030988.896|-0.0131226|0.0159607|-0.9994965
1469030988.917|-0.0084229|0.0137329|-1.0028076
1469030988.938|-0.0118866|0.0152435|-1.0009003
1469030988.959|-0.0079498|0.0146637|-1.0025482
1469030988.984|-0.0101929|0.0166321|-1.000885
1469030989.02|-0.0101624|0.0151978|-1.0009003
1469030989.041|-0.0117188|0.0190887|-1.0013428
1469030989.062|-0.0093994|0.0154419|-1.0051422
1469030989.083|-0.0089417|0.0141907|-0.9997253
1469030989.104|-0.0106659|0.0159302|-1.0030212
1469030989.125|-0.0101776|0.0151825|-0.9992371
1469030989.145|-0.0104065|0.0146942|-0.9999542
1469030989.166|-0.0097656|0.0178223|-1.0001678
1469030989.189|-0.0111237|0.0142517|-0.9989929
1469030989.208|-0.010437|0.0171356|-1.0032349
1469030989.229|-0.0106201|0.0142517|-1.0025482
1469030989.254|-0.0082855|0.0170746|-0.9994659
1469030989.292|-0.0101776|0.0164032|-1.0037384
1469030989.313|-0.0085297|0.0163422|-0.9968872
1469030989.335|-0.0099182|0.015686|-1.0065765
1469030989.356|-0.0098724|0.0128021|-1.0016174
1469030989.376|-0.0099487|0.0168762|-1.003479
1469030989.398|-0.0106506|0.015213|-1.0030212
1469030989.419|-0.0091858|0.014679|-0.9992371
1469030989.44|-0.0113983|0.0161896|-1.0018463
1469030989.461|-0.009964|0.0166321|-1.0011139
1469030989.482|-0.0099792|0.0173645|-1.000885
1469030989.503|-0.0096893|0.0156555|-1.0027924
1469030989.524|-0.0101929|0.0168762|-1.001358
1469030989.545|-0.0097046|0.0158844|-1.0004272
1469030989.566|-0.0089417|0.0144501|-1.0011292
1469030989.587|-0.0106506|0.0142365|-0.9994812
1469030989.608|-0.0111084|0.0140228|-1.0023346
1469030989.629|-0.0108643|0.0135345|-1.0013885
1469030989.65|-0.0116425|0.0157013|-1.0016022
1469030989.671|-0.0106354|0.0154724|-1.0046844
1469030989.692|-0.009491|0.0175934|-1.0018311
1469030989.713|-0.0121765|0.0171661|-0.9982758
1469030989.734|-0.0101624|0.0144653|-0.9997253
1469030989.755|-0.0092468|0.0168304|-0.9959259
1469030989.776|-0.0130768|0.0142822|-0.9997406
1469030989.797|-0.0111389|0.0157166|-1.0039825
1469030989.818|-0.0083008|0.0194855|-1.0037079
1469030989.839|-0.0082245|0.0144196|-0.9992371
1469030989.86|-0.0111542|0.0157013|-1.0023193
1469030989.881|-0.0097656|0.017334|-0.9980316
1469030989.902|-0.0121002|0.0149841|-1.0004272
1469030989.922|-0.0106659|0.0147095|-0.9999542
1469030989.943|-0.010437|0.0164032|-1.0009003
1469030989.965|-0.009964|0.0161438|-0.9997253
1469030989.986|-0.0113983|0.015213|-1.0001831
1469030990.007|-0.0106354|0.0137634|-1.0004425
1469030990.028|-0.0096741|0.0149384|-1.0016022
1469030990.049|-0.0121307|0.0147247|-0.9959412
1469030990.07|-0.0114441|0.0181274|-1.0018311
1469030990.091|-0.0126038|0.0149994|-0.9987946
1469030990.112|-0.0109863|0.0178528|-0.9997101
1469030990.133|-0.0124512|0.0193329|-1.0013428
1469030990.154|-0.0087585|0.0163574|-0.9989929
1469030990.175|-0.0100098|0.0180817|-0.9989777
1469030990.196|-0.0129547|0.0212708|-1.0025177
1469030990.217|-0.010437|0.0158997|-0.9985352
1469030990.238|-0.01091|0.0159302|-1.0032501
1469030990.259|-0.0108948|0.0144958|-1.0018463
1469030990.28|-0.006546|0.0165558|-1.0011139
1469030990.302|-0.0085144|0.0171051|-1.000885
1469030990.323|-0.0096893|0.0154114|-1.0004272
1469030990.345|-0.0094452|0.0161285|-1.0004272
1469030990.364|-0.0093994|0.0149384|-1.0032501
1469030990.386|-0.0099182|0.0146942|-1.0004272
1469030990.407|-0.0109406|0.0168762|-1.000412
1469030990.428|-0.0101471|0.0154419|-1.0032501
1469030990.449|-0.0070801|0.0180054|-0.9992218
1469030990.47|-0.0097198|0.0166168|-1.0011139
1469030990.491|-0.0094604|0.0161285|-0.9994812
1469030990.512|-0.0095215|0.0185394|-0.9982758
1469030990.533|-0.0121307|0.016922|-1.0032349
1469030990.554|-0.0089722|0.015152|-1.0001831
1469030990.574|-0.0101929|0.0158997|-0.9992371
1469030990.595|-0.0103912|0.0139771|-0.9992523
1469030990.616|-0.0092926|0.0192566|-0.9982605
1469030990.637|-0.0092468|0.0175781|-1.0006409
1469030990.658|-0.0119324|0.0171814|-1.0015869
1469030990.679|-0.0113983|0.0147095|-0.9971161
1469030990.7|-0.0099487|0.0168915|-1.0041809
1469030990.721|-0.010437|0.0173645|-1.0027771
1469030990.742|-0.0131378|0.0174103|-1.0006561
1469030990.763|-0.0107574|0.0193024|-1.0013428
1469030990.784|-0.0123596|0.01474|-0.9999542
1469030990.805|-0.0121613|0.0171661|-1.000412
1469030990.826|-0.0094147|0.0149384|-1.0020752
1469030990.847|-0.0084991|0.0165863|-1.000412
1469030990.868|-0.0108948|0.0157013|-1.0046844
1469030990.889|-0.0106201|0.0118408|-0.9980774
1469030990.91|-0.0103607|0.0139923|-1.0030365
1469030990.931|-0.0077362|0.0148926|-1.0001831
1469030990.952|-0.009964|0.0166321|-1.0020599
1469030990.973|-0.0089874|0.0163727|-1.0009003
1469030990.995|-0.0123444|0.0147552|-1.0020752
1469030991.016|-0.0128937|0.0181427|-1.0006561
1469030991.036|-0.0099487|0.0161591|-1.0013733
1469030991.057|-0.0106964|0.0161591|-0.9989929
1469030991.079|-0.0094604|0.0166016|-1.0006409
1469030991.1|-0.0102386|0.0183105|-1.0006409
1469030991.121|-0.0115967|0.0137939|-1.0011444
1469030991.142|-0.0116425|0.0164337|-1.0025482
1469030991.163|-0.0118866|0.0154877|-1.0016022
1469030991.184|-0.0089569|0.0139313|-0.9964142
1469030991.205|-0.0101471|0.0149536|-1.0013733
1469030991.226|-0.0093842|0.0147095|-1.0049286
1469030991.247|-0.0126343|0.0154877|-0.9980621
1469030991.268|-0.0110931|0.0137939|-1.0030365
1469030991.289|-0.0106964|0.0156708|-0.9999542
1469030991.31|-0.0140686|0.0160065|-1.0020905
1469030991.331|-0.0104065|0.0156708|-1.0030212
1469030991.352|-0.0129242|0.0183716|-1.0001831
1469030991.373|-0.01091|0.015686|-1.0025482
1469030991.394|-0.0109406|0.0166473|-1.000885
1469030991.415|-0.0109253|0.0154419|-0.9994812
1469030991.436|-0.0124359|0.0186157|-1.0015869
1469030991.457|-0.0121765|0.0186157|-1.0032349
1469030991.478|-0.0092316|0.0175934|-1.002533
1469030991.499|-0.0103912|0.0149536|-1.0018463
1469030991.52|-0.0091553|0.0137329|-1.0006714
1469030991.541|-0.0114136|0.0166473|-1.000412
1469030991.562|-0.0101318|0.0147095|-1.0027924
1469030991.583|-0.009491|0.0171051|-0.9992218
1469030991.604|-0.0113983|0.0149689|-0.9975891
1469030991.625|-0.0099182|0.0147095|-1.0023193
1469030991.646|-0.0113831|0.0149689|-0.9992371
1469030991.667|-0.0106506|0.0147247|-1.0018463
1469030991.688|-0.0123901|0.0159454|-0.9997253
1469030991.709|-0.0115967|0.0149841|-1.0027924
1469030991.73|-0.0097656|0.0187988|-1.0010986
1469030991.751|-0.0099182|0.0149384|-1.0004272
1469030991.772|-0.0112|0.0166473|-0.9980316
1469030991.793|-0.0079651|0.0144348|-1.0020752
1469030991.814|-0.009201|0.0154114|-1.0001831
1469030991.835|-0.0101624|0.0159149|-1.0032501
1469030991.857|-0.0126648|0.0174103|-0.998291
1469030991.877|-0.0104523|0.0171356|-1.000885
1469030991.899|-0.0079498|0.0149078|-1.0030212
1469030991.92|-0.0065308|0.0158234|-1.0006561
1469030991.94|-0.0086975|0.0139465|-0.9999695
1469030991.961|-0.0128937|0.0183868|-1.0034943
1469030991.982|-0.0097656|0.0178223|-0.9989777
1469030992.003|-0.0107422|0.0193024|-1.0027618
1469030992.024|-0.0134125|0.0174103|-0.9968872
1469030992.044|-0.0019836|-0.0130615|-0.9639587
1469030992.067|-0.0081024|-0.002121|-0.9624786
1469030992.087|-0.0102386|0.0270538|-1.0639496
1469030992.108|-0.0082397|0.0293274|-1.0450134
1469030992.129|-0.0102539|0.0014496|-0.9428406
1469030992.15|-0.0112|0.0278931|-1.0348511
1469030992.171|-0.0104065|0.0125122|-0.9919281
1469030992.192|-0.0106812|0.0198517|-1.0152893
1469030992.213|-0.0198364|0.0351715|-1.0048218
1469030992.234|-0.0245972|0.0015259|-0.9440613
1469030992.255|-0.0117645|-0.0239868|-0.8529358
1469030992.276|-0.0085144|0.0289917|-1.0757446
1469030992.297|-0.0128937|0.0379486|-1.0662384
1469030992.318|-0.0132446|-0.0043945|-0.9147644
1469030992.339|-0.0107574|0.0354462|-1.0553741
1469030992.36|-0.0080566|0.009964|-0.9737396
1469030992.381|-0.0119324|0.0159302|-0.99617
1469030992.402|-0.0111389|0.0196228|-1.0138702
1469030992.423|-0.0089722|0.0119781|-0.9883881
1469030992.444|-0.0106812|0.0178986|-1.0079803
1469030992.465|-0.010376|0.0125427|-0.9978485
1469030992.487|-0.0102081|0.0188293|-1.0053558
1469030992.507|-0.0119781|0.0176239|-0.9959259
1469030992.528|-0.0118866|0.0157166|-1.0027924
1469030992.55|-0.0080261|0.016571|-0.999939
1469030992.571|-0.0110779|0.0128326|-1.0023346
1469030992.592|-0.0106659|0.0154572|-1.0020752
1469030992.613|-0.0082397|0.0144196|-0.9978333
1469030992.634|-0.0133209|0.0147858|-1.0009155
1469030992.655|-0.0096741|0.0139618|-0.9992523
1469030992.676|-0.0094299|0.0154114|-1.0006561
1469030992.697|-0.0118408|0.0150146|-1.0049286
1469030992.718|-0.01091|0.0139923|-0.9978485
1469030992.739|-0.0113678|0.0140076|-0.9997406
1469030992.76|-0.0092163|0.0161285|-1.0001831
1469030992.781|-0.0125885|0.0142822|-0.9987946
1469030992.803|-0.0106354|0.0149841|-1.0039825
1469030992.823|-0.0121155|0.0140076|-0.9973602
1469030992.844|-0.0096893|0.0151672|-1.0006561
1469030992.865|-0.0098877|0.0139923|-1.0025635
1469030992.886|-0.0111694|0.0169067|-1.001358
1469030992.907|-0.0111084|0.0132904|-0.9985504
1469030992.928|-0.0113983|0.0159454|-1.0013733
1469030992.948|-0.0102081|0.0163879|-0.9994812
1469030992.969|-0.0098724|0.0142517|-1.0058746
1469030992.991|-0.0085144|0.0170898|-1.0006409
1469030993.012|-0.0087128|0.0146637|-0.9987793
1469030993.032|-0.0101624|0.0161591|-1.0030212
1469030993.054|-0.0114288|0.0168915|-0.9985199
1469030993.075|-0.0094604|0.0163879|-1.0016022
1469030993.096|-0.0085144|0.0161133|-0.9980469
1469030993.117|-0.0093994|0.0146942|-1.0034943
1469030993.138|-0.0111237|0.0152283|-1.0030212
1469030993.159|-0.0126343|0.0169373|-1.0009003
1469030993.18|-0.008255|0.0158539|-0.9999542
1469030993.201|-0.0102844|0.0204773|-1.0003967
1469030993.222|-0.0093842|0.0127716|-0.9994965
1469030993.243|-0.0109406|0.0171509|-1.0027771
1469030993.264|-0.0121155|0.0142517|-0.997345
1469030993.285|-0.010849|0.0128021|-1.0006714
1469030993.306|-0.0097504|0.0178375|-1.0020599
1469030993.327|-0.0096436|0.0132599|-1.0023346
1469030993.348|-0.0128937|0.0164337|-0.9966583
1469030993.369|-0.0099335|0.0161591|-1.0027924
1469030993.39|-0.0087585|0.0171051|-1.0011139
1469030993.411|-0.0099792|0.0176239|-1.0039673
1469030993.432|-0.009201|0.0158997|-1.0020752
1469030993.452|-0.0128784|0.0179138|-1.0030212
1469030993.473|-0.0109406|0.0161591|-0.9994812
1469030993.494|-0.0097809|0.0180511|-0.9966278
1469030993.515|-0.0124512|0.0181274|-0.9975739
1469030993.538|-0.0118713|0.015976|-1.0058746
1469030993.557|-0.011261|0.0190735|-0.9980164
1469030993.578|-0.0131073|0.0154877|-0.9999695
1469030993.598|-0.0097351|0.0171204|-1.001358
1469030993.619|-0.0079651|0.0132141|-0.9976044
1469030993.641|-0.0120239|0.0106506|-0.9997559
1469030993.66|-0.0126648|0.0179138|-1.0020752
1469030993.682|-0.0111694|0.015686|-0.9992371
1469030993.703|-0.0084686|0.0154114|-1.0013733
1469030993.724|-0.0111542|0.015686|-1.0006561
1469030993.745|-0.0094147|0.0146942|-1.0016022
1469030993.766|-0.010376|0.0137634|-1.0011444
1469030993.787|-0.0129242|0.0178986|-0.9980469
1469030993.808|-0.0130463|0.0142975|-1.0032654
1469030993.829|-0.0123901|0.0154572|-0.997345
1469030993.856|-0.0123749|0.014328|-0.9616547
1469030993.871|6.1e-05|0.0193176|-1.0514374
1469030993.89|-0.0062408|0.0144043|-1.0051422
1469030993.912|-0.0129395|0.0132294|-0.9789429